79
4162 27327
1741 29832
5460 8200
8213 87658
9429 89992
3317 26467
9726 7958
6048 46600
9530 61473
3074 79775
8246 89770
9001 83718
2559 16807
1540 81898
5577 86530
8831 79569
8463 3384
3947 8913
4423 16315
508 89334
387 1392
9827 71008
8726 70962
8999 14850
4346 22061
4076 71588
7019 2980
6336 41890
3851 68747
960 81740
9546 87469
5420 12516
1097 96007
3695 3299
138 57163
6231 63571
2591 87455
8410 93590
9522 14427
7249 41342
7197 84239
6866 65875
2976 31258
261 43377
2298 37428
9055 72455
1860 71653
9727 11768
9204 27307
2961 26878
7181 45368
1845 54882
7593 71826
9798 43269
9775 22098
2066 76763
7544 85413
3672 96523
8018 80206
6593 45904
3547 21410
9163 47611
4515 90410
4602 49262
3182 58949
9077 68546
8364 97987
5668 22306
9056 89291
2684 86542
5595 11094
4108 92089
4673 35729
4293 29964
3978 41823
4585 15297
8108 4917
3379 27176
4693 7965