73
4277 74782
8910 68142
2532 67337
3376 48059
6614 98709
8228 94847
1951 2381
9853 42224
7383 64943
410 81527
1672 28495
975 64655
9631 95698
9708 88778
973 69908
5387 12300
3990 43650
3874 45582
2160 16097
9986 38620
7369 73925
2329 65240
9548 77050
3123 38133
3660 40319
2808 15388
1459 55558
9542 70122
6398 87766
6615 41456
182 18377
3228 28882
9033 88046
2 8009
3290 18696
4739 47585
7311 86413
4210 15963
6298 43591
3798 98860
803 45911
184 94876
9405 33677
2948 85545
4679 30609
734 87937
9605 74782
9742 71531
8250 46817
88 73471
4949 2590
7338 11593
2388 72172
3102 58954
5011 58132
9444 25623
8156 4181
2164 43736
6008 62371
376 44458
6013 41956
7370 64254
4622 76274
7805 97816
5221 93883
7601 6352
4783 19140
7581 80180
319 27874
4063 48612
3756 28607
4527 7221
5669 65211