77
176 7917
9757 71963
4086 59986
6534 33899
3903 7543
2736 35758
7505 45542
4349 77641
7941 90817
7466 63062
9607 762
7961 19459
4989 45881
4645 98449
6865 72922
3092 61110
7537 7532
102 60988
3471 64563
9213 49247
4569 52390
4839 18963
4407 89521
3133 51036
2499 89013
6702 20789
6348 39971
4043 65322
6211 3173
8886 2205
7478 35829
3377 47300
320 71812
6478 43529
2712 21141
3228 84169
5906 21311
8134 35638
2121 41134
6807 77813
2568 82594
7001 46113
3342 15854
2906 24486
5607 18490
3306 63078
7044 49570
2288 18776
9971 31638
6139 66436
8511 18520
8853 87656
4307 12448
1404 36694
6562 88539
5530 50547
2949 42120
1565 63994
82 53242
8866 14103
1729 3833
2905 48141
6428 24160
9244 67633
6964 34496
1109 74732
4265 11996
7413 30172
5763 70411
5058 86515
8630 73434
7015 77943
183 2439
4475 86881
1662 78247
3833 79710
2634 61760