82
6335 94589
269 31851
7703 83942
4050 65747
7233 57778
8318 63987
3158 22088
8683 48027
3494 28290
616 72657
8609 81744
847 94125
1601 76659
8427 81563
9814 29954
9380 90780
7819 23176
2917 45828
9465 28067
3963 85661
9819 23687
9074 37795
8054 30873
4345 7751
7487 33973
541 30605
2435 78185
3500 525
8576 10487
5243 3925
7222 51031
9163 41669
1511 23890
1898 31825
5929 97128
1251 83843
697 66091
621 13527
3443 32802
3163 80382
1221 3975
6300 92155
1185 96073
9399 94729
8183 40683
7705 64722
1737 44995
8013 53177
8163 11292
7090 9426
9967 90548
2336 325
2747 10015
319 84430
4547 43906
5703 77216
8065 79321
3308 1309
7743 43345
4123 64831
9035 21838
1408 60403
1851 28711
1863 71993
1965 99333
3168 66181
377 32264
5170 84321
6000 92130
1230 25449
824 49561
4543 24333
7590 38473
7221 69970
2247 44704
5436 31826
7669 11169
4641 18967
8369 27266
4161 67108
8165 96077
815 20140