88
6995 82883
8953 83122
2961 16903
725 6315
4261 73689
929 91805
4937 42910
6558 1879
3124 30221
8953 79612
9658 99187
1917 6050
960 60625
5173 8660
3746 83581
1476 6545
2515 22397
774 4426
3156 59151
5604 76615
9052 62308
744 45891
6190 76416
2965 23212
831 64444
6388 58948
538 83588
5683 99842
1822 81562
7350 43538
6066 7153
1965 29201
728 92562
4276 25266
7559 89050
6378 4187
4312 65018
3600 96136
5491 59574
4701 86823
4790 99655
9768 11483
6870 74169
7329 52314
5165 98541
7157 83887
6132 26680
1085 90904
968 77923
8603 13768
8504 297
3412 7623
5052 73532
9565 46861
3668 35967
1065 22762
8222 16141
3921 9794
2261 70257
4385 1961
4876 20908
7620 41771
8119 29811
2406 10887
9974 31566
9266 57966
194 97434
7897 43913
5768 36232
3323 95217
8285 95900
1739 2005
1561 79470
1859 44695
3021 48940
6610 9199
1254 27127
1659 10951
2048 37889
2718 8989
1200 76789
5283 4
8548 73839
6647 78819
205 66944
878 39828
4843 16652
8481 26054