90
5488 27878
2932 3908
3180 64390
3302 22906
4639 61200
7193 29328
9866 53805
2276 29914
232 69085
2835 14786
1965 75121
2033 27235
7923 51154
9633 30832
6132 29305
9314 22539
8288 71925
3465 74254
8543 19368
9891 31174
1192 91082
2151 25938
9862 52901
6363 41128
168 37719
5126 36625
1386 59379
6582 86376
1704 22784
6548 96320
1574 68568
7462 37723
893 54699
5462 24307
4099 40410
6258 81684
3414 41180
985 4192
5872 42652
5950 42218
1116 27896
9905 50075
6404 46788
8342 38289
2317 36741
5076 12603
2563 40855
5959 61406
6353 48904
184 96339
8301 35578
2391 61702
9212 31941
3740 3449
2904 96210
8275 57823
9510 7713
7849 50913
9982 43076
5474 59580
9624 20450
60 67937
7750 76853
8391 85940
756 58764
8908 37070
2025 78506
9553 63772
6191 38565
8798 99261
6040 48935
6261 16039
8158 1489
9156 92130
807 85683
4278 26187
2264 59957
6887 7283
9958 96402
3078 72158
2257 19799
3161 62085
7263 74985
7635 60116
1398 23036
1165 99500
8702 604
115 82882
4550 60264
3302 41374