67
4226 60606
9296 5076
4769 99778
508 52433
8620 72902
5985 76985
5404 89160
357 38184
1049 21213
5522 67723
3432 19755
8889 59266
12 74192
9847 13093
1694 64985
1344 48540
4415 39020
4599 76198
1086 82687
151 1395
9939 31774
8805 14058
6030 54345
4093 74852
8650 55827
7264 30063
1293 48740
5371 86859
1130 82648
77 70768
4904 15711
2523 7719
2082 18939
461 57773
2841 90564
6896 14579
8194 25671
2508 78496
1262 9731
5172 36813
9445 4267
9757 56328
7618 77127
1971 15570
6826 55218
5380 44129
1017 54557
3010 80767
7021 11659
2792 95912
981 5779
7029 42736
1723 9250
434 80699
5644 31382
4669 46915
4760 80611
8638 34998
3827 52306
6823 83222
5616 60893
1798 42871
5177 35605
2165 30884
7191 50620
6309 18586
9700 67851