81
6782 32801
5136 49004
6992 40848
8896 89638
4866 84920
9841 29780
3883 88066
8892 88280
4543 40556
5800 4107
6861 3817
546 29976
8476 68829
828 49759
4613 28129
2221 21811
9280 40005
7896 41564
963 6473
4925 23062
435 81987
1667 50288
8653 17276
5363 69967
7724 67987
5242 67816
1362 23000
9229 1865
8113 87154
7498 56432
2249 99162
8556 91666
9532 80670
8546 68566
4876 31839
5357 19672
5059 27923
9215 24454
5041 71587
565 76710
5886 89710
7065 10126
2890 75301
8234 16267
3616 79757
5964 65787
5142 54208
5272 64563
8323 79404
8936 80697
8426 81042
7286 12042
8486 44808
9685 75414
3932 39256
5780 18879
8208 55743
5017 2910
469 42926
8899 49118
5684 91885
8647 34431
5999 5555
1980 96180
8347 69999
7087 46597
1582 68098
2659 47182
4701 45731
5684 41982
7275 27609
4732 62713
4483 27173
453 32119
6849 28405
4032 55491
102 61170
5302 33436
2386 92275
2265 67319
3480 98439