56
8671 66604
3424 65488
4395 89309
8968 54201
8707 13236
7512 37825
6872 64840
5726 40986
5969 45381
7019 41129
8443 20491
2359 94761
8987 35214
805 29894
8054 6036
4889 69251
7677 20570
2477 99508
5690 74576
9737 37284
7270 32792
92 42353
1066 39403
2236 2059
4032 70932
1342 50904
9505 49522
8722 81907
3928 13786
5067 84009
8633 55091
1352 83418
1400 7961
2820 24766
6465 72379
5551 32221
6643 24029
958 28694
478 24055
5202 91321
5252 72467
5313 47789
783 31571
9651 53163
8994 57288
8562 22112
3050 72732
1561 16399
8560 39530
815 65933
6595 25056
8302 1411
5906 9380
1886 41552
4657 8236
7565 84549