95
5099 37350
9583 42733
3447 43246
6826 84944
4167 8693
3530 66639
944 25976
8517 97571
2185 13614
4247 83130
5712 66620
9626 29493
8166 82015
4462 96618
2516 63847
9683 16738
6962 10614
7021 17436
4614 93764
8461 99016
1784 81662
4578 54637
2433 49507
9091 98501
3479 54822
4912 24091
6833 57679
1042 18420
6729 50298
7993 56547
8831 5238
5659 93746
3597 56998
2481 98624
6350 60772
9612 3614
9183 29241
5744 32977
1666 46823
1872 21715
4852 21599
3468 53714
221 23179
935 57808
892 4357
9234 49793
9785 31262
6042 93232
8110 60408
1798 22234
3314 59212
4663 94993
875 76741
4129 1338
3716 14179
8722 14640
1468 74138
1803 14815
3994 68240
3892 74505
6872 8162
378 3589
4413 38111
7683 83035
657 27148
9346 94569
394 38814
4858 6433
6631 77251
530 44424
1012 44314
204 56921
7582 23542
9638 16896
2077 11423
3874 18944
3990 62320
4562 95981
355 85018
3930 89395
6648 3648
5567 49965
8106 86809
7713 45454
4827 14258
5278 38972
8187 78665
2264 41327
9078 43923
7155 97943
6077 77078
4788 66868
7655 98224
472 68155
6694 59374