862
60771 462502
55023 323870
74636 57593
10226 181234
8926 10324
18792 429266
48475 257555
28704 214577
43330 102755
20637 415127
78479 387237
93947 98112
72920 153391
39785 28123
95224 326378
86517 497197
74138 249525
55094 216363
1544 26816
53358 117827
69163 485618
88211 420084
86876 134276
67373 186608
60268 85892
35458 462689
66138 87923
88470 335618
26908 122951
96215 333762
32999 227434
66045 87461
76544 394233
41232 31554
70807 158693
64158 160613
86878 368790
33142 463055
47156 410179
66603 277361
73620 24283
30468 192853
83682 36255
89897 213333
6967 470917
34950 32578
15248 279383
6729 310334
29360 405234
75637 100994
54396 278824
37578 125689
79477 459102
40695 184611
11817 42286
86117 169107
15713 495494
12377 106482
11941 486824
86329 478298
53071 81512
21914 89467
39193 490033
32853 117913
6164 276480
73989 286603
68196 244071
54652 176926
53768 426220
88964 378545
30191 398439
6934 178423
58764 90280
72868 38360
74608 264366
71774 443407
29276 18577
4012 98285
87767 304345
26322 322997
12495 21764
35288 296702
72235 77956
91287 357972
3873 258527
29978 287064
92941 125261
46528 464411
6902 7934
94385 408807
77535 203153
88463 398646
75035 179742
19922 250265
95400 355565
30326 172370
34169 107549
37541 465402
73207 445310
48195 406364
56923 268151
48157 42232
21935 479489
74717 242049
35364 162697
56604 120287
91315 281010
97698 60942
75005 372977
65820 113309
82109 21743
56296 401552
389 138763
29389 174239
60896 158837
53200 175605
73124 313108
68829 323313
44426 53313
33648 272520
33670 24586
21008 152609
31874 426320
98268 394392
67009 388809
92575 153211
75932 221791
30877 455440
34388 214798
25074 175693
59562 249514
84728 203807
41554 332279
44019 108676
34478 322799
36549 490672
64994 45728
17181 195532
99076 78763
89419 20306
86969 247078
88159 458963
21108 85851
49951 31633
39807 211047
16876 400165
67718 158332
77519 428122
88733 56127
89950 354032
91533 366538
16130 441370
19893 340043
72172 320416
17674 265028
88964 413726
1739 323145
9964 346723
98764 305349
43110 124947
2476 445781
71197 282246
27907 452875
97609 7526
23285 478636
22332 69397
6754 107923
88789 87013
64723 396812
19611 209758
12104 120153
33432 81787
65627 181329
6899 95757
52200 329372
33717 143639
8244 183512
55226 471568
43387 288567
25225 348516
17161 9311
18772 494963
61767 461288
9863 446801
15945 239874
82667 278788
69632 321004
41587 426506
98019 90782
43793 326640
22234 165056
91829 330587
1412 42608
60001 96419
66258 351809
49542 215123
71512 228022
38363 437323
54742 291691
95548 308510
87427 372077
34712 24404
99090 174588
49705 135913
29927 273040
36108 425932
30166 151602
36955 292449
814 178334
43544 256704
46226 122247
24604 60371
73626 118963
97120 158108
94305 34651
63076 38765
35752 57805
88721 299246
23419 63754
96304 198138
1422 92840
77108 193090
15504 389104
11373 451176
76008 193217
25148 374246
37879 201644
21796 223365
55314 47318
68009 333926
60780 392729
92274 16637
8237 350178
80175 199632
6938 467733
29047 15164
43714 443173
28195 34257
53411 33052
67222 398225
46005 266105
46637 314581
60011 50541
85043 496360
9588 392349
32895 489129
99788 116419
98445 436430
46947 249453
56775 126876
73849 241564
9249 77264
95340 434535
37173 143449
18393 478485
58988 124251
97379 433702
67370 496141
92337 347467
48124 319100
39112 241962
26953 98790
41170 384731
81723 309440
35995 325581
99546 351345
35557 438850
96323 350996
28215 202350
71312 208954
70281 114300
96039 398534
34542 101417
19676 491151
5427 493927
23378 176065
21739 443836
98093 430044
94948 415872
91036 241139
29447 351394
23528 468175
57256 461540
13678 254666
58764 196699
3131 381364
92381 159888
9207 230354
87291 386753
26686 464601
93964 107168
99867 451959
11132 54515
10077 437035
67881 23155
24614 229224
53615 207661
80748 178038
52778 441796
65234 394225
17338 141836
91911 136392
16335 491153
3015 115231
20818 30478
83089 365774
93714 79158
19068 400671
956 112367
6763 446228
51558 419538
9382 499902
76883 195949
75944 175879
38964 235745
28664 69866
62338 155299
3003 166069
6034 157215
20508 498286
71222 387377
79407 383755
108 412138
55711 153240
85236 66193
70442 431573
6858 322399
56724 443062
14775 287650
76036 335937
85136 483835
42515 251475
73253 130208
69152 145820
68440 443226
36784 327006
70192 119528
87180 47954
33656 448603
43591 399586
13644 157720
97052 295568
94784 386905
11861 110094
4568 480972
50715 153668
92979 98674
10410 294062
44610 15521
57233 286811
85999 397315
94827 30767
75062 44821
68969 274625
2930 395977
34572 421694
90465 239876
17323 296900
7947 457760
64190 184136
55371 230027
22590 339761
8205 229639
24320 116122
17889 313000
30297 95540
42494 140057
77207 491649
29687 117463
83942 63130
6120 362740
43540 272971
30201 321238
78430 399282
12984 219669
10323 73635
79387 420416
62003 488998
91524 229049
86528 10808
66707 275892
14613 214598
20914 271644
59625 461301
88016 363183
83247 451453
55806 455613
40122 108521
87588 73420
49493 392152
32960 414807
84590 226175
2119 217162
40941 335429
75686 324808
65973 55974
89715 33958
4047 235057
28015 188045
78861 384010
48659 165883
87593 18600
33097 200610
73861 451192
62686 321544
15796 462136
66927 78790
14212 373725
37613 210890
72229 96174
73047 435284
81368 160966
70908 322492
64682 119190
61134 164299
72044 283616
57649 279677
25971 477629
56730 12582
13766 392600
31614 26025
90136 428401
55854 260898
24883 320860
52232 113278
92434 210431
58113 77566
1532 58231
88581 194424
95443 487635
6398 340502
95738 313144
43727 211284
49437 120123
10281 197830
13347 287082
18522 88240
9437 381092
39149 300236
25957 75356
5171 256680
81291 335386
13725 34981
32262 465146
64675 405369
92494 310442
18558 466638
83968 237456
91713 477537
8001 294179
3390 228995
82249 249805
48795 391420
69928 106607
62510 350915
71702 8349
31600 324231
42851 414206
61066 71497
2664 208813
76516 445663
32048 144987
11723 372019
48950 172010
73358 438914
81536 29331
94539 115294
80064 412961
93464 145325
74679 181908
43978 227175
54354 337184
89632 389275
46120 108907
67196 185931
58873 202706
85975 484523
3318 362468
58574 390182
38004 250309
27200 87001
40618 269069
35592 277878
38693 315143
38064 55587
53754 60146
70601 252440
10337 176035
16305 129317
7553 441249
18818 6409
29571 167592
8255 291356
61346 401991
37113 227846
95447 117186
34159 221989
25839 446128
63114 262860
33294 360062
27361 115582
35580 447882
36124 415703
47858 35305
94945 311459
8825 171617
80316 204933
73942 17167
53266 225234
60627 316995
42487 378003
38258 28480
89525 456839
59201 250845
52848 493342
88364 469894
88216 52767
60667 10491
96352 432963
65752 332047
20283 111575
72477 240938
67850 474590
70410 305544
55576 181421
87755 466680
66858 85006
17247 337630
40966 196605
50781 255314
32864 484814
9047 364735
39768 319525
84029 12964
69255 335836
14137 401590
75524 13441
87568 241372
26133 193525
10003 465906
26346 223086
913 288615
46750 362069
36478 457055
63641 4681
4254 178993
64976 66843
72128 226985
98582 364560
63979 270408
27295 227234
37548 350751
15812 335551
74759 429944
71872 451400
17177 460525
95850 54228
51553 86287
63314 408298
71720 393984
65776 65578
2392 62489
9838 408549
33902 459909
99391 3968
91529 408612
17923 254934
7234 371657
30261 408435
25207 445085
31943 84921
33203 106489
14322 152959
50197 252464
22169 62349
88516 186243
60380 301377
6509 142314
20567 351021
25553 149106
88654 462134
31715 91930
78778 421623
37312 3157
1930 459228
60593 205611
16849 463559
38150 364023
42518 485967
78185 348714
11331 76828
21399 272199
48577 51596
63392 420261
60780 331922
42899 463312
16306 85585
97379 197961
15233 405989
75803 465921
67086 38394
7814 405442
17999 363923
78213 480966
56328 278917
27568 18269
82402 294969
14824 260268
35708 38349
98296 484169
6759 420820
74260 356224
37817 418961
42045 318481
75943 314848
67195 431343
43138 24078
85317 22114
23092 411900
98251 438694
67410 308127
79747 479274
79508 328099
61087 456082
84015 481987
84031 153750
9823 172083
27377 152865
67731 117847
19017 20402
51604 15657
28796 287678
69736 261206
17033 467916
59793 417633
576 262487
80321 402655
27245 4624
16051 286298
77413 7482
25974 373583
2140 295436
98187 447055
87307 107603
41459 55073
67409 475949
70278 35999
90074 127630
41534 165908
92395 190207
52817 384645
35157 403610
3624 284837
89929 436880
57876 444831
29236 280387
75271 162287
89115 315724
96651 395785
94884 292726
89620 217009
40203 609
74942 122658
26692 142144
67414 470216
95717 170075
21213 198629
83331 463790
61247 116495
27882 207912
10992 93008
35254 89677
58303 249637
13032 267989
69075 117664
84839 397194
75942 349255
10446 27662
81009 474834
59973 156851
32870 445872
21067 39201
10737 35715
22695 191955
49367 66431
30687 243482
79813 357839
38139 325657
57595 142640
98183 231559
1521 416597
42022 60848
15992 140961
10497 423924
62372 67984
37966 155495
24103 202222
69951 15471
32220 328638
69905 285545
1361 134804
93069 153893
49062 275099
33486 247589
26833 323569
4444 84418
27413 188582
58674 3335
22945 270049
95272 143540
55327 173883
58802 149308
296 136577
11581 279111
3473 178550
64368 253681
51765 2735
432 346217
40672 217013
49422 42387
13881 143782
64932 57607
57697 263189
26844 336655
66184 341670
54559 191885
72627 201011
72966 343475
77488 370793
75755 433896
11134 308587
41024 272842
20782 476462
6230 180263
92909 36604
14795 429410
91469 345617
77583 437
7355 82689
50247 164137
50179 431056
95628 253343
64049 118872
69429 340618
58118 254439
15901 185107
78265 57630
68655 243892
92907 16627
98728 423997
73972 175440
18608 454387
67241 150066
27512 288332
95932 350474
25722 128596
28477 160671
82892 2730
64941 421707
76217 435715
51453 308858
3257 162439
8079 46638
74225 112303
76116 161533
24407 290126
85362 412401
38337 55204
91978 397639
53301 496620
81530 328785
20368 378544
33320 10996
44812 283119
54688 191498
12410 420062
25992 167298
4992 160996
42622 188955
75725 250236
61746 147052
48274 361559
46082 427679
49481 362135
16672 358290
68031 259126
92388 311797
96935 240061
84216 73006
40081 320717
81772 26232
25887 373817
79385 492959
80761 397226
3109 321189
43328 274394
66989 164417
97412 102393
58832 455419
46407 61100
33856 206385
30974 495944
32903 169206
28194 96315
22357 39021
65258 297892
9217 483506
3044 304086
13703 188241
24624 8377
43193 328173
16946 75465
41174 478139
99099 130901
91835 378052
7515 480737
83539 388551
7911 176292
5284 218452
34671 370315
11303 266066
73515 374196
27069 62778
12357 75380
80425 179225
76279 231218
75247 355794
39010 264041
19851 334714
84078 261226
45341 264666
68651 37624
94855 480049
76294 361482
53156 205263
63090 393004
51625 86651
98965 415422
23758 277422
68284 479924
26723 183222
83158 152468
95671 124692
4108 20379
90798 60446
69023 106168
64510 453534
17276 162192
20983 45521
43860 119864
30645 75400
64781 23518
20839 248010
55007 457089
3986 186224
85832 450612
73558 215880
7862 478143
31977 216372
27293 271998
55988 145096
5227 405728