473
52433 361410
31692 233645
5546 79908
84098 193787
93200 308818
83569 85893
6944 367234
33755 370332
80210 136926
30323 80002
69496 397507
78778 403920
8853 470563
58241 489585
85129 223491
6296 347941
80460 465725
32491 85695
17258 452543
22394 324999
96935 352075
52016 354713
75459 13589
92501 204613
7323 395112
77989 68237
50833 3169
74975 453545
98568 8690
41263 166214
75733 156641
42069 374723
43829 51878
16006 28466
61889 221456
40959 349
92873 310369
62931 414559
75961 334541
46443 113287
52131 397375
9335 277593
26985 297333
61432 45676
65007 457567
69483 285068
61480 108964
76195 195769
66735 316828
4433 208263
7850 148407
17271 56157
36465 257652
17298 107062
3371 159595
12315 177410
10031 28292
91200 369606
85323 351134
47525 330392
98066 258793
11673 81796
13878 123564
83552 204170
39972 441664
79429 9789
81917 37618
81930 283397
40698 416261
13203 252510
33213 359502
64936 69143
52342 132470
45919 75028
87306 201692
55461 229485
75792 49616
61617 342701
14112 196153
83949 129907
71589 120720
54586 51604
96424 240131
67393 83191
77776 155795
66719 278583
95794 390902
38479 433893
25569 147093
1786 165444
46997 44207
49431 461323
646 390933
14093 338247
13187 123660
65068 175542
42621 40270
23755 107116
24620 472169
35256 253874
88048 34558
59081 157986
76437 379171
97019 157388
90949 113506
42555 123477
18870 56440
50104 249715
89257 62263
95535 46546
84747 101860
6400 311058
10271 246105
16824 228486
36353 397508
49235 358838
31567 147526
83921 465470
93012 291510
20727 208013
26079 265244
7800 346087
78073 493878
82161 103300
60233 446966
98095 205454
17919 132705
7592 196391
50669 358225
28278 333889
6540 448213
40662 390691
58411 351788
19318 443531
35417 466606
80443 237223
38508 47107
26709 120922
37232 283721
80253 241118
241 7282
60420 445052
32327 166467
76245 385653
70957 76727
90688 268381
57704 487770
8448 332154
49685 107823
53200 52329
69458 308203
41774 396666
24060 378519
55262 275631
55703 89713
39305 132449
76514 245579
12265 197499
63018 492523
72319 4189
91286 468202
13831 350970
78996 111733
10880 383258
76875 20143
44480 10169
63934 462125
70308 417702
16579 52824
15849 123877
48905 239855
53172 232462
59586 275938
58451 70251
2453 80472
20442 20574
92026 165866
79383 442969
22334 102822
95209 487971
24507 115533
7114 228378
79222 470453
85827 173612
16222 148007
25942 215132
8132 18178
32253 355779
66439 17078
87910 187757
56441 220330
91906 355896
75002 102775
99824 104600
56549 467179
28065 81878
9861 423879
67877 64940
61292 160513
49180 420266
88695 368067
39058 306293
46034 5386
61913 462179
74734 470792
99566 118656
88862 319522
54158 415019
25332 166642
70804 385177
66298 228326
48927 8882
81332 224895
83536 186479
10109 128851
21901 99458
36503 44364
88059 90990
60196 191751
20409 157803
82030 184374
83189 243076
3549 26910
76688 264024
30338 468506
42650 202332
27020 96982
38752 430423
22891 207348
8110 249796
6722 231083
26153 29940
16699 58947
75023 107369
24610 1754
51366 86460
76294 227650
45187 214905
39119 433664
83288 74398
98076 322223
83713 325247
1068 38075
788 151173
92706 226823
38452 158250
78306 459879
88285 101214
41132 58662
16869 460710
37588 273410
82999 91991
60360 63979
37917 415775
26345 134632
19290 27421
69760 417777
68558 186916
62551 419286
24006 95228
72579 369206
60303 302401
1359 138921
18910 331394
94113 403703
4794 135459
92436 276607
18352 331387
71519 351953
24094 279031
5845 230228
38365 69237
1729 382337
72356 457994
77417 80806
40429 303197
31889 247843
32089 150121
60925 354064
75245 301343
84602 1494
37744 196962
30784 45073
43329 346153
11435 258485
89006 377280
78604 357478
25416 476391
68343 282174
59797 225873
56248 23691
40102 382791
73620 261678
92130 288259
11466 154397
28581 290549
71750 9377
66765 40066
89402 163033
73185 149407
639 337334
33917 178202
37680 161565
34478 426098
22127 46984
69548 286042
90358 19013
7218 357754
80821 76789
62841 375630
13223 467246
73647 81637
39545 171258
55405 270915
39890 170070
53704 197567
49333 400116
19734 415398
50796 362329
23602 470774
6186 90815
93632 94596
21961 83444
7118 275671
99589 311258
3721 359626
7761 296869
80819 295214
70187 471040
8412 406693
56924 111368
65767 212680
36414 19727
48422 224802
15939 489018
77091 31475
27367 172548
40056 314127
35244 133337
586 176284
47938 450108
51337 104151
22254 155617
73003 360656
37485 46099
83672 348041
46761 1295
80760 100507
82771 365512
43856 250768
16977 5889
67323 425610
85998 29430
55140 375771
36075 242803
69065 280459
60579 494715
71381 122774
74419 166882
18109 408875
85680 427796
16084 151694
46539 81676
28318 438742
54834 129437
79042 393584
24671 366893
85488 17594
18400 281301
51383 215017
17796 309218
94847 386403
2173 1079
93823 36454
58283 223209
43523 171391
76812 209089
72221 243636
2887 212478
57189 435291
69554 299024
97874 435648
21237 376894
85690 94083
1743 430945
42407 45720
64543 243943
60972 285189
45619 101169
81289 70279
87728 151893
43882 70509
82784 175516
73491 71963
30334 459877
40789 212777
84070 496449
23558 216898
10892 384661
67232 208870
29221 18907
67062 149896
33388 494785
63895 351216
7145 455304
19617 228697
13714 324230
2792 271252
13347 170981
80820 131300
70772 442817
19723 165952
2668 277070
56518 338197
93900 109008
74327 144801
19751 279874
72164 205721
13263 146096
51604 15652
28982 83196
27124 317469
96408 225372
27133 30805
23837 488794
60140 473038
31059 394675
65007 441249
84160 41433
25156 123609
4454 100113
12528 423766
43648 346742
82630 406315
17033 107124
77580 246977
81386 234765
99789 252850
92395 290136
35720 18382
87135 323357
2597 194681
52407 302170
90172 1035
52024 359009
29122 331663
72778 152344
5078 360420
37118 343959
29011 65919
26426 171917
49472 308103
51133 312988
73062 150936
20361 101305
88146 93345
63598 462605
72944 204614
68395 283030
79356 17278
93502 98086
10875 380821
85828 282115
50642 378316
95500 359910
10733 49940
23693 327452
52007 126199
72529 209256
40098 260559
91600 241983
26009 402061
66530 130570