630
24699 388756
3622 330253
2915 469869
34448 53385
7530 420180
31413 235799
30742 31584
19112 432443
51281 449727
50069 425291
24374 385937
23647 312114
18707 224907
1147 455247
61348 245237
47826 27859
37631 296236
12942 117543
10630 322369
18523 22787
89599 118391
5823 388024
46040 27177
95981 68935
64793 122530
49066 183432
43931 154499
88351 245701
12048 148384
22 225147
35086 440067
1563 304672
51502 51432
64272 355095
50461 62175
91554 477629
84379 463982
8442 137345
62672 174124
3028 319107
76679 430535
21889 171132
31948 289279
52783 289974
59688 478185
6761 452816
33261 333836
46651 470971
84150 413351
34685 256575
61174 303785
18085 438871
12910 190104
22113 279184
26795 384907
62765 493231
61360 40880
47095 12392
99497 349351
5375 213255
57268 149444
5437 105515
11895 216497
89583 396390
1924 211754
12603 303582
22605 430943
19036 149711
98582 347381
51856 134183
66647 163141
3684 288617
28206 284412
76942 70571
72974 87578
84024 248439
43676 3059
14940 499438
70455 164817
30240 68544
23434 477615
73282 346997
7425 352447
33237 401575
87012 308006
65057 369478
67057 200315
30560 400947
89952 147275
78165 419109
88636 313400
53527 419559
85843 403445
27256 47512
58627 87692
16363 260521
46329 272184
26501 494755
62902 94059
97060 19646
13574 371081
60006 7947
91115 436267
51778 398412
44919 231358
70987 145590
10355 318273
6864 476310
63166 386250
10964 132905
46912 432610
66919 120738
41515 30212
41119 112712
78374 360066
79011 308629
33419 339616
19958 382680
34495 31415
21682 232180
63592 116243
60364 363039
99692 334198
9122 64580
5277 380915
45747 195681
11602 428755
8816 165482
84313 236916
23594 83588
66293 203204
17655 353098
46071 58090
61887 387340
94564 41886
70266 108171
66013 247564
11558 99871
54812 349622
40484 65233
37223 257519
24146 179585
86182 333664
86654 286817
74005 218022
4557 343287
19137 87794
92773 217791
28840 872
85502 474375
66401 128161
20608 70418
65005 49929
43390 42486
43594 13985
64039 322557
34555 206558
15467 91912
39872 356392
99763 106823
44812 402620
74375 197762
29692 370539
88210 120307
8835 186073
64949 478282
35396 455966
30142 206568
38143 40648
74190 54052
76061 431959
90563 294313
79870 161664
96529 209942
22574 233163
57320 16636
61548 358677
782 334116
28196 319535
51032 385127
87891 327004
31960 223732
97513 398615
32389 223757
42620 48267
21908 222858
22822 118425
22480 170260
27433 424470
28193 307083
88383 64650
58111 116577
2637 109874
56556 265917
63373 139198
35005 371641
4646 276372
88725 406757
12662 407563
73407 461441
91999 118641
42802 430342
9324 247398
78379 178622
611 305214
64263 342760
52536 206435
75279 318229
19204 350385
32103 467630
28618 38521
98588 196491
78607 54398
89341 228893
48846 188346
74312 421957
51307 324090
75312 378171
85843 459646
53658 472936
25844 478491
99034 232684
82830 272568
8113 124217
2796 377172
58974 33077
4822 398238
10205 444
62308 159068
8299 495452
52221 373349
18655 266808
70074 368455
59964 359974
79418 198689
99675 81937
61137 322442
93908 489879
90711 341225
12570 320107
16109 245658
28260 443060
53444 411983
73570 448909
16420 283757
10338 257155
5302 241867
95786 327130
12946 426582
68196 19304
43648 132688
49226 45817
27255 272140
68292 212457
11739 260084
86802 299501
63070 260324
75900 85514
43684 232172
24061 57116
21013 22673
77285 452145
19830 259308
16207 325740
78681 115817
84063 114690
85130 305642
97435 442944
38985 240738
5416 151747
32193 213691
30042 337502
67406 49232
73113 142520
32521 89875
36948 38955
20249 202760
47214 176454
10689 75816
34120 208332
49955 375680
982 307923
4314 276783
72250 104134
84789 237227
98842 11332
13922 31197
37663 39518
42003 94016
85355 454429
8991 335910
280 264921
72871 432307
66201 90403
8951 30016
48149 82236
7528 436985
50851 397980
761 330080
6786 430540
30732 31880
46339 269324
9997 270266
92143 84398
28234 255155
77825 454937
52027 217124
73630 249255
51540 445073
40734 452263
40178 136211
9847 96859
25413 324854
34952 327995
83364 50587
16703 35825
66394 478103
18580 269755
70804 396370
4929 12077
18925 154602
35184 33644
49815 452557
49609 105139
99132 351810
84411 275250
6462 347777
40473 324522
93995 190710
22009 149682
47195 377538
28801 304789
99898 306330
97402 407346
25563 256774
21669 244891
1035 325955
65314 291062
64480 465602
39378 286751
57069 112839
60817 330852
66018 31754
57267 390312
89880 260921
36758 18080
1878 28596
78575 374393
5164 490000
4871 122352
40993 444213
8820 218008
22387 51392
76717 393688
19005 382530
96524 313578
94283 152062
3512 50494
9817 249583
38277 70420
20212 218048
72694 159526
88310 396530
53483 465436
65788 186809
17006 335541
97010 21087
3272 478757
15188 374720
55335 210801
48269 369869
82802 252021
94645 336233
15955 461886
20372 378255
14271 139089
91808 26154
54680 470818
81493 3802
84011 6206
14435 396662
78851 497409
56318 25765
86956 347008
80483 146340
11922 470177
42610 378787
8744 391646
58600 273767
73773 443334
48682 491530
58087 39836
26493 434999
5301 110902
80934 153774
68824 340447
33355 428518
15430 337973
88600 180230
67924 409291
84118 495722
37660 18601
34032 218084
52950 27815
84101 366105
11671 185302
12261 316000
54308 248567
79709 256871
8813 336449
25068 201293
68608 400255
55561 51657
12034 175248
14789 122946
33754 396678
68747 6004
62497 345191
18962 90545
46467 18543
14687 225918
66989 228012
51270 193074
97913 189473
64351 162746
24295 376035
87884 373720
48930 149663
84101 217055
45016 471570
12914 231545
8731 157231
60762 431137
68433 301725
61147 406665
88899 322455
67850 235958
90908 93226
19083 149695
87445 3578
43883 92305
49921 109309
4529 104942
65588 175582
67326 121961
17287 368252
95073 104715
97768 429864
13353 148658
60471 216586
46489 257965
84730 206941
71119 108705
73854 15695
95684 110919
40757 180962
51954 318795
19012 50702
20504 232686
13911 190492
93240 83366
4136 53164
76063 430201
23371 47280
60859 103397
91496 258511
17401 476187
81268 59555
6533 429855
21567 208507
71790 486794
20255 406522
86239 356296
30570 428118
73290 21275
67706 181306
84544 376022
94592 157092
89003 473378
73352 347751
54362 225180
6649 431147
85933 211413
88238 439752
78134 65489
42297 367599
8648 438121
4262 218593
68731 18281
99566 113461
35328 11794
40555 54678
19967 10169
9914 306115
19422 171430
80124 86478
25569 71510
15277 251614
57579 386458
5839 359949
63154 287510
68250 355529
32089 470818
66891 216023
50753 60493
82012 128428
91609 293877
86104 194866
31009 403280
7715 496682
70370 471014
42066 451780
21680 401300
81697 336872
15405 412490
15287 264752
8682 248974
17903 124044
45526 171352
39480 172668
19032 316340
19832 170778
96306 405123
68307 101550
25647 398521
72489 57367
98254 489408
90641 423273
28388 109908
36800 467625
64658 230118
10692 253715
58146 470841
10553 170901
2176 410632
4465 326417
26659 188478
5802 15327
19940 91452
68153 310568
89905 107510
64134 81868
6942 373462
85412 411773
7113 496728
32250 265698
85849 350061
41763 109429
64717 409112
15037 339493
26955 240980
36050 234421
16884 262923
94687 336507
42563 340096
62823 304802
26194 229799
43584 412040
33072 42312
65095 87137
28557 71775
45605 372210
78642 283519
50468 158167
83435 65290
22987 29821
31657 214298
67740 283560
39398 312060
21383 327247
24819 286128
46060 474299
36760 197034
84157 377036
52790 273268
10898 464180
53657 367402
72771 342841
54580 48572
27798 272375
13822 471567
23446 74556
23606 374780
1949 20459
30814 252336
9671 289465
58803 416459
42444 53171
68244 308065
63056 184534
24729 12700
26567 415318
74255 285079
47752 248376
63883 341284
77978 121783
25519 401768
42037 168674
43294 60922
82363 416476
56862 425831
56271 241916
11780 175729
71125 320459
63722 286411
39241 247752
76330 61215
65172 445607
93109 11912
45039 109773
47904 356920
67767 373686
8783 144147
59918 176976
374 414386
50584 326173
25973 162370
51150 152917
2726 335010
99738 436545
92181 464616
41931 212993
8855 186749
36489 128551
20800 47100
50903 71610
21543 370423
8789 148148
21547 466482
98357 299333