261
65716 413727
39600 148384
11817 161276
33357 436685
80131 172982
2862 185943
95869 312835
3270 136943
89098 184140
10846 497240
78041 337040
17621 281833
20526 257728
17440 249870
15314 368513
39512 404455
455 106701
12329 35688
14852 438418
49631 397112
83065 131729
92680 13330
21101 318112
15887 439878
8212 248617
41460 246649
80639 147465
28232 86337
41528 335633
62063 147498
42224 41673
21731 201971
64056 53096
44516 35346
43211 253757
66446 285228
85293 283561
74105 81886
33893 28227
30080 371831
16478 367730
92233 305595
52766 97815
25685 298625
36873 59392
55639 94038
76566 303126
43277 324249
97126 317360
87831 189948
10709 346205
12838 164969
90188 329759
89318 299323
82906 354890
7662 451713
7226 337001
60281 448286
12298 169626
92624 347819
9432 220909
30718 205172
43621 387016
93596 185815
32322 375494
30970 193256
5348 139155
4438 241008
12243 392274
16531 155977
39385 420759
76711 329540
99512 62606
86477 414563
76692 147666
78689 179327
96877 148374
76467 48483
26692 68032
42732 473871
41485 183177
28105 31446
43418 334654
84051 379072
77813 186754
73129 367721
86741 71754
11340 1888
19637 409055
29920 495785
5690 181216
32412 108315
95309 347197
25539 399651
91649 71869
24955 462048
68541 487001
66356 405668
89576 327134
40766 488377
62319 332303
63901 460570
91335 167169
9698 336661
28003 142622
57638 406768
33843 292547
75379 295713
19944 384417
45884 9685
17674 277279
6797 269418
14265 221206
68295 179444
47503 206580
76071 343772
51347 264474
91645 43228
9780 244478
98661 491076
92135 29610
96871 340537
76661 155707
46748 94192
8338 340898
12948 494679
41168 147431
63838 129741
4300 331521
92514 434405
32144 118271
27759 114727
15470 267234
76813 420847
84010 470592
7406 130668
22446 99715
52109 450978
32492 247240
54946 340169
89225 72033
31505 95563
76347 429971
61982 298218
3947 216025
89741 326264
10260 296287
9110 344700
54223 122759
51026 393972
15482 126600
21182 195982
43502 31530
32046 110125
45934 24491
31318 482282
75136 292317
2035 219953
70744 216453
15225 154464
37726 223934
15979 475083
81171 94260
91090 379259
43986 228522
53442 290346
50309 187476
29381 225992
53685 478941
53023 150457
73571 308003
93810 225653
55527 474742
79114 63975
74872 172732
74048 401231
33159 356112
11882 384288
20706 334079
59034 114146
30815 124137
62274 326897
33685 393510
75512 337948
92032 160350
14439 106023
65505 153680
70603 448777
42596 16940
96498 483535
35726 278841
3991 394327
50266 64880
40822 351414
18991 492670
63029 463219
48526 143526
86987 162825
4546 112509
47589 113449
70961 46765
58829 213621
49429 189874
94439 368263
21062 34976
91013 72008
30512 318267
39280 259385
27718 242557
62406 109741
81668 226835
85511 412653
53233 204960
45184 366387
65077 413593
94999 286319
43418 289864
32655 170853
17399 58890
12385 420269
44898 181968
13988 388466
16166 274242
30977 448340
78191 41751
68166 110598
17222 402814
26198 388400
28810 312312
96507 470350
87948 29883
12050 360367
43081 122865
1593 50231
35412 77559
6335 306653
14668 247646
11794 323406
83890 130286
58320 64232
67637 478558
23040 414400
97252 478877
1358 405756
33014 248972
19838 216954
29171 430306
86282 177479
83991 47847
83349 452425
39081 424601
87067 117142
88309 185002
13432 76378
53059 348063
78581 438965
70361 372243
26969 339771
50915 359570
73487 103474
31946 53086