778
89155 253624
23167 112440
26205 478900
61573 358611
7140 364723
61790 457435
48491 426097
18812 126728
73593 386845
416 88003
70837 40699
6116 419912
31162 361730
61524 66699
44320 219711
22488 206543
50085 424432
7081 249840
98716 449098
70695 255579
93197 62580
66399 188977
85156 373418
70176 243112
18471 122906
76922 185545
97746 227146
17105 223539
87626 92688
72001 433047
74752 94104
46103 185114
27952 346851
68719 132662
4954 480226
22976 39768
92177 464031
97902 280228
89414 62036
39280 269357
78229 323217
5487 94013
38470 83514
57676 182963
37012 284839
57309 174848
25226 200643
30775 411337
20833 134414
84525 305384
52698 277435
89291 377547
48010 130450
27001 417011
71563 345679
98573 122487
70476 256321
86648 54367
53912 74988
71542 223145
86434 221096
3046 315526
63767 404703
21324 104638
76644 246419
8275 195144
52606 496693
42310 257779
58054 373135
51482 446529
47395 304412
89425 361734
57080 224682
33855 31373
77288 89439
39015 316083
36711 392785
32701 121034
92902 133196
5913 361880
11978 152753
61958 320533
60659 45201
87039 476080
47115 126261
26294 462923
34607 431674
56657 268635
14395 127277
52579 198793
48521 256947
29208 413267
96878 382276
61412 382219
6843 20043
32825 241591
88590 87784
92897 137104
6711 104430
10904 389763
77005 460133
75836 253363
97194 51433
55223 104820
92842 144713
11280 178322
91081 304809
68074 473064
41998 367744
51854 389482
13296 407835
18953 233947
22321 226616
97068 224887
71073 427788
58445 34859
17787 176766
29461 413944
39096 297193
82776 96371
13043 46110
27995 386472
359 165471
25508 278899
62036 106661
91839 469669
36423 122556
37803 230341
98185 152130
38630 187884
30790 333323
99751 89896
85292 338880
1093 213818
14489 166651
87687 100600
12421 292268
42011 429931
73066 178263
36178 487538
2358 36308
53603 477278
17440 411406
64936 420852
36563 332261
8816 377038
55368 345356
2383 195450
82397 391499
9654 68857
5723 387230
40855 78177
97356 28116
52633 52924
59055 326576
67259 482727
60027 128812
92622 29940
42903 444081
18155 14024
93666 42529
67255 235357
25711 286862
1938 415938
34119 100319
67184 178838
95418 247730
83991 99568
99322 23956
88480 381274
85268 264651
66200 74769
92854 250925
31772 207655
69153 309702
82129 276578
47900 229046
63284 228922
75625 414417
76365 481950
4638 216253
17433 354128
78129 401207
38608 337636
98662 436622
16228 231461
1104 332135
61157 356529
76857 273591
4526 89304
54005 347084
19592 321344
3288 237189
89656 381924
56795 251317
52274 39280
15716 81252
3757 220647
96643 316014
89882 118206
91067 286178
40964 426782
79105 424452
49839 69285
7429 289483
70170 150854
70632 274851
42992 232868
44197 419693
25283 157627
55366 482170
71141 141848
26481 107668
71956 235291
46181 439990
44720 9212
18426 153646
24860 366468
43640 356066
36722 362991
63246 495624
72661 89105
12321 210828
89938 465677
91295 54830
52754 407519
16022 297057
45116 250132
97265 7406
33395 235245
11628 99087
69176 438624
98115 346836
6898 170839
22101 475521
51914 397742
8154 72462
37494 479161
90244 66534
21789 285084
92068 36072
54048 49361
64655 143881
14943 380518
5541 120368
79999 338364
71425 115865
43572 94089
85307 329747
51971 425751
77338 63778
31098 22083
60934 260349
31904 329854
59429 195025
39360 195792
76862 161820
61791 59664
18802 378675
24295 359053
15216 374108
28408 377832
83663 477621
35256 10903
36353 44811
60048 302148
88535 3620
93725 466284
29851 268566
90325 261697
52726 165997
64429 487913
82068 37833
29017 89500
28425 263421
57517 80329
67023 7474
71795 141778
40074 125090
46653 226187
56055 475485
25837 470719
94553 62951
82694 92747
82109 149272
8107 326689
69144 112218
1215 27655
4866 247567
64765 342709
85639 351977
63438 57531
99986 289904
5858 263416
23142 314432
10893 317604
41280 223016
115 341223
59140 155211
8806 231519
84256 357827
99403 319455
73107 436857
79663 390026
1487 32782
50238 34108
53548 424854
55943 338529
92320 73688
74595 322364
79868 142735
42182 321922
15603 216396
2727 263996
56614 242449
85246 306985
26857 292631
37967 155353
91278 345097
27091 207443
3345 466247
68583 195984
79095 298308
84177 48445
90776 184649
57682 485373
27740 392272
54698 74757
42506 141769
61322 444607
31205 223800
64578 227751
69727 297525
93200 323857
59257 188586
34112 99521
67243 171737
79128 111089
60742 65268
75444 294319
27290 51235
61620 292444
9347 470498
24552 323374
23240 10143
51689 377038
56829 186464
25124 337211
40656 123995
78422 456582
40231 79005
51776 248628
17417 219364
12622 87615
5707 317349
75393 172597
59240 335558
11943 210071
99690 191269
39733 391100
39642 229039
93137 171275
85878 175594
20168 7140
44088 118380
30680 44248
53953 379873
37730 223692
67364 464169
33517 479259
74774 164343
29120 189969
42794 256723
29289 238096
99415 281817
29992 334255
96738 139864
55363 475446
17490 17364
71231 478723
91296 476037
55205 198568
72533 383158
77645 142826
2569 350438
72174 177700
11568 253322
23732 385506
14053 308553
37712 16935
59835 344831
3136 436359
13038 106106
29315 314445
98908 208256
9759 280022
42131 267784
8637 245493
29238 242780
77370 434093
44655 51709
3434 246522
47100 387423
37770 24936
65531 332328
48228 263418
38985 227126
43505 114853
48681 337942
92354 66450
81144 137261
52274 177727
45795 298483
82081 64319
97589 199667
76897 252277
19025 165549
2706 10237
77091 408212
3141 463140
13303 40657
92004 137675
30044 53822
79679 160775
84948 80907
55278 219588
20645 136700
24343 236861
84293 220168
92840 216006
4954 480988
181 499683
10525 322839
84677 306798
36901 73356
76785 499956
53296 83906
30255 391353
10903 160855
88404 152591
15861 344761
83094 195971
96738 430988
82133 27057
14555 234599
21075 83306
46404 382582
20646 225973
96979 314777
77124 382764
1713 29988
81801 347898
94703 276605
59067 21732
42565 196130
11795 52829
73677 328160
71032 340432
2753 40092
89977 343417
45388 166190
18217 454956
37954 240289
61528 67405
85039 204917
91294 265207
47415 199869
27163 452086
68449 292706
52764 310796
83186 433437
56825 129391
67342 453281
59912 475849
43278 333903
90386 46359
86676 82623
52542 406539
83977 234206
67822 424843
69266 144906
85562 102895
45371 343384
93635 335430
81807 216655
40362 397010
16903 160843
99556 250791
40020 302714
47275 253584
61839 231970
99331 457418
57785 323641
33283 195560
19520 222508
12479 414413
10704 461305
4760 302581
88132 442324
37383 228268
55862 58598
32244 279317
23482 183721
48433 300356
19535 319565
76437 239140
24157 419031
99528 486323
22485 142941
11817 359009
53829 342795
23972 211797
50553 188032
43745 348904
7075 276114
87879 476967
96811 308198
55323 246677
39860 346329
60500 422215
9640 167514
16984 17926
94270 407245
7349 1585
94855 467849
65514 274712
78530 188699
62074 252290
29014 34593
40733 372520
81420 213168
56972 166871
30079 129519
88216 108626
49350 51385
77362 3278
48329 479775
29520 170581
22593 440836
69860 450083
49685 160607
20757 4364
68872 422652
80987 423796
33095 383451
15946 300181
67416 190992
98532 182205
77023 230049
15551 61773
90196 87788
9318 291163
57812 216798
92605 366929
18271 27996
75097 183532
16792 378526
96518 478589
97313 488751
17697 119531
43421 7663
94562 37136
52772 272305
60886 27992
19479 95773
58360 249349
82011 161231
47430 55853
44125 384886
94852 474874
85699 375862
41228 80425
45647 94118
47565 178444
25242 82099
28164 260008
1192 43036
39329 348087
89643 341459
20551 51112
16337 404322
94247 28026
67800 295204
5375 438500
26297 335975
28338 264272
93481 31953
55188 220412
55715 84504
34566 421336
44526 424712
79079 101066
44027 418529
71764 421005
62666 168439
66700 357965
69818 317968
23932 52684
61826 97225
26681 8289
76854 389714
97441 461460
46105 50829
70349 298211
94232 336883
83397 124481
63819 405871
78600 103761
16286 175937
15948 147215
50939 121436
52672 79655
22289 381416
91146 185468
74322 320609
24209 53315
52109 177782
17448 58725
68570 282891
24349 385057
95046 77335
50832 97127
9438 121607
2239 277470
24055 230457
45824 169055
2946 12962
5704 302263
58679 12969
33077 233033
76042 7753
15399 26730
69442 105203
73492 142275
40879 481929
22755 96755
26868 342180
45226 166506
16454 396464
72062 192015
49855 346411
53098 438139
61935 63401
87976 90108
17979 413363
97885 399731
82303 464835
34765 36598
29089 201353
72365 30703
61859 409929
80116 287355
71256 23323
81642 248619
26221 380906
39217 187590
17208 395446
2415 348902
95880 178578
30243 120118
22590 364262
21102 186011
73602 38285
1233 299528
93165 125816
56849 82472
42359 7658
27519 140376
1524 475067
62282 396169
63415 168821
360 76803
79790 96634
1000 98685
20087 88635
48479 11238
50982 376642
72142 213151
13747 475594
61676 361023
36047 7169
1506 168110
30456 253997
12339 313226
52215 360100
65739 400485
82015 495794
43985 412516
83852 225431
30576 469025
57170 310790
22311 226731
36624 113416
85688 91329
51324 53655
44612 215387
71226 180899
97614 302753
23798 226608
84592 58769
33541 464342
8638 168445
28744 31552
9180 103211
61180 234382
51544 102611
49101 196403
17700 411461
91153 311639
956 50496
40609 120022
20477 225052
15336 357599
74646 45441
98621 71189
50694 115214
75177 377842
13730 111635
44664 1407
83498 10615
51645 259166
12659 236498
10349 176640
95792 202388
83531 230351
58352 44061
39629 172389
88776 438275
73707 395155
6629 185647
66029 209500
65216 152736
71519 40119
9111 297510
85890 247024
8114 179720
75579 162471
31319 28319
58038 372975
99461 143480
51218 486513
68729 452662
53534 79527
41370 324462
83590 100513
75947 491274
60731 455587
5455 150759
79672 451397
9922 353910
62812 252114
59001 59742
93920 475817
517 375000
21738 31583
56286 409522
12846 182491
77598 297389
21475 363673
19996 346399
80564 219752
58285 153650
35992 76844
87486 403683
19333 328668
8707 319204
63535 388389
49317 185274
81296 166437
66128 326047
28879 187825
78116 27169
6324 352335
44715 216994
40823 237469
97276 132534
20949 409672
66862 248296