153
76726 486046
36955 7671
84998 140491
6741 205010
29984 351942
79566 338673
44726 435048
28174 176151
57116 432157
70414 298106
23442 257830
20256 351973
6487 233048
33798 295862
84643 355963
28921 316128
51189 129773
58221 128459
98106 177628
76254 49743
23773 106479
25476 468893
99058 281118
57082 80214
46557 202421
12542 485489
92615 312726
54507 412345
38241 139283
76259 413805
89238 38360
83792 10495
70111 336287
96421 377718
93371 335065
48246 446028
79237 250124
6050 336943
34571 24112
5416 336548
20827 428337
26408 68224
74092 437232
98752 248717
24742 196258
90881 385260
50634 55951
37430 353069
8370 415348
22375 218552
82236 51298
27933 275655
22107 463964
58874 303593
2011 861
65037 414497
53355 450896
36178 54438
23457 369718
97937 45857
80678 264612
2116 229617
98486 20354
1949 18634
42848 394477
82358 127441
20862 103701
70990 378498
91665 181696
77383 274987
2939 77477
64265 17486
53994 382610
34396 187843
21889 371431
87500 219475
33627 441657
44339 259518
31827 429488
57239 415926
79435 188041
17911 388258
23653 327700
94542 19932
27710 129175
93972 29843
45864 218889
53598 167562
65776 49048
67706 195063
18879 395044
25004 57221
39216 101921
65979 99730
78376 288921
77363 113970
54184 142216
22395 290122
9214 457694
59905 35957
45668 200449
21940 337443
57923 386600
87603 150453
22193 239681
86532 329635
39395 496299
3084 425846
24616 292285
61342 436942
84625 108733
38011 39901
90323 337642
14763 123945
68459 237075
21784 313230
19175 284542
61422 352602
66292 143298
62814 457488
56974 366125
31925 248165
62792 252350
83453 7942
31088 73548
31378 251408
96990 480733
86883 253623
92578 374736
50748 251840
17050 466804
70751 361286
13493 191534
82632 119384
51788 282295
79213 373273
86646 183036
41120 234016
17364 22108
40907 263254
20877 460878
42495 442618
59367 306200
96512 40416
89908 85721
46740 363309
90449 369568
12467 84541
20031 485650
76585 477118
664 298952
38486 130386
1159 238318