225
49838 264982
28567 457918
92043 72111
58449 393879
7556 22631
22798 370894
90426 242698
52458 15195
9644 397721
21829 220327
88985 81705
40715 447603
49459 134274
69337 332815
3255 227553
33283 7555
75225 410550
58064 152713
36426 462919
25570 321584
82875 207819
92946 310619
42067 292240
32903 233504
51934 122038
81095 457002
6262 83602
20185 154616
74417 138476
57581 4443
46178 376769
14908 321692
34296 293121
72476 72787
55493 456370
82389 45649
95541 456811
42962 47415
7511 491738
30425 150909
79382 174207
50347 157612
352 147791
73976 341636
44836 51217
96920 136151
34509 133156
58611 233452
61574 379544
33214 26653
8430 81232
68605 262009
902 273990
22624 264835
81799 464071
66956 338993
6250 137747
59937 127021
83840 272798
71990 208888
13501 144594
12179 192898
37924 403659
54174 9843
71298 312857
93480 119590
75656 277314
85188 344200
25481 480285
4879 497373
96826 221879
5131 98460
28867 218002
72676 71886
77585 198593
73226 241011
91166 14382
85698 158300
80904 203541
77395 410674
7817 162982
70302 5550
13394 415302
98761 20447
52380 269710
57197 172455
34257 67339
70247 263198
80697 35965
20298 180558
39198 319064
33387 194037
43728 486277
96099 358534
39419 130818
85984 7784
52612 175838
3100 304533
5873 150750
79686 220957
26199 494043
38860 228864
76665 478146
82545 449560
72882 279090
74704 124205
30129 60225
42040 8286
6553 393272
64205 136511
83988 168914
37621 70069
55550 171393
47544 15644
41109 413577
24779 14658
84872 445923
36786 207977
63004 308316
97559 166568
22322 193715
13429 447979
38694 136670
80113 465167
19863 293158
2352 481543
94079 477094
51707 356698
11253 275440
53515 221698
48441 413736
84218 155086
65309 20199
97317 60929
33262 64633
10388 169617
58531 187007
91598 112328
4432 211886
80321 402279
51971 476399
22116 402878
92040 288861
13420 373685
40455 353898
11300 116935
40833 413626
16342 168801
41673 148325
4378 359623
12335 109817
42889 419760
89532 434039
89273 114661
12178 194898
72263 376902
31930 312083
48451 355269
49223 49911
4414 84776
95379 283599
84759 279403
8030 277886
43538 151484
52856 224095
2349 180734
38581 43773
34531 434662
99174 275641
86138 388417
75482 467560
91711 495372
21185 399218
89202 428122
28819 67124
1419 269266
13525 1247
51720 481167
8746 407351
18643 484798
58881 362708
537 267459
45324 217636
47079 343636
81975 146599
38909 63036
32655 324626
47546 242842
73604 288173
61866 59072
93724 92533
4206 169844
61877 14938
57311 454002
15992 160002
76397 349575
60497 436421
68714 448984
57994 187918
31195 105401
49979 466016
59383 140407
27856 264079
92830 99887
58267 312035
33075 463092
4593 100761
91864 202669
99611 174561
98698 304404
67969 208097
95455 375320
46053 27472
62795 490972
10127 87516
37572 327126
50897 254245
71438 84625
47767 236895
67851 383691
14046 245012
980 296823
82732 342656
47367 130813
13387 195923