228
75242 428893
57967 313933
36745 141605
75198 388653
22853 157113
77591 89722
14824 425591
16338 90141
12124 169235
98019 164081
32115 197682
68199 206600
22488 3920
6472 101702
27864 7802
34715 314628
62121 369781
63426 298990
77189 234581
90174 336261
62844 248006
65723 491838
39994 462183
26125 424514
38681 173770
4213 492876
11341 47702
8223 355374
19738 389509
82432 247372
96961 306822
39132 291839
68293 394876
95078 471443
96102 136317
24960 67625
60016 194419
71091 15350
41786 12895
45410 423106
44869 435665
89961 392458
84488 328817
22920 485727
11669 216154
39885 4325
56824 128313
43293 473525
27988 7058
26366 193211
98275 334427
64299 68888
84772 334432
70641 202113
79634 249821
66213 254782
14382 378855
21743 454956
47517 281668
6548 282428
65817 153837
79989 454513
74022 159955
74166 90214
82635 389880
92018 148838
12691 276690
38488 379890
55086 255371
82817 298623
62363 429859
74645 19701
15826 26252
31853 413361
1067 438893
31253 109731
75716 388065
15703 386033
34219 433621
15309 187251
47755 109133
65757 142037
98512 353183
30248 121656
81420 373334
52779 305616
46572 367088
3075 460903
38391 463137
43189 4857
2673 196526
16199 338902
44041 83731
26013 309828
59143 331454
53356 167546
72070 263185
17566 420998
70425 486403
48477 287464
71533 248320
70939 215221
58859 136069
40693 389845
98850 437253
88321 342820
59238 283334
77247 256117
63176 55461
76803 314442
88724 153422
73803 181854
59655 149476
57257 117563
42216 180383
622 174596
63409 26249
55409 215789
47758 480800
51542 30365
10334 306040
75535 141843
58042 403926
43915 88958
66901 51029
7166 276580
70725 453189
33034 205788
55983 440871
87985 9492
10405 150994
31659 271147
87740 269842
50136 35032
85157 85379
67591 494273
20792 147770
12732 22757
37379 304221
40103 266963
30111 429574
88078 404976
33353 67
89226 352886
62599 424249
57690 13615
8792 78781
85513 316222
83133 342329
78576 12086
4240 415981
44744 407809
93308 393964
64563 412602
59892 375163
41328 24947
44394 474965
51441 280752
39713 360361
29415 235306
62410 441242
37483 277102
61043 306238
99696 175323
67098 460960
2995 82088
36415 371743
38827 169339
75659 153292
69851 132146
4013 276112
66005 189950
81556 235171
18738 352036
36177 263574
55609 114554
82815 427851
10315 205680
59745 265975
13119 136164
3825 460519
56304 224908
80319 115319
49607 134545
53648 37052
97017 415246
94351 456988
51831 47765
71567 282033
17049 275722
86435 372874
3358 339814
54104 63210
35723 305493
53896 400615
39926 221016
63581 489868
39176 167236
86799 235575
35392 442658
41469 322716
86789 78317
5345 480256
86312 356823
59645 361118
79743 45284
66883 27590
10143 417100
9140 124825
19342 414238
28902 214287
27830 424600
9241 427953
17157 72048
31090 397694
78878 235534
29627 61514
97686 321807
21045 428795
54770 194244
77715 336683
92525 493681
71686 221705
2496 229710
52944 36855
7049 133641
8112 330029
3570 467330