192
82041 5012
2572 328091
95704 155442
549 83750
72886 414868
16347 286525
5890 366938
32430 392972
62665 175128
91312 263474
32794 217848
86286 188449
51086 438870
6463 286912
63975 221186
38304 144777
45830 407521
91777 295659
58832 36397
22860 213289
35070 466640
71863 193848
1883 390029
65788 332165
53831 292087
65568 64109
42184 90360
24241 58340
25720 438540
67825 118511
71086 43651
91759 84969
58091 194146
70211 242850
20135 426818
57634 435611
4866 111568
77801 338571
46174 160620
89540 313885
45859 347530
48251 263984
69454 441332
3742 1814
24562 485125
91526 89653
43852 409263
17640 389993
2441 487126
82441 295104
64774 55636
67281 281852
97325 280019
78380 223381
27723 91158
96200 447956
58371 338448
21789 112057
4275 92202
10332 30039
48338 234306
90461 249747
73512 132135
73607 12680
70147 182910
89264 365477
50209 400832
93291 173581
70728 102105
11728 398134
65524 173643
72876 497451
9166 304969
20851 289546
4617 26844
94224 141799
39088 306146
69644 446055
57660 79626
47400 89766
82347 444025
28638 79954
69488 104936
79857 309933
48581 273955
41060 320270
46840 488587
99075 192257
17116 417397
97535 4067
26773 237098
68067 450790
42668 194533
63434 141747
35941 168504
56207 152803
54927 62503
4372 185029
10045 148586
60907 421980
91609 294768
18331 473278
73302 33527
66455 333814
98913 58901
71643 248482
63171 397330
59050 15029
38876 317259
92794 301302
22335 464337
4464 280384
70438 52232
98597 424160
28575 357032
36525 260730
28661 433568
70035 214885
20354 302
5400 26314
961 72904
78147 411593
44025 408566
78664 306547
6057 185109
92587 286577
48728 325013
53575 232220
90809 327196
92145 97443
76765 272674
71303 217928
50535 188083
80632 173699
97349 316336
68216 246781
74319 292590
23908 136662
65624 454037
47869 66817
56284 192290
94518 239459
51426 235749
56886 121847
22826 44420
5377 378956
26645 200566
47942 275045
39539 15881
17596 310168
88884 41309
40634 349712
68351 75527
25610 220140
44551 157583
55894 255549
82246 189778
9283 101644
80987 10528
68865 287121
19467 471327
23346 313789
49914 88454
34149 13361
75534 304675
83777 207621
50054 270134
44147 157634
58869 195668
2681 295240
94430 365764
56412 389577
37173 16485
38903 406284
59338 51463
92430 296651
22933 223085
97039 385589
88709 60849
53958 313165
81960 2592
63267 481929
93158 303066
18566 305395
12154 267635
5647 470220
35764 369685
17833 269828
33886 476860
77001 52291
42181 434392
17568 449124