683
2023 141975
99432 332628
58025 259350
2226 192810
51307 113435
99044 296907
71644 258727
47890 197141
59213 7439
72255 55829
43640 34143
24558 3729
44461 7218
79748 315935
8825 102172
85166 418731
78878 5153
26065 499989
11616 424443
78973 360689
69309 481271
16531 213413
22495 96056
9857 97582
95719 208275
29478 122011
97427 287762
91097 347696
38101 100242
4203 428613
33380 425924
12761 278821
41092 221903
63189 212272
63768 36332
63347 374521
98831 19145
89853 282952
42546 246503
33544 208696
63962 386108
92215 190458
95480 338290
4879 95601
14046 73990
61709 374644
98108 478186
27747 89168
92712 255907
33348 10563
9851 463179
31432 99426
26291 372304
48406 390996
99461 33107
84321 316564
23798 45259
87013 194323
8218 89728
59079 471667
1215 95152
97887 424653
35105 136268
1141 69516
93224 2428
47742 300048
10361 356055
68854 171724
3006 349100
19597 370633
51827 169629
29100 456609
42124 253726
49959 393828
46140 405242
19555 221558
86448 239534
12844 229967
52384 79340
11746 64538
20053 125498
84155 35318
6027 261201
98314 282808
60820 8478
40016 493351
37864 183395
78448 172351
93032 60567
5783 28303
8645 56098
24814 280219
80080 294883
58939 52762
45702 389162
9577 433592
72934 499133
74973 246134
7351 8087
96745 286501
29049 459429
34283 194255
76510 194311
52174 423886
55917 306869
51675 207763
42957 339639
21535 281312
31771 322156
19373 313774
61207 45220
43423 11816
851 233638
21655 177422
19641 310251
40958 21940
9829 422081
85956 396960
80437 148585
37146 343887
15942 73080
39743 478256
3511 246106
51571 400007
60506 82059
69795 301164
27039 36892
63465 352522
2411 277972
5613 309120
37965 483148
23470 475299
6654 398322
51542 465370
51892 137927
59320 125985
96284 183841
83061 482567
64483 199946
32210 350991
71147 332735
90362 66931
60996 38641
15776 162268
13153 177735
32715 268843
58588 420475
2171 118836
99014 273464
59366 274046
96830 107267
33056 30180
54577 13455
31285 219798
64091 126151
81380 18489
96421 286632
71329 305987
68389 379939
14915 293472
68695 221664
40758 316656
72174 71670
93688 439046
96610 115316
28373 190314
33380 367420
20531 394552
45804 184194
43593 436575
67022 409457
62398 17316
30789 152870
15576 109948
68865 58931
4917 285077
67159 33341
16633 129677
11782 411551
79705 26681
30322 123365
63241 497280
27405 193650
34253 8670
61061 233466
85104 454402
23397 443752
58026 344175
87509 97274
1872 218143
37840 13760
4323 1723
33667 132192
76238 111524
30004 60053
67881 78126
13896 149675
22666 471680
84011 261125
34054 52021
75783 67832
20000 292925
38680 144845
2197 225949
45484 356835
27673 11755
90365 54282
48019 237459
80390 227721
77439 206868
34972 62328
41479 427492
92992 100007
30534 347080
58457 156790
52476 390589
14455 10395
5164 111570
40516 367487
58911 104715
41088 99265
44419 491392
42744 14801
10035 497947
20534 297046
48841 63902
8568 86121
73266 307643
39983 138712
37367 305050
7390 153668
9477 237110
55882 490435
20535 451392
177 270398
70645 12443
34164 25652
49817 432766
29104 374902
45467 162485
30755 59209
88112 304769
11600 231815
35500 421299
92029 423582
80976 468309
28121 449295
26225 450017
74233 280720
85968 1767
53635 324299
26289 20940
89294 405341
79383 164902
57553 82007
86968 258721
41258 45217
39846 12700
82242 353906
41164 18061
54789 80249
7640 109785
30679 8183
94443 4957
72727 488547
22233 130280
87214 100101
93266 458942
63224 391355
84492 28406
3934 371575
277 445405
2012 229566
78179 266034
22866 345450
89745 318151
69491 153738
12982 87046
86600 414525
96641 10058
68385 192186
40312 113154
96869 279308
43776 234801
51370 375214
10906 1201
83640 77843
25490 452587
33206 237792
87423 20544
85049 50160
30668 152484
49744 309423
81896 123869
92488 328512
76178 101000
13320 46200
21152 177749
33214 224704
34334 256486
81732 482422
45766 326612
93830 288140
73490 15114
87038 120232
21465 244328
57130 115011
33365 449441
17564 212874
70723 307709
95943 132192
57807 24056
18155 425754
47913 85633
3485 147585
47094 101788
8831 387092
7713 348320
78792 20067
73033 343962
62017 375573
96342 30633
83759 208483
61892 377311
81480 185499
58759 415782
82603 74526
97956 290425
39170 229729
99094 298406
45560 283248
55346 11603
74503 497351
14684 65558
70421 46807
69951 108188
74279 39815
57121 16035
88169 15408
42637 380319
87598 269568
36657 466137
99084 391224
95755 50827
95858 341038
26828 428389
16951 359628
13288 464012
38042 459087
92552 222197
15372 34504
31507 202958
39811 80991
2589 485782
83227 312587
99687 430592
81238 129339
79366 424340
71070 279600
92390 285710
27066 85760
78995 392221
2289 289749
39690 113573
80304 441036
72154 638
83450 421175
10477 248050
7564 154395
82516 42563
73927 130291
23257 99267
71417 155083
16410 425945
47681 375781
10496 284643
26671 499608
3207 172431
33362 268012
90530 59648
7941 95199
20551 117199
13523 65891
65569 50120
2423 88317
90901 340297
81063 72168
72571 437286
43992 399664
24378 3272
88916 279192
97901 296329
33414 393044
95087 290969
9229 54447
336 208476
98801 105511
85088 280394
34919 269932
37095 401838
77077 482853
91630 333672
89089 232074
18386 286859
13793 334667
93404 170367
75889 404871
42722 6432
71407 67318
97829 59357
95444 194336
54542 263322
31044 173476
9005 485294
95222 279410
65637 229350
13695 94769
56700 67104
71535 282682
11742 388817
45009 195546
3598 250656
54551 146260
88519 109960
23281 219229
52630 180666
2872 398591
23953 495929
12881 486070
60804 402844
74162 130678
79715 454447
97616 340963
9996 187474
51485 305239
76984 421016
42566 34463
63546 430762
34336 183774
51761 58210
76099 477481
27854 333776
87231 158186
14233 149592
50924 431870
19447 65490
56812 201815
94681 279529
60740 330298
59066 225981
32410 119713
37217 247937
82668 147386
98704 7005
17213 424582
73755 497581
52185 19035
88227 487744
37840 215555
39645 311482
88434 426715
39291 240338
20142 467413
65839 351605
28860 416310
49066 221217
91127 345432
6560 223467
75583 461033
77950 254425
13065 370283
68948 411305
10697 300498
95407 330024
19485 45833
44546 346044
33800 1389
1768 17851
69400 243920
55307 278129
92024 109655
10990 395422
41741 438877
92777 124502
26612 480878
97532 282815
33572 7436
29023 9814
45340 456590
77083 489035
37901 26844
1007 54176
21248 45332
19968 33709
68020 264360
10410 218911
91523 86302
97494 476533
34020 210191
29189 138914
23969 105576
98737 254446
39669 168140
85824 439445
16997 318767
67189 259462
71484 343516
69549 68005
46168 298577
68082 368777
5672 388606
97040 464991
53648 280426
63844 451269
75005 448046
82301 263696
7051 82071
45387 186118
96190 329544
92020 16773
52779 485078
13623 136090
21337 426186
4647 15979
27568 336195
63164 183886
13906 35473
63415 88847
81502 132955
50933 258734
54775 325050
71145 407582
18117 355484
94031 276424
58571 457890
10556 365222
22375 312002
42570 157320
89778 180069
19886 228914
53553 422730
69649 182844
98675 204258
15760 44177
9577 37106
4039 428848
94588 194004
28872 254126
3267 208213
96371 374067
76969 81849
84750 211256
15309 375155
81659 394863
47483 210797
19370 328251
32600 353222
38396 39571
14681 497455
3856 318852
86025 294957
29937 376812
21499 187547
25086 366688
86356 210308
60952 236966
1096 376525
11069 276700
34202 61609
86078 127439
76063 168163
13806 17605
61897 217016
7212 461588
26262 364122
50735 176936
20349 149678
35433 11201
47557 296143
95764 212658
25589 169833
11824 134148
31402 146558
22822 91473
87870 397029
92377 317865
16861 282918
34409 230512
72755 395999
97170 437086
30821 153730
92451 257662
23391 234612
82108 100143
33460 106416
76147 22982
8645 332642
29831 37066
95899 154413
11431 233047
40873 61541
23154 181948
58903 446134
66479 241533
55639 296891
20614 408337
23522 136903
99853 217764
64952 164608
74331 274999
10486 278271
12536 375483
31322 116049
87029 78874
32805 391513
13892 11118
14080 31308
63313 457928
9526 491475
82064 437706
2179 380204
13031 422637
39460 187722
15405 443932
4844 70993
16378 342551
90135 150042
44045 167858
71646 273141
10788 355283
13399 2658
73906 364279
23664 410775
1312 9645
52308 370301
86772 259449
98119 2867
97710 425491
97555 120458
91648 464646
42038 115687
82725 370257
48260 78116
30058 208489
66763 376238
43530 334965
37646 91048
85406 92753
79923 407975
88729 389132
88296 43477
42277 16137
21618 37807
94354 277986
11669 345479
64804 468384
20402 192834
99021 440516
39132 296218
58962 434914
10531 395325
84603 18177
91191 258540
87780 454044
91549 322813
30594 333795
83786 98554
30855 217467
39951 452576
62964 397882
24566 316705
81060 367148
23617 271522
35640 32209
49105 220350
44550 21180
76598 291041
57894 269941
88410 154957
68724 421688
30943 72792
61014 406228
50384 171916