554
18069 37291
70818 226686
19073 200093
7228 329867
27601 251855
31957 375647
22150 220827
27746 345565
2543 280142
96130 51515
42303 293063
90226 499843
63230 461437
44698 86902
30636 328310
4768 360420
32974 310033
30524 175765
66079 49085
81847 238115
50251 493663
13799 156958
83033 168209
47417 348711
99816 448285
93714 175157
83517 67366
27187 266355
45411 402783
23987 488895
55905 28785
64884 331629
6862 5562
61700 269859
55517 254409
50921 56858
89336 164643
54551 209635
43825 431297
55270 405311
69351 86800
993 411302
7294 73711
75474 388386
50922 254196
33671 363889
88914 314312
86775 15430
18074 41574
5079 499943
36372 33312
72557 212049
33071 47738
15185 496368
63322 395597
48209 395656
7925 107205
92125 431407
28457 69572
77268 150320
67440 367037
57163 322025
43233 343161
98723 197165
22917 228821
53112 259396
53658 116386
46815 444390
33670 211460
69041 494916
95020 245204
99994 96831
50762 36286
14046 57743
36141 346052
79765 498813
11023 254937
20609 370953
35519 303334
44811 328933
35246 33576
24032 463063
14780 302032
18852 462331
6986 193250
78531 75743
72894 354646
53064 78918
32213 367387
51041 342470
48784 497295
87642 177481
58642 291144
40022 126192
29605 312878
68715 207307
83935 148606
49479 300290
30078 207945
89283 390575
6534 458258
22286 109762
11147 428180
95665 223740
62418 314810
65556 72244
40065 415653
54460 372213
29968 247882
94438 138142
22034 102705
66143 58080
42580 327735
29817 179044
60441 257421
85249 359651
8509 221014
56152 193483
39872 215501
62583 431937
51171 115869
7558 410330
26384 73319
19468 184704
25720 206464
94845 450771
56751 344816
54973 234085
22130 67539
42973 396605
65954 157788
31540 232981
75245 266286
83068 221692
5131 186497
85964 92853
40868 301827
85986 417366
54182 402836
90101 102826
31282 197512
42302 328144
9301 262217
70649 149017
75668 237811
79162 343725
66923 435574
43488 207879
91731 141912
76482 344277
73552 6224
74209 204537
56268 226508
49088 149354
72750 165004
61020 228692
85076 132356
75435 357236
44466 34366
24728 229405
82548 312502
8217 237973
50836 492156
34253 301880
90506 328374
56666 438036
61407 198235
81945 113132
89403 204057
28971 204022
15108 364079
7622 251005
50099 332532
69454 391967
9776 162030
72314 327151
22121 474972
7055 119860
80808 384013
48385 259881
74520 419399
73234 369659
33792 270849
20597 303086
17877 161672
83683 451992
49595 226398
28517 222756
75852 290966
73088 265937
69875 444826
27252 118705
31156 467141
94929 275690
15563 138026
93624 70808
86782 172939
66436 376905
50392 258
85408 119999
81268 167035
81009 85522
31768 472536
37702 418924
37395 498956
57088 439371
93188 371681
73936 266626
14529 43826
11819 464984
79263 76241
9995 316455
87446 454978
26804 454910
71114 12286
20241 273600
29464 378130
75715 132163
24936 17373
74376 485330
86714 17045
90402 46380
45398 49923
59250 447586
33694 379810
73046 452861
89372 53572
61329 181045
48373 377581
83377 365819
59962 193142
52467 394704
65944 105739
60234 384908
11781 21613
74485 51256
83277 342194
61740 81300
19053 471232
42984 278322
48022 335061
19081 450616
23083 261666
78059 129859
69825 263979
28236 139743
45888 167561
66674 274607
39472 92264
71938 80939
95757 331401
78209 128509
46746 397089
4211 158723
60520 265784
76166 499665
90024 261323
38701 47244
61502 441387
45339 378223
90728 82524
34742 455946
45816 173303
49718 376734
78479 390216
4582 456290
53377 177200
43209 459649
24708 394564
24351 71386
33734 391372
45227 175935
71170 264581
77498 81846
93672 492448
7625 87067
87242 12641
67395 482652
97124 270976
56950 289179
49017 493675
5011 192912
34889 232802
95024 335493
24585 231162
31600 257848
29023 426555
29922 321052
74827 458850
35139 279256
57356 397856
85791 152646
50322 269240
43435 115605
99821 94821
25594 421160
69990 391730
63405 438261
65026 181024
24659 333415
45213 354307
62501 138941
62382 127397
94965 319368
63191 169538
30508 185489
79875 350891
23008 370577
84594 278211
33792 310774
72921 246917
70592 60356
5248 394171
85104 488786
14693 209672
96648 473705
7009 218528
13968 367561
18447 147723
11359 77380
17263 203397
312 211553
33930 51105
9734 368186
62660 35905
89919 82174
38900 106688
8546 412944
60028 9608
74367 7686
52220 369212
30989 184811
92449 360656
15949 303421
35711 224299
68203 232591
46141 349356
63911 319112
25871 57058
21713 346563
2582 67123
40591 486669
36759 86806
92573 237771
12332 151769
99350 51985
8211 14747
86911 293035
98073 246515
22992 419256
62515 497959
16887 311530
29773 28694
70383 436231
12 89423
44258 23947
64056 488311
5486 217924
76460 10856
98261 66837
77282 188620
46869 339155
79729 21446
5568 200939
81405 259049
78814 34842
91763 313055
59008 86355
52503 382563
76997 285277
79433 232807
88814 487698
38937 252783
1509 176706
84028 30004
56160 191726
52107 1315
72710 370317
68830 4699
36534 215882
70048 183699
49787 188131
45896 143377
47253 412556
67252 433972
83657 142250
74727 403946
21671 55737
16348 384123
88469 367047
75803 232733
50744 45622
79199 7293
13703 3006
19865 303868
15218 85800
70980 385263
86102 404340
72365 235583
37746 31572
33897 237959
29100 152463
40861 121305
73634 472095
5908 200921
3360 253779
11416 292000
30677 229550
4693 119162
22727 57446
81228 125609
24936 227270
21971 61600
86316 116332
38146 299112
29541 252459
79020 261470
83054 153707
99564 219123
63325 462596
92696 444587
79093 473511
50906 339359
65849 59861
72587 176379
70454 261253
39932 6336
23396 193122
34391 236867
97749 94859
55629 39276
63413 349874
32550 152120
14432 274429
55931 11032
38935 7240
33094 104944
92796 373409
75039 324888
21712 484939
79961 462846
34356 87388
87119 9539
80263 85694
19308 493561
13515 137265
57985 4395
56520 164168
31890 27062
36055 169832
94854 240904
95031 103532
78735 255688
21367 17283
62824 61517
35865 186288
12349 70821
26757 8554
15048 176816
96794 395994
85952 192323
92293 37919
53024 116134
12158 160525
98825 71926
93654 315081
68275 323300
39242 270543
41302 316947
36562 437933
74600 73534
89619 320677
19762 37104
4871 310319
6898 226762
27338 488660
2310 384416
90888 148468
68936 121820
53698 498721
48446 358842
41653 256770
23027 95338
152 146353
81938 164178
30137 337469
87680 157065
74655 346601
69199 270781
70660 123307
45304 27278
70334 252398
5802 444465
50932 499568
79787 52301
84868 300293
90972 9217
51308 72402
7860 401116
27452 433810
38229 486468
434 79221
26465 226608
29860 475260
64609 275310
8446 70431
58852 227486
46107 330407
86117 438804
86653 317012
71032 316890
58227 299863
88101 28300
92938 208537
49790 168250
64723 55891
32366 75497
84357 50004
3894 312082
71385 448159
10361 181858
63952 20905
37452 488505
97793 459551
12987 181387
32753 314462
32933 453570
88590 11833
66428 259129
8946 241303
42331 195202
82282 421779
22020 391490
39812 444378
58055 258000
70786 316688
32950 351993
46793 118507
39194 145695
55079 138135
29163 220725
3800 230064
8352 417413
42326 276907
82691 141066
93267 357165
4746 394102
73190 402962
6760 420333
71588 385384
69743 17992
80694 484113
71002 310164
45677 206181