614
69292 52457
15271 467917
68125 109751
43173 211372
70021 211110
19155 73647
49721 103314
66928 328141
31786 449420
12674 30739
86156 202811
41634 184864
64076 423512
60168 297767
33309 194449
79409 284240
8715 497287
58398 412502
57741 234672
64701 302090
13108 3605
98486 251695
91486 412533
34823 118172
23930 93248
23194 78589
66032 437694
52153 462610
90307 134790
55674 154255
36599 211303
4110 265914
39797 124514
41214 48497
31053 271437
53084 364673
55914 140082
23523 102160
71166 406606
18633 392403
103 328594
47353 63128
78111 327718
24245 211006
78886 174305
2188 422680
25173 264146
19250 260335
10953 68986
39448 221949
89409 241487
11915 105298
70983 219771
59365 478066
22523 232507
66941 396852
37402 444673
87247 394565
29290 79539
85653 368707
17150 314153
46543 321603
39601 46066
68986 61260
97842 431664
16088 323226
6538 464759
42744 401691
60540 242194
65603 362581
31907 439327
72474 267902
48365 129422
1443 162467
86397 69861
93320 429602
71946 290975
25648 273743
9802 249640
42630 58067
1151 189059
17077 499272
3524 230404
49441 138366
77940 141207
4138 34106
767 216855
67875 295538
82779 239255
3902 152786
47832 282717
29650 180537
74087 458402
4566 323037
44349 305715
34327 153635
32162 231123
16427 12840
44126 146391
62611 426427
93164 114952
40543 95008
39218 201541
95715 66414
98601 412414
30092 487826
77321 300314
99830 230218
30750 453298
8722 305035
32745 455923
42659 380028
47319 254144
39877 181305
88551 447726
70490 427376
45325 395527
32520 77223
2650 384903
27140 248372
67568 378914
74125 61315
13144 261180
58530 282005
94856 223695
19697 448347
7799 326377
23879 187935
44138 189483
1508 247323
90514 208555
21974 397983
92721 305875
45887 26159
2384 281984
19262 338307
36188 206275
30616 460870
34996 142595
7525 48536
10581 137114
99914 383500
44492 216884
63150 326730
27440 276147
58 180142
59511 101133
39747 189031
6371 50732
69607 9753
61651 421709
44361 482140
81864 116962
16517 265178
71471 212432
3245 452437
39374 426546
21551 69438
82719 335796
89924 47231
3923 495832
72229 128211
58597 297044
17096 451336
88663 186450
58494 199620
16100 358128
67465 191965
1846 189982
76420 76383
17444 299362
34005 271434
60 296407
62224 323666
27900 316169
97684 156701
58954 120667
99345 82185
76188 51233
1420 407939
33376 129830
17815 425424
61895 14600
35902 4872
61887 310711
40550 333814
3737 284889
26832 602
21793 244809
39318 367335
72372 275283
56146 313413
81572 38330
21006 105712
75385 217491
29251 160983
91528 101927
25814 341918
36048 154453
26856 389596
62331 497005
44111 395230
59471 370806
93240 383618
32609 279433
10505 470045
27687 459251
10598 200246
20063 470007
22596 117832
23446 400650
82427 73060
7778 218453
20467 266220
41024 124695
94999 70841
77863 412065
63043 254807
95383 377367
18744 351044
48582 87317
86861 381076
93827 234760
93786 171888
56451 232465
90646 289234
32611 263238
7814 459818
90031 188913
83387 337756
10039 498063
44572 499360
56708 196849
33057 495937
58078 429182
88453 498399
5687 90384
21805 176301
42020 353074
25171 426867
65881 56873
53898 336877
71454 50024
79554 380682
38367 488154
19694 432365
67822 117372
2910 253104
5123 430143
18497 272796
48058 433067
6610 144211
32265 472183
34137 155142
24852 238066
56320 301311
87302 361917
14410 136953
87943 4591
45113 290882
98584 76784
37932 16896
57701 221406
21297 224809
47981 360107
5430 266313
46021 107900
99321 33472
30372 427276
32776 255650
28426 308935
13477 60373
62044 383887
88307 87670
81600 460475
79012 470868
94887 140499
58535 46356
2049 262709
94140 114155
97610 282387
98514 312295
24445 10547
15348 356679
57775 115885
49694 214270
34027 280049
99642 418548
18152 59710
25308 191877
30941 289260
39036 86528
93989 18531
61665 241288
88696 7874
26074 262711
51555 479705
46125 18550
58798 274543
62972 67943
99771 326589
52068 147579
7056 191312
6092 356700
48602 383211
18015 24261
71455 213539
56928 355012
11891 407521
31239 380511
44408 455396
30332 479820
36487 186652
11315 391447
52158 264464
76250 251552
81207 204409
55045 37114
80929 51589
86047 187310
22165 383893
33428 457782
92042 88350
69939 214882
45907 292716
17005 327894
64599 368603
99883 240042
44231 59612
39268 351369
74378 91990
22258 433778
87778 355202
7940 116474
46734 427374
57736 69288
4360 65531
94904 440568
48738 208224
67542 479321
52047 214884
87869 341263
4572 60327
8934 473969
11827 390970
91038 297420
89075 123714
66627 7358
69551 145849
85207 204444
84146 140205
5400 29484
99360 386944
69688 369708
97701 43302
53002 159561
3353 255114
89815 331241
44762 254825
50593 244386
15219 72725
50281 320672
12983 279699
5717 475523
1102 7613
57566 421886
65137 497570
24234 460954
54849 291585
59369 277520
3533 329297
91437 35347
32149 103132
96858 134692
92133 67104
98109 49308
84498 345773
8492 238533
66781 380137
37956 238977
53356 462895
12368 382242
40512 282667
639 29424
82528 228512
60076 118279
61924 129058
83374 106806
48745 343516
15765 205408
17862 174924
26832 158495
3405 414818
24314 268988
73735 306021
75848 66488
96055 295021
46552 139303
49066 29450
4577 160912
88481 398684
17185 200334
46993 283832
29504 373746
97692 35850
69711 21502
75413 412781
91146 382219
37180 490005
55219 243844
75358 333957
47735 388553
41231 96665
79137 161005
68961 19486
66435 267737
83129 231797
99113 21703
72766 463412
22354 59783
51601 414244
3726 436861
20113 301668
34857 260417
29305 469604
37573 454365
39580 238539
1920 111571
20748 306066
9422 424181
94802 194887
3517 345675
21516 200363
52348 274288
1279 232052
35563 35061
56442 96332
6555 277661
89415 191920
45877 127743
71047 484017
50800 104872
98647 115735
76359 400086
32554 355929
41680 310718
70308 255654
66473 235430
95150 406463
78004 481292
66875 325178
8083 224381
74848 102337
48177 458207
7395 356017
38648 399272
571 464188
51680 76420
72951 314247
52268 357779
29809 169836
96339 56136
15457 331865
21819 96075
3343 56976
35316 78648
37860 273605
83297 144574
31097 151139
69604 173185
98121 404871
89465 202521
17855 126499
45357 116401
15415 88701
47703 96552
95103 271757
88240 58675
8013 447842
73085 219705
78510 416766
21596 367254
99556 56533
31076 240536
4936 466195
8798 85605
90870 392051
7520 362131
85546 184232
79364 488367
63690 224856
94391 228791
48732 55515
95122 63488
19221 439809
93220 301968
55815 165321
19431 317028
37740 195435
78388 391468
48192 219343
96954 334666
71711 18100
20744 356951
85805 185482
13921 261310
68435 40696
18339 163007
5822 359607
89844 484333
98691 338100
59970 305969
24380 375538
90927 315429
86573 446438
83888 16409
3878 427353
27744 48753
98242 320650
8020 315748
90503 184425
78775 443327
32942 131037
42563 416033
10518 70399
49767 211101
71252 123677
74680 85050
16071 241528
75817 460086
70744 158598
72961 175839
67187 272017
86694 51481
24247 198677
42290 252859
33734 179718
12451 329617
76534 90440
7343 116699
48135 157173
74746 153325
5773 351067
96733 230925
47810 265435
62837 225369
12106 407979
44787 62942
33594 223637
41642 414497
3867 194422
53196 140730
48540 433120
46423 175540
38039 246392
56890 194319
86823 385624
40452 68990
15374 38062
18193 100330
72149 132604
26678 252652
63935 35190
2555 4343
89868 451751
95967 2380
19618 136236
73587 423747
5693 153751
17660 210889
76375 183245
4972 459196
74637 186633
76090 184881
68980 365495
21506 375919
5939 209273
15464 103570
36724 273158
13100 52232
59805 456102
77341 476567
25847 72599
89136 88405
40483 416011
2682 468975
5071 207080
24349 433731
3486 231878
39962 60837
95960 97653
14908 310014
53555 172276
32049 239400
43001 90427
96852 487475
8891 114866
86529 113316
72313 38679
55232 286673
62504 370237
18515 256774
13028 137959
21932 458946
23874 11025
30923 48571
31770 494440
8871 325302
87525 176940
72009 337360
90006 283861
56422 67768
48726 159211
45876 482962