603
79019 292723
38112 436897
65576 335814
28929 460764
64992 432558
92772 166063
54374 481740
94405 387364
28136 248376
32266 486750
88088 242683
96835 466769
95523 184245
51922 175717
6185 437848
97428 90390
72924 203531
8816 454455
19760 71720
29376 78890
97242 78494
42336 318249
8723 220943
1528 140289
90859 55507
41578 222866
33271 485620
23936 218512
31000 4464
15940 207173
28888 324570
48343 162732
97264 452121
69300 273912
36777 14536
93867 58027
44492 2708
15384 155807
31278 463009
68605 303361
83245 163366
63030 176880
57544 211212
5484 110371
67126 222738
45239 387040
36424 455020
7241 237062
39085 461920
60113 478852
70610 471176
38137 104287
18462 208946
77887 81392
1976 133955
75721 198596
25325 108623
46420 186010
95356 149187
62758 258760
10714 315132
89055 152279
87438 115565
7354 110594
70952 459453
27074 16283
97556 40486
52296 128839
72842 101848
82987 494749
26465 367603
36088 170634
99776 153425
39956 125839
5204 19610
1399 62210
89598 372589
60332 340841
59304 352254
44898 228354
43732 160786
45407 256638
15938 169317
74280 253569
36974 28100
86134 213316
93777 417939
72715 144915
16978 33481
82189 456336
4075 243983
14309 428654
35234 55205
95439 271670
47681 429469
14280 133573
48030 459550
61218 400492
20253 3714
93871 24399
72771 142648
55740 490951
49408 24195
55198 107040
82311 441016
58932 115355
88862 460164
31277 301389
56134 252965
17860 91423
17190 93548
21843 65452
15876 3841
73972 209158
6087 31678
53081 396848
10374 88531
29002 249797
30113 165985
17684 201520
81355 111327
36488 470098
3520 194073
59064 473056
89825 448203
15001 491970
47634 164618
1307 309493
506 418523
38058 334570
49713 175482
55007 446981
32405 234261
92524 189630
47552 225871
94314 175683
98779 93341
27525 487605
99078 129516
26015 296390
87875 201401
28590 386913
73491 87831
7332 306690
91064 497581
26114 426170
21508 216149
91775 349101
1125 56575
91297 3187
97184 461612
59027 195130
75120 235315
73333 104642
39020 137279
28183 219232
56885 338318
17708 192124
18544 74068
21425 230802
82861 498518
16993 182613
12355 136368
40156 323495
50788 235568
79747 250275
38508 287704
98182 379444
19237 350591
14941 494747
62690 266769
71569 368012
31302 452331
44124 98001
74207 232736
43136 1414
69836 406422
97300 306171
70546 173801
85741 22710
8756 460616
86953 37646
42788 343379
53137 325681
23785 154435
56847 462527
8793 310178
12837 420844
50202 201102
37079 235362
67678 271163
29075 3836
14496 357998
53743 244749
96509 11138
62906 341399
83018 499111
51994 194132
5784 426238
1367 43217
56870 192990
82876 50350
80149 212562
34255 6591
73422 245881
21167 272750
28264 41125
25001 249526
70409 365437
10234 54473
11390 178490
12098 94956
15390 813
47911 18678
45993 109496
38289 493396
62491 358129
6318 47304
23835 250274
45936 369925
10282 116331
46759 117397
43948 90879
79285 112147
96526 8770
68698 148818
99604 446354
98983 191060
51316 171387
32718 336883
12545 326913
31446 256443
94468 327834
10243 97454
78217 181777
44938 155743
190 273157
90547 215447
21277 475271
39891 452916
83430 298048
45066 453541
38182 211464
52999 493103
39460 363984
9918 357387
578 399033
69215 161733
73982 218171
41413 207231
25757 372095
19650 35212
16449 302725
2654 208789
51044 399583
67736 312535
11638 363316
33742 321283
69974 23326
14058 391261
13106 49868
77405 129118
25622 205185
86627 405458
87933 246675
88804 4987
14501 86669
36235 496492
98404 420973
3823 461838
43671 428775
30676 146078
16468 347136
76659 277933
12587 415699
72214 89087
60747 481712
93178 143149
5246 117912
61910 379875
49878 330338
26998 218050
44615 491674
93752 183551
3703 90812
7201 5986
61819 437469
8997 405384
5044 334915
24627 177570
72484 216808
15720 13044
94869 321819
13280 263159
89719 472062
95904 288599
77988 292745
96048 458677
90594 365926
90196 217222
94041 328243
85916 16754
12010 256163
58343 364566
46706 105181
35144 110754
22250 485243
26923 447004
53600 185645
39384 120028
1335 127668
17734 426606
36834 418311
65054 459571
53657 318705
38379 410688
5151 223216
96198 345309
45163 408440
47292 144486
1338 15790
239 406606
64795 107406
66926 94264
53420 346854
37366 306684
43235 305464
59171 293160
1297 16796
31804 189628
39214 420091
51345 391181
31199 187445
93003 72451
14116 264668
47215 344410
96802 214007
15292 385061
91875 264544
54758 340102
43745 335206
45247 138744
81064 479948
77035 458502
81034 180456
22495 400336
23665 411301
89082 154701
47342 122625
18425 18852
97389 285520
53166 170897
56553 394263
39981 464551
8034 125138
73856 17096
53825 171566
56597 347375
32020 305519
4295 482918
67307 94412
48072 42928
75856 80494
2234 213728
83176 231285
1610 82336
12992 52339
80588 325164
61363 286414
65363 251924
58061 179554
95224 469501
57882 80445
86197 24737
51911 301506
63337 402026
61824 104295
81079 298235
14971 139382
60686 101895
55212 19119
67568 193752
68083 494117
7631 310857
74609 186941
54408 466509
53311 93202
68617 67974
91359 465748
27490 276654
51195 164036
18013 190770
37615 192089
19473 234193
5406 63582
96348 482689
59076 257553
50118 419019
22680 382790
82818 189034
87899 173763
7348 18224
56838 351649
86990 898
44651 55153
1150 493111
88883 313556
1934 325916
6095 378690
36539 376275
63165 303333
41894 371631
74028 82203
8561 402393
52959 198519
85494 214927
19417 200479
64618 484831
27831 79504
11424 160657
79041 61046
42963 311802
55466 404501
75354 176778
18196 440099
34143 403999
75216 243243
24452 41263
75957 125643
91769 106819
31649 107638
75406 258806
31582 308820
14939 197530
62001 308861
40759 240723
83246 448226
88545 91546
30261 25284
96423 337211
1418 138970
40707 466839
35275 251856
21042 95971
87274 272707
46368 311559
52101 195557
31320 464417
52218 225247
51812 57055
33658 375018
87665 31304
67526 368277
95990 331700
95793 65347
69511 175
83819 13706
96939 336602
67987 101204
36209 449866
15231 155329
45648 143335
77625 31396
11567 72910
40716 477666
63484 242608
95820 173878
72173 331633
40626 126256
48080 306730
92375 389137
41797 375239
65157 271152
94075 281641
92289 37656
26798 188836
79576 437800
40071 231555
18134 61233
2181 388224
54566 363580
5551 180428
49226 223554
52722 130573
73233 27985
54752 370970
20894 308750
10919 313729
44692 106029
96798 155810
21064 274363
87067 433778
97274 468821
41852 488857
39208 100654
89045 369716
1876 78221
22950 376051
78646 376460
548 367996
55155 303002
56655 465126
12061 465562
50552 130495
83415 156674
33018 289223
2303 189757
26661 443379
77092 26954
57294 16555
97046 71962
2625 75884
49244 479797
13668 306054
58443 323382
83304 140606
59707 131531
46768 81806
7377 76310
91534 109665
77628 83726
48869 421175
94475 234111
42480 372551
61995 221702
54050 205496
5603 404917
34491 199078
73522 355125
18071 9956
17479 69567
27862 446772
91761 382626
2946 465872
95263 377761
53477 478501
46721 224850
64358 17619
68228 471615
99024 250702
39794 111689
36421 199424
27194 24160
30519 123877
71431 47372
43951 483149
47447 76296
55069 119293
37064 59201
22154 64206
54446 454747
87055 200397
52516 437004
91178 15353
61165 231615
99548 425353
98785 453651
48763 325635
96912 135674
41506 145798
87470 298522
241 323969
65411 491503
18030 394905
54663 193383
70109 386823
44092 56004
92603 203256
77122 192862
47055 319563
29036 177087
87609 154679
9409 266245
33470 69762
39542 309955
77167 181771
48013 66240
39156 245217
86605 495062
63848 330889
98261 382548
38380 183196
41329 214557
49829 404166
94848 411655
85151 395529
45307 289597
35945 142136
67668 436798
42484 387836
78934 284635
10317 57010
59597 182332
73842 437931
11231 78652
28149 497899
93971 354505
92277 385707
99307 154565
61283 336920
88663 253768
48686 240945
46486 197051