359
34241 251344
39619 435857
88589 226638
6006 180737
44312 405157
85781 455914
88536 44040
76007 111637
37530 140731
62633 359652
12126 207799
37648 51017
94510 484492
69777 138795
84642 434522
6804 247464
96740 407799
81132 36686
1310 163948
22914 864
51579 132312
31253 243383
18039 60843
63229 334558
69227 305196
94428 499830
84136 166196
37598 282416
92634 477905
79968 2005
75789 222692
59282 92129
23400 101667
34887 396708
30751 498488
71071 103808
69503 312287
18297 285454
80243 328140
8294 59865
7937 339907
97261 395776
19574 448830
89674 284984
5015 190667
98960 36169
91036 255371
2662 444044
34149 74997
22749 165715
41040 54544
79245 219873
81771 261756
67724 69422
84074 416618
53849 365380
37065 382655
638 61253
37228 149814
84568 205570
15683 291643
8756 307141
99426 51152
33145 348168
45316 484427
9346 347644
44631 2390
56642 432100
38332 156431
94140 145303
83249 132229
3781 472001
50503 33121
90340 455874
78964 163962
50784 301773
53651 193344
49613 132203
92436 142546
34973 325078
82684 479336
24229 75134
55511 78698
35588 363399
58557 91542
10534 304745
40019 207166
14934 275311
20150 121896
78434 270137
49477 104812
61989 345210
78910 248154
22719 348602
75462 379825
298 346036
67015 406025
70547 72825
78915 173770
75929 327852
5682 322419
61829 37733
66957 267796
13064 437870
92177 56340
67834 275817
91823 302603
33774 282055
88011 270025
46798 415058
27610 446062
37091 85444
23742 466639
22913 13486
26280 339992
88970 216818
46611 472324
78961 372650
98166 200583
71945 236415
66544 208997
74883 403730
76893 398424
87642 456246
31122 317773
85081 66451
74031 439143
4109 291493
98469 211387
91109 333948
49960 361715
20037 11546
44524 120940
99808 241176
89817 122775
18765 128544
21848 232315
26983 232052
45604 241329
353 422502
36124 433479
60215 75678
52560 141342
65190 232472
32578 31564
44493 481699
39445 126587
86061 218531
90267 440104
76868 461775
42855 474885
65397 92051
76092 478199
11123 393072
39267 119992
11251 404759
39547 96790
70666 126226
71011 229778
95853 223451
9774 233347
85631 50755
41795 394033
96357 375821
99389 480474
96450 181424
74542 264431
22701 199864
30696 300504
33303 50085
55431 27436
73945 466954
86145 451098
7380 281679
99724 389956
97736 121840
17016 28446
80563 329277
79294 126387
67338 73880
32352 365984
93191 225529
56873 142648
1774 87437
51026 28574
97443 493267
65004 281966
9461 389886
70786 396148
36673 210934
19740 280371
55295 48310
92407 498367
83537 270351
91720 35939
18419 483556
52947 400445
85987 116876
52945 407101
48026 151028
42092 454537
83191 339194
38295 481820
84838 245875
63586 153059
203 310182
17306 26654
58127 309870
41788 3109
71075 97531
63927 6688
62434 201618
15400 339214
59397 437769
15107 459007
22660 419724
65006 224474
75753 464379
93993 492920
88758 2569
51435 395943
58616 387934
68609 86504
58384 253558
10869 156848
72167 188929
45254 260779
24811 224737
66141 30869
34692 406894
76988 75359
86849 228117
88423 132272
83925 450645
51748 40641
20474 141729
32124 39936
28707 261409
37686 282830
67405 238768
48852 276833
23498 190239
18405 381123
32241 7793
69124 46257
10017 495997
43733 148348
83313 212048
90955 325995
22133 451304
44991 256664
61626 330810
13549 234126
5225 74316
19855 349138
58287 358171
57751 244407
44027 64727
60783 386024
10018 225090
27770 135362
4454 276245
18567 249462
99289 282299
62500 328684
20329 269300
81388 347963
97263 366804
74318 217746
14766 377889
78235 142355
41303 154712
94619 353426
40331 456040
10372 268346
26367 111957
51183 331144
61626 307159
4615 2862
31012 375672
51666 246705
36676 193050
46764 61324
69940 83439
97506 408843
43005 183903
28710 115313
2264 158533
76080 154738
40282 230706
29440 21689
33099 297673
3436 226340
83612 93313
18458 216067
94514 337255
39489 222780
13260 314937
64209 485898
77461 26699
98148 290425
56896 230086
39033 252588
24118 241476
96267 391288
88462 8022
30778 162214
14368 322398
14164 284949
81570 153717
81786 158389
28321 61574
29821 371277
52177 14897
16752 332917
68690 69673
39894 474301
27124 498871
97684 221861
74393 202868
28351 176707
32415 442099
17918 80256
27003 108405
14833 416123
36629 367794
64579 72612
17896 101431
8409 135106
74016 75618
71340 306030
60037 1384
98667 65558
45469 377200
75397 466971
49658 341910
50577 296851
32059 310857
4524 3463
44851 2220
19718 226934
360 38073
73402 454609
47818 180985
65720 415261
83394 186605
69032 126484
41824 252361
93364 191332
52096 163475
57233 468814
71867 456776
73126 45608
30909 192472
84628 75356
6215 89829
10220 491463
64215 482024
24564 40603