906
5501 63082
38859 333554
72363 377875
99367 329324
16094 111307
63039 129728
16450 427219
14209 129624
75100 370784
85547 255794
42246 104378
62190 290113
6776 256639
39248 35884
42056 43869
34087 22030
34935 200699
29985 258036
59068 73265
36787 10562
89513 135691
1599 241135
78329 224554
52561 274916
31967 471779
48849 287456
24991 425630
5988 287351
89955 266968
84476 388622
35977 256769
63161 223937
90507 101247
76407 115806
72512 93898
93410 430151
4998 86093
21633 407572
59696 465611
69680 17807
22082 114968
45059 127894
32924 125788
38313 183548
73483 154420
36420 350792
98941 278705
74069 22356
16162 173558
78244 444335
17731 468734
10407 364828
10243 266035
52240 394673
90694 164120
35743 459385
402 228577
78814 55506
30551 475606
41402 286992
4742 35924
41565 193176
63512 33483
12365 66758
48301 300129
81028 27335
76812 431949
51431 149408
75411 87453
51094 234309
40301 97649
18543 380578
63171 369565
33453 410582
87110 417611
91559 129779
84152 170199
8749 490720
35076 81585
70741 252567
24267 30334
27466 301159
1490 352216
4363 303475
540 222249
15177 6192
28972 147540
68138 448939
78464 258252
61793 497153
21306 244603
45647 221606
72722 278525
17938 244735
54215 331458
31821 371399
90263 345359
46085 431406
45316 102877
61140 84021
44135 324761
35165 492595
42343 225923
11242 140563
19443 338159
1995 90068
47987 258823
69613 392168
2719 146054
60838 86293
65450 325662
14265 132471
91708 330131
52474 132252
38943 44415
37618 300870
79042 97420
79221 69485
96805 174749
53582 322362
39642 309061
57383 367597
14607 373229
1496 149753
64411 271987
66808 7586
22294 248070
22454 469254
97844 267243
32119 128401
7221 421019
31570 208551
69496 445442
42591 430206
87972 245602
62078 321729
69677 131662
1347 172238
50004 423151
45043 218297
90835 25251
88835 199271
91158 101656
67677 301236
75810 340022
3385 164717
58119 391922
3934 20311
79556 114204
40259 75494
25206 422290
94808 407559
44071 283658
72241 152150
88910 222636
51249 444424
41141 6646
59474 297987
38292 394583
48458 105345
50994 111796
79585 160849
21036 256965
35 213302
67885 146137
94793 344102
39182 164654
84887 176300
35138 173402
20568 341894
48704 56581
41995 467687
93449 422028
22238 267830
47692 236032
42129 156046
53147 492549
68130 149148
92362 364595
87069 72932
66154 174521
59033 232605
47074 303253
12760 366704
29703 116605
47231 189212
49484 103097
38600 345493
56613 395206
69772 155361
49337 390292
66001 342234
37496 15273
39029 29775
34153 49821
4326 280962
85814 199932
39051 119083
20875 346215
4750 350291
64330 469075
75639 179898
88088 17448
18989 248563
53500 311171
69429 201570
63049 326900
39950 367525
827 10273
8779 318696
32708 203745
83351 471663
65055 405698
11421 380016
92219 194660
28581 155318
31659 39196
91667 484352
60910 244498
67040 64575
46402 224739
84752 170171
98718 282591
83111 368975
31602 277100
97510 139593
74377 395521
39068 153643
45541 417804
42793 135245
39056 63405
56396 94360
15720 26808
38617 262124
83321 398935
4832 185435
44205 51302
64856 363436
46611 177877
59999 44473
65278 87466
5402 20721
93186 355996
28148 81623
50429 206233
79413 245472
62904 296865
88652 285913
38541 349800
92343 291520
1526 52504
67944 201542
90578 324173
26671 125811
3497 293271
98411 227330
7486 499803
92012 458912
22787 485011
17669 474929
89470 138025
86249 297580
81972 7648
66614 120826
75288 136171
99535 487706
27023 354580
83069 481408
55483 434583
37473 417682
92350 156292
61854 300906
24475 117504
59188 92727
77155 420932
48549 382587
18910 426685
65509 147438
73916 57546
27933 370586
48296 328802
45363 174557
67246 130667
23545 199658
55438 390596
38430 121192
94572 490364
40112 93137
21949 152888
43016 58804
33988 210289
91582 142164
74548 127316
28468 196391
76206 44832
78247 347608
15673 390283
41244 282022
43297 252382
42617 3331
58634 200148
31295 330709
62568 244447
41446 224184
71669 262659
99449 92121
48112 397401
28993 410333
73341 270830
71036 1848
94342 198561
14677 146295
28376 391528
94866 144375
40359 252107
82130 392907
99783 113800
25035 161017
35907 189294
9478 273214
89973 473986
48846 184166
23294 486365
85190 40948
26289 369707
13510 173536
79001 270125
3915 124052
98373 321016
75090 139279
59569 298964
77202 68290
27568 415967
24672 447157
93149 463239
71043 343939
40122 307571
45524 400281
25331 117371
4929 266523
67990 238187
43694 317824
23069 112357
96770 200273
23681 50075
30423 179086
46600 147193
79585 31657
70975 469881
25341 343784
66652 54188
91911 304295
91007 187192
55767 446836
65454 371477
94617 294194
92804 387311
51198 370934
46252 441831
52079 78093
88196 168146
11641 493332
3259 478552
57513 459038
16822 309846
39969 159378
77310 445885
127 255051
27415 434321
21568 243094
40354 123050
98106 255895
42080 235574
48723 489284
51448 435317
73077 97352
40702 122588
31521 327682
25602 68595
59731 128643
8127 473047
14943 3668
56205 419832
55365 375470
69085 30300
90172 336287
9136 463130
34246 315372
29977 375520
32933 362217
2285 260398
72569 495747
16535 304153
29786 476215
26496 430089
95165 439000
54110 310075
10581 362572
20648 147583
33669 216592
52975 309947
82616 476656
79746 180326
28278 434352
3536 118126
29372 417542
913 197139
58831 63612
9739 100905
97713 80851
62772 93946
30060 82747
22759 150466
33269 33660
26876 374065
42576 221841
70477 202445
97985 449768
7768 261805
99289 140707
5284 89183
16774 192185
9274 302274
26680 364885
51783 223629
88448 446934
28792 105287
97042 127822
25496 334668
84481 95492
93522 414126
10683 401298
26421 422194
67278 93639
37470 403727
32501 63333
95717 369811
51803 293060
21069 360669
31792 118830
72753 192388
90071 185441
83285 274030
26361 212528
30327 50970
36269 438818
29438 379191
18034 373201
25776 91498
63525 54221
50045 24844
65999 375255
73353 445098
71935 50214
56088 42019
44594 128645
62979 201326
786 320531
42834 271825
10199 362337
88435 458091
60501 126392
69733 411019
56688 386929
15957 213526
62722 406938
21799 260005
83607 419928
99188 482116
31783 26559
65251 349941
34105 170684
23039 495691
39170 37740
57964 440559
97135 299618
48674 262847
81494 374917
17650 41130
16146 478351
48618 54261
60172 130063
25584 223545
53789 352520
97998 165090
2175 173776
18491 365361
80535 191378
15452 229948
9431 456620
57777 260841
97719 347122
98560 246998
16845 491689
55319 141268
88877 74381
84366 33895
17411 139563
31273 225800
19750 372199
98457 465923
73413 115096
20350 370937
8613 194087
23186 472447
63599 456564
16104 162878
14717 342513
34659 300401
81189 186724
95528 398282
33921 352425
54241 368044
58367 119854
99091 233906
55825 439862
58732 345799
70420 279927
27890 274125
53780 172444
54954 412246
91662 194115
84950 254606
89357 352735
576 445871
94743 244631
77440 462762
68806 328390
96916 354341
70252 94105
4612 254584
14502 119956
84770 369679
61410 180333
94658 238283
81877 274575
40275 398849
9714 48569
61600 452505
17937 67261
58680 495664
8490 180705
12946 19286
48809 324865
18027 445073
44107 4395
46717 199577
97836 385281
34282 377562
72357 136283
10022 164853
36192 113122
23805 431518
80102 463958
90369 113599
19897 19945
26359 438836
13026 134626
96391 152942
78659 231324
63930 195728
38099 439236
76801 489877
64615 423742
30013 30824
99432 17056
31953 83722
70158 417653
64829 299503
54169 293787
63854 486593
5571 269510
98654 371164
21833 89211
61088 71248
36575 282005
77273 17699
33112 299620
26105 7852
34476 492009
17291 495289
23159 427100
27706 380074
6976 337574
90703 92627
22828 1159
71713 444734
1306 170257
56152 486919
71221 318474
30735 56990
57562 19407
18579 291912
96756 61612
37644 259775
33276 186820
41766 420205
65856 33327
25344 145365
20820 50423
42337 58603
47346 304154
69202 111510
89249 110859
54502 409493
75632 472817
97763 356407
3894 201415
38510 367393
41950 188250
34893 480045
85629 367182
7676 43685
30046 198170
84446 430572
62315 94727
30406 405589
3041 350740
49852 385866
45715 325269
15629 156774
76038 34576
22194 493723
28630 345566
34217 480654
69507 20208
88829 141622
3006 343336
50129 482560
59301 425083
608 107790
89230 494838
42629 101203
28181 455158
5101 472536
84092 213070
43153 99835
91443 278693
28096 17099
93526 129877
99138 229037
55707 119918
72977 352218
56711 399824
29163 405982
76336 204373
21107 392603
54775 208453
4368 280260
4282 457631
4845 347778
84321 189783
27245 263603
23349 375634
17745 179590
32240 434731
18595 146528
67543 402962
33849 77498
53369 56552
7841 429696
22643 471301
62434 292371
34489 122994
4065 307784
60843 163663
14742 162440
3358 14702
60768 333614
75796 107382
45625 281644
79422 30561
22981 305158
92981 232414
37485 179892
27457 225040
80855 171045
27015 74444
55976 326775
35745 191871
6997 184384
16810 313286
80168 340072
98558 59253
79253 305004
85738 406513
18538 176317
84843 206805
37953 369919
77057 24209
69921 176875
70611 42374
87347 122349
96722 391019
86352 305894
38287 64427
82460 106891
45043 434853
23744 141156
13862 328683
69568 104302
27827 350371
96582 76314
29871 246825
33236 212395
77008 91691
27042 389308
71592 379308
3348 347768
83887 255841
34728 160288
50133 187127
48981 217321
30467 148011
56216 189499
32200 256016
73337 179315
42636 188717
68743 445729
4006 180188
60810 458187
72423 66189
72761 262760
76414 177761
54294 102534
25925 171599
57416 333733
96567 211682
378 226554
33245 350840
58338 192493
59315 25573
40984 86267
51383 321742
95397 406772
555 8175
332 387774
60690 281749
87578 182128
56902 339141
13912 415160
66139 86515
80737 134582
99934 495372
52714 174719
89830 432589
27899 497850
72368 392137
36267 35142
67460 156326
23941 218195
64179 276000
33508 75748
2262 319045
92622 38419
59862 115032
31805 255533
70281 382799
59441 340466
26709 394901
35603 445334
44470 458440
90590 390691
35205 292092
91259 175413
35005 58838
29554 133148
23743 39057
23611 50142
23985 111933
92391 315634
62437 31771
18295 138789
18774 142082
10181 332569
19461 49629
5287 112386
66984 192747
2707 36807
17572 478206
79836 354151
82760 251580
12708 440273
51450 306305
83416 443882
48302 50459
75934 371499
83646 427309
95897 168897
72121 127181
41968 287404
89294 228613
11421 329952
69196 257781
79094 477542
52707 282063
92835 142492
57856 416890
81628 207281
97441 88465
44776 413770
74739 472769
42893 114976
81044 252462
27879 294624
5475 45166
18241 378057
30093 219820
13554 186769
36760 131751
52097 453665
45375 415120
84199 25588
42844 250000
75308 277916
45531 96319
4730 213917
59633 176302
11140 470992
6013 44734
37295 407106
49738 111079
6465 478194
73776 477810
14803 210518
1202 394239
45951 15703
15001 140512
52990 328592
21561 411452
87037 209011
41577 47789
15254 154916
56315 482594
95383 103260
77155 11678
61854 452775
42239 210135
52193 290406
42761 403416
50371 4494
73092 304991
81497 237096
85988 318400
27739 63823
48336 391232
71989 148437
16520 97914
598 236382
35105 111358
3223 278146
76890 306925
30227 75855
1937 300286
57263 34054
21900 489053
69275 418170
46575 94662
40648 275668
77699 52558
24203 288593
10453 140443
35578 410466
84728 316519
77871 261354
37147 451745
43770 468100
63053 316459
52479 18523
13193 376637
3737 20432
34214 339137
4517 92856
60096 330837
14450 342107
46897 108
34918 5558
30865 297549
31916 458138
37635 395986
70572 84299
218 304043
37354 236801
80564 352697
22291 283882
61748 258163
5794 276390
65000 112100
36689 166922
61064 224938
44689 85310
76386 360889
10438 98559
77685 416182
5998 27869
54084 61149
13108 152606
51799 107196
37123 461978
36839 345013
69803 90908
14063 256224
38459 384263
61812 118022
19768 366383
78176 28583