616
9356 189353
50359 124778
72933 352014
47225 150588
39735 60188
74336 438855
78053 155197
16507 277243
92606 442124
24108 375392
17258 465371
95256 455248
55440 484655
97041 129978
15098 431775
40102 74817
64595 216376
8908 110843
47634 277756
24150 100019
76244 376862
7099 389000
6434 10119
90326 167308
10264 480597
18971 224517
79638 163927
89585 242895
74771 405042
3110 36343
33032 416383
11842 466242
61441 380810
72164 49124
5899 299444
2647 28746
87387 250451
76251 80593
88999 284877
54072 197996
91489 150048
18611 491009
65824 409917
68445 462349
53719 482888
7869 245596
80477 94746
46254 373457
65425 286591
96488 77156
23616 453113
30936 312543
34702 186459
94231 290497
9578 390318
76311 74811
98926 49039
14267 133141
85018 94479
94151 305898
78871 193746
48496 107303
23030 27345
2115 151280
31256 350200
48467 33756
11710 499304
36329 57172
97932 318070
45012 151928
20502 141706
56278 304889
75518 403169
31434 269376
17028 179500
78274 238086
9050 39311
18900 428986
84010 249954
54472 408254
11288 462452
20767 54250
61204 68771
36430 272456
65242 432100
75581 90998
84139 480162
51375 147783
43938 218391
77235 352994
69109 72820
61580 348866
88622 499903
99651 137044
17685 321904
9762 280316
4267 366995
11421 96752
20477 417289
36990 25083
92127 367302
81715 180124
29219 413556
93060 492548
40460 70671
26777 128828
34535 135816
55067 426620
61463 338786
72174 9397
41755 427544
39871 186345
69832 366229
5585 90189
60727 475610
56088 199374
65721 136059
67375 230985
44310 226530
96221 76849
7498 177739
8731 132940
73726 481767
3221 248279
92135 450233
51801 133502
37513 268091
68888 347685
16918 225818
60633 462946
24867 423830
20278 156383
53777 48452
10298 229885
35709 372524
76813 394380
59951 144618
82158 390100
82352 172177
43172 201584
12963 90563
66443 491630
76911 90586
93923 330928
91309 116611
49315 74573
58619 239358
4838 381200
84008 99135
74370 119448
80027 50224
57830 490807
59636 294637
57260 233012
8216 69510
75424 324617
1855 191136
52062 416517
91274 437108
6619 452778
98766 437199
37370 157360
74717 86897
31257 110913
46269 453102
22652 348635
32997 23504
8369 383409
68604 113138
93989 2538
63509 7110
57146 421760
81951 181201
34468 468611
75901 470826
20817 21812
10748 361054
92543 343786
50490 3919
87708 143056
25895 245872
68580 484613
97312 45771
56457 410586
63615 399227
76809 411064
92841 130514
11115 133176
87462 484884
58529 459880
1732 180282
71211 259501
18943 306033
13755 171131
22881 288280
32979 177151
38952 188645
92798 203286
37300 135777
71870 429299
83243 496711
26548 381021
87822 448777
16632 352174
24468 267211
11675 388981
79677 114438
29066 15957
55270 185223
40416 69540
16068 335789
2313 325261
47459 123022
59595 343246
75749 27186
2446 101531
88745 269719
49202 64665
12182 242764
92562 203684
9422 190358
69785 19049
659 15245
43144 427372
27658 75040
81294 452900
6677 11661
17158 138714
86132 390538
29571 300942
74447 3487
27867 215826
71299 388809
72091 366220
97202 119225
97385 459256
4006 381491
84147 474404
39803 166160
88943 162099
86849 47228
55910 353883
52518 419928
53016 461863
40425 366105
22476 76757
17407 438183
98751 111672
84506 149375
69799 58967
30642 38098
19469 307885
67275 79492
24346 160743
19741 130317
20187 365321
63117 26875
59543 153129
15481 496718
19985 265330
28889 278299
15607 401859
45585 286122
7166 40046
31857 137976
92047 253017
18072 228662
60034 90560
91231 296648
23510 141201
53022 405190
4005 374798
24973 411646
7418 464079
81356 319856
96057 445789
96876 357457
86507 319736
61320 89417
19226 464850
87238 147669
50799 149522
66969 368933
42183 311827
10638 350719
78935 427298
50778 499610
80342 433859
64965 72036
59030 228588
23009 363293
64979 207688
60735 251706
6532 62453
46357 339138
95728 420710
3608 378612
12967 35235
81568 228384
51931 7908
39935 458857
79562 277786
23883 230666
69142 419750
45772 150669
946 385056
59838 285429
24006 15889
74526 308630
67841 284281
5127 171543
56201 377066
81957 314007
74542 146250
57506 50629
43075 452117
33577 164871
38675 76666
5219 13492
91532 147257
59059 429370
4242 274923
51596 22393
60995 161402
90911 180037
86948 290980
28537 77288
51077 150716
94666 44413
39657 140905
91312 230839
42436 389414
2134 234168
34002 329824
1355 314586
9719 70651
41153 14602
64567 134670
77003 111431
37914 496930
94808 166664
56589 462166
32471 291507
34250 346366
9047 85383
32919 391808
70664 168467
14456 436053
61041 499452
48289 106894
79060 462875
98063 375725
20713 327069
50468 248167
18033 188449
53255 74697
11703 153117
7562 394704
18176 482938
42092 252623
62242 320755
50511 306637
23117 302426
74579 269636
89660 164660
78346 7140
32240 446615
71388 375597
45581 23955
23259 399289
68149 164422
25234 422191
98974 168902
5395 490545
43863 411132
2833 313263
86520 51587
74902 127282
73255 488653
93859 73266
20695 301950
7300 154912
528 384815
63119 267837
31184 481836
6156 456097
76724 192215
8431 382901
26249 443139
55490 443705
83364 86425
80809 347903
32218 45046
51224 131246
13249 65995
84994 50272
24128 200956
23977 303844
66023 467554
29116 439645
92162 24265
13060 157568
39157 45906
21729 361722
8648 28626
9369 382088
14818 457490
65043 30750
15280 33677
95128 152609
92089 437492
32481 272620
39 437485
94033 315343
20566 443568
35355 278955
28623 248265
17991 22839
65536 273177
98068 47102
83111 498805
62298 342239
26792 156805
6244 98668
26553 229638
79736 71467
71469 469993
13560 95160
95024 136082
99525 78785
15442 53465
97898 458345
23010 362252
45667 279781
28079 268107
34848 199778
33775 462283
7994 442301
39016 182292
25556 491465
93595 428771
99505 261997
9608 7657
26612 118307
29114 205801
30211 319419
8885 407390
50810 388374
6171 449075
46758 202539
46887 46889
67295 214565
68603 420949
14051 232258
21115 27742
40388 366902
86979 466915
50336 238310
44687 390964
8353 348142
46947 389204
53768 146203
40261 420606
30504 345458
97587 446173
3134 117319
55097 337554
13060 472135
44457 169841
91681 331823
8956 249796
32082 125138
81380 447303
2966 423254
9105 140426
47550 315127
64245 481587
55558 101635
60247 459865
21427 100157
64956 299498
59361 456251
56680 152389
64328 150216
82965 73697
60591 218434
45176 129093
62203 379997
17135 278829
26835 276926
93133 412556
52736 40352
85481 168004
60787 412115
88959 426351
87207 271608
23163 230490
41380 467270
31856 244485
73711 241640
86059 67300
50389 184285
17765 113537
32752 285239
65494 476343
34045 269564
67677 466872
96974 273640
34283 254313
22728 147305
3802 72673
51503 117346
97216 490477
54483 218729
24914 336175
26586 171688
13234 363866
16380 197215
63007 411288
75 7392
81280 457380
79372 400146
31866 81680
65793 392016
69136 89697
34543 319591
43991 279246
6914 371195
32817 172580
94118 50018
18579 345093
3091 225127
25449 122052
97624 327401
64824 15978
86213 433433
31582 13461
8028 12064
2073 172372
42227 275318
63898 165324
39120 194348
62256 42294
63124 208035
41973 47262
6061 344499
2054 455398
24158 268357
90355 482945
65437 100761
74812 185432
60745 262209
45410 418088
67842 2020
79292 182786
81678 263388
74017 310314
41205 392152
372 383417
61901 168763
68781 269435
20033 66811
66193 435250
55207 206787
21407 408081
52848 321233
8807 351841
63084 60825
91480 207743
11035 272832
11843 396572
70028 389441
7518 488188
95001 337356
85819 372248
20178 393378
89672 211644
78471 85050
62640 332137
8422 200288
40132 424468
89062 229936
75469 496069
77482 77887
71227 185465
55250 155091
38227 326177
58230 306118
9961 19233
76442 6471
11529 127442
94134 29400
75795 285440
13857 224241
74482 39372
84023 146172
83796 474027
29634 366839
25782 498725
31438 264437
65929 395703
57189 16381
92789 377649
60686 479465
95167 42841
63935 174217
92896 112775
69758 163934
75140 455015
10590 389919
99903 205370
79044 284727
59172 34900
3539 494308
53263 87359
91493 337786