579
56951 401317
50658 381829
3060 216512
48209 284752
80852 251787
20708 63000
20661 20254
17123 291870
14502 407139
19413 244087
95840 317976
83989 99467
61173 227888
24597 322935
7718 498866
50181 369292
73678 114937
79952 13741
94930 388722
77004 141845
44923 253057
62137 292015
87139 399260
25550 427388
87710 439726
65190 117713
16026 74998
84056 425206
89509 253061
18360 459912
22719 428740
50625 430551
57484 343339
11156 180265
5854 348011
70849 446101
82878 167654
58073 46793
57612 4465
53691 246469
80130 436409
52208 485310
25795 344091
14831 185660
25238 71146
32778 478748
37576 489388
57749 317518
78657 182334
77019 199192
87070 229452
34178 213233
85882 195609
64972 117415
31535 106429
74968 413562
68363 371522
89132 4510
10867 142311
81247 233949
13528 430013
32354 189811
74274 161708
53364 221904
34258 384783
29677 205594
66638 384596
95274 389480
33185 204253
95015 131144
98217 106401
9677 149049
58971 417259
83545 388434
74551 395898
51387 127609
48276 16960
46696 445805
37374 369028
97440 207453
68417 273664
69920 71983
30535 388739
83787 362842
59717 72015
18686 462828
18114 189468
46533 366660
77158 221364
64977 171193
54483 195573
66707 294865
53810 209330
93381 99659
18810 416114
45064 58742
34492 287887
27785 277655
21514 231001
77360 101575
25372 144913
27502 469587
93355 271630
34141 420026
88884 398011
30775 186579
230 440727
99639 327780
8361 65075
4053 394252
94735 254424
76964 462522
72011 318527
69372 83379
92241 361398
71269 144144
26985 227714
68048 376413
74326 205751
12475 102588
4185 65154
44259 480928
32975 106528
25220 165074
61914 117508
28526 403760
80841 231189
76209 367945
6059 116333
31611 478754
1780 304091
6305 86420
16070 15202
36748 240939
69026 87192
33332 8008
90783 131304
45427 106624
20760 166288
916 312380
37495 214180
38663 486423
83825 324713
78906 287299
60369 387227
87832 7812
41387 19655
62661 424275
70529 482481
1321 337468
57567 485360
12000 359872
10518 18061
76087 430548
39912 472840
38567 158241
82488 89395
63927 214466
31389 302452
52240 88457
39975 48519
78101 438585
98919 408410
63168 192077
93644 56976
75374 147760
11429 334847
80415 407171
66022 70610
31814 176987
88091 318791
60329 346849
39491 406801
35521 497072
84873 374359
25405 292857
57999 60403
64851 114722
95597 123829
75455 416003
71739 328670
84201 349064
52961 212293
13909 443122
41982 333845
82697 112374
87418 16493
53917 371420
22965 413471
8928 181313
306 114545
33089 230837
28188 356735
93651 407166
49686 288631
22653 15732
59565 163803
25148 420355
38491 355971
79353 478828
53158 296984
16398 6627
99895 446874
17589 5650
18050 241339
94444 4117
2419 356162
11695 332125
12100 193065
29687 414861
72996 10720
72584 410240
13043 235432
23071 356929
48202 568
11615 142704
62778 382458
53435 479044
14830 304879
44385 436484
84146 195655
42497 149069
12993 297067
42104 488815
38406 145587
48544 277744
56397 284848
90120 94439
55498 396387
14953 166306
36804 156420
85954 440833
29849 29372
45900 410392
88139 482827
11898 394545
67386 347203
46209 364264
74991 214634
43127 358477
13474 428828
99007 216293
47571 440391
20563 256394
43919 333166
61030 300326
3640 12071
8531 369148
29289 67741
69480 81151
70057 373774
7765 23321
51009 159981
11686 329574
72393 294049
75429 359510
92833 209413
19789 267694
29013 297158
12992 25351
17024 395144
37902 93134
17398 341954
2442 226979
50783 219997
61815 15450
21567 252888
27577 258205
20404 436871
15168 365927
65298 251696
95336 443914
11323 365836
47698 262347
54122 429548
10101 146497
31537 447058
59589 185785
899 84275
61633 26325
26390 477980
16892 252872
64967 87914
27088 456123
15461 462672
12955 417228
56780 81109
21582 408650
36425 411763
36743 57658
11563 118266
15305 483893
96614 278986
61746 475655
5294 330268
162 31954
48548 284122
22055 190025
9217 30083
67148 263157
89520 345352
33326 4308
37924 6546
93900 380373
17164 239641
65980 222205
81531 472238
62388 281925
92985 219666
8039 240025
64826 334301
36121 397626
60093 368632
92270 447709
99782 399907
34902 432107
66162 464848
42485 494879
48864 291974
40089 185515
7422 303263
55226 192691
91837 163626
67542 203311
8135 440489
10554 191086
17432 417236
28918 203438
71958 176149
58056 360229
65817 82346
79149 291771
37389 194919
17324 194989
40915 331761
51329 463852
92997 204963
90260 423036
9075 294029
22679 438453
812 337136
12288 147590
6967 300419
78275 215757
32382 485841
57415 293312
77880 402681
22642 136615
18043 107277
20904 23231
96310 341459
3215 465304
36757 366343
91466 11000
42795 328471
91447 68119
73397 332390
98650 471265
58398 404617
94575 114487
24428 162317
87209 280398
96463 66191
65406 370990
78757 340002
58931 399284
72211 286957
9861 250576
28559 332586
91613 181000
18524 15977
5908 6899
91045 310571
62233 124191
86474 13415
2290 259308
35911 105512
22435 11151
99057 260588
79274 438992
77911 19175
1232 209292
61743 497630
70883 424915
45438 62957
16082 226731
27112 184865
94001 345419
94315 259199
28319 116257
9575 438171
793 485101
87970 438562
88400 442532
89663 4689
33048 264973
52257 438555
5119 211751
13489 299206
49762 46402
42822 414382
97824 374593
58741 236225
39043 337918
51376 369698
64663 56230
35111 72679
94099 62041
59581 291419
30517 13483
83938 80220
38569 125094
21130 211710
15077 107686
7825 195078
35493 404219
78170 340943
20414 485579
95993 95625
74705 278733
98027 405621
98501 409294
18745 69162
54679 199056
73837 430803
25713 379718
12262 73967
24335 137082
87414 327984
3851 378376
74040 168988
6900 32160
45899 267919
59314 140519
92233 40311
46257 446550
78936 492471
80917 251834
76149 255012
43663 473202
79120 424427
22203 84661
60091 341097
43370 372521
11730 354257
47204 21805
44843 350186
74915 203984
46431 162831
58658 363255
7011 294349
73471 132571
3321 21000
85099 237001
11793 466006
31700 344928
2893 469538
93232 192982
85080 15787
22942 409268
82971 217090
88903 280853
55357 258192
23674 225099
20412 467405
59906 161754
98041 441706
24477 287291
18670 158856
76171 117819
12945 263679
21140 449945
85838 87480
22214 253899
15737 168787
67239 203386
20464 271298
13103 451457
58791 203180
41783 449202
54934 367595
72180 416369
40950 149454
5601 448983
58553 97464
32266 102832
26959 490751
18833 401725
34322 75950
29533 278675
75785 306627
27052 73787
19620 458770
13758 146256
44808 211200
38940 347332
39994 138856
16582 381946
33242 280218
76921 238381
96561 402903
58116 143976
34467 192214
12893 417101
97074 341859
68246 280367
41168 372762
55193 258583
88592 294704
14441 208354
82532 426923
59085 228225
34449 87173
17332 283735
8814 211117
12718 224127
45616 96133
56239 443524
1349 401253
59780 74631
24900 495831
377 323805
14481 122265
23654 266926
56353 414
85180 8855
92524 96781
15767 34313
81800 3872
89844 219016
34851 205095
66505 475372
3057 427043
78108 243939
55722 63083
90858 8365
25529 163786
22003 11775
28190 406270
29945 175713
80346 184603
95786 78896
16721 460294
42877 218108
36910 159835
86053 372395
4107 363016
71125 149845
66002 50799
80310 20389
22194 239720
58803 158334
47845 490812
18346 360052
86579 170379
15546 380559
62042 192871
90991 456044
31703 217047
1648 101243
11184 357237
27901 157794
16138 63568
11882 151640
41280 238475
49760 276907
82748 137820
33202 406779
47700 482702
89173 47164
29337 110271
21779 405112
88100 328003
15814 491275
61996 111871
12641 47941
9846 107375
10735 408108
5729 126944