68
15227 60758
58273 123043
44458 286613
75398 484248
53773 27806
53786 315447
99921 175493
78692 24015
10304 85013
27480 5028
81440 347339
37018 322446
64392 169529
92669 77976
74986 94405
68560 15777
4921 260199
82274 330494
10390 92878
5178 198198
42237 148668
76450 13797
50678 86918
3054 141722
54588 18485
85987 222264
54150 401383
43971 450905
64562 391470
62204 27718
46177 328560
36567 498432
27879 427301
71802 377755
91697 24765
91178 28509
98077 142679
45405 325028
61451 367115
16499 222077
65608 290177
31916 79405
50132 324440
42889 415372
34011 367360
50673 323813
97530 355264
31132 459704
73227 326097
53017 18553
15584 384832
32391 137358
63571 62576
65477 494612
97202 372182
52824 234970
27905 123963
71262 258596
50588 207550
90469 457641
73485 211439
31191 218358
83551 444405
78706 287850
53588 340297
79738 147928
83648 320377
15773 73703