917
96678 228553
3228 148215
20209 440903
3905 211217
47164 394724
17305 218230
73388 364764
33920 341531
96596 399518
16633 453609
26010 309965
36778 17150
91457 20963
36124 349164
72216 393161
93218 425337
35181 463041
74247 296158
4575 170812
96454 86792
88636 4260
86872 259290
60192 95507
92820 320233
73192 498202
58287 175327
24164 188124
39727 64376
40397 434544
4968 316232
14695 12738
15765 147890
13589 349810
49733 81490
92166 296179
26902 281941
12093 293966
61784 101980
97226 253117
61504 155837
55051 317072
59965 261921
74857 92139
67752 44391
58888 203782
57456 495232
37169 214508
42376 324465
40719 122396
28318 31412
27042 448587
80340 315159
33872 181472
19268 238843
32676 444375
10021 291126
66581 28351
17962 396626
63927 84124
34696 33772
14499 61797
69694 425461
45648 181607
35307 258389
484 10976
96567 347619
21111 474981
51335 293070
67367 268892
69875 441079
69157 494691
94214 267028
47084 360999
50739 93519
75879 261326
1047 474949
61609 377998
81692 232584
83806 223091
66292 83613
55964 33277
70467 152127
4776 439423
28789 132666
24739 496321
441 233009
72434 364447
60322 321624
63607 26985
56923 14874
86058 417281
81897 492436
98969 400032
48035 215576
86456 294128
7329 93228
87783 164147
4975 183848
58564 122107
98277 223260
68041 215760
94609 229799
53310 304142
79934 82145
78726 458020
56152 181714
57579 60309
12876 13592
12792 361787
51754 54629
38229 371167
50390 15967
43193 273826
5487 350175
68196 210232
9147 412306
68608 361160
32847 398363
12492 478381
72712 96207
69217 205816
97593 475159
60424 170411
62129 58834
7951 368383
66587 30480
4851 165599
22508 113848
19811 351883
23789 145379
89288 285590
78821 338366
61577 478217
93192 319436
9286 371614
85334 115618
98264 339973
9694 363146
41443 411618
8245 200864
84582 188557
4362 48312
74686 61968
58055 92246
95338 194509
86209 130484
46176 246742
75382 110784
60895 134771
43392 80475
83825 96127
13495 339195
23170 426251
68021 105865
74503 493690
53933 114532
38872 132963
62574 349597
53240 165747
810 119513
83556 131208
74895 297298
38539 214231
33413 107574
6370 495110
28626 395494
65403 491635
98341 400665
75840 37547
57010 442294
76885 88180
66410 440317
7564 240964
40953 491871
35751 436199
46212 198049
52858 392156
54267 270110
56289 240793
70322 101122
9719 36131
64771 117743
52374 170071
90406 127644
2177 398820
79103 175857
38630 463566
2002 467372
80738 208173
92212 483743
87642 53292
23655 475887
51818 220234
87819 322199
26467 41244
5363 49379
29598 246153
77264 379637
13644 280269
96550 3524
92044 386646
41366 116664
63851 309514
87818 115983
17963 206431
88093 98395
20920 235362
8721 176066
36628 334129
92135 88573
90944 373281
32192 284601
67129 71960
23354 47513
10270 74035
60988 419762
28594 311266
46918 909
79282 272327
39515 403528
45359 65883
40734 230422
5673 15401
38175 232890
8259 411921
535 136848
42359 86918
28368 311237
16050 199185
69582 331226
32701 476972
85926 266212
8300 409831
5438 266831
90217 369830
68246 405654
27412 23232
42752 441005
80568 46498
8960 204760
30985 10059
79863 191409
50274 129805
47679 53381
10771 258994
96944 77751
52801 362197
70260 36444
8404 265957
9912 449278
52908 496869
53058 462970
84845 176079
58636 237537
77373 193740
2718 235866
17788 72157
27877 56543
98234 37942
30362 136507
90174 143549
47316 116403
4446 432432
41172 186010
82702 10620
87419 190522
53366 304742
16389 285266
66076 248134
58348 448179
17439 230119
48234 340194
69905 14249
53248 217658
19049 167551
16235 1351
49475 210322
37114 73707
32774 313659
21822 422940
23529 25005
28046 301476
4009 335145
56188 89632
69556 457255
78281 186274
76448 252692
22465 131536
842 310414
84500 327074
54713 436010
24483 117863
4281 225999
65920 473153
5206 308377
43799 180676
96781 54710
16290 13243
14593 407084
99990 389475
86195 114385
26902 413647
14419 483698
5110 175650
94050 290797
6699 176792
27218 46614
75082 409981
94048 86966
7904 379860
22083 449447
6310 452689
87220 382265
5354 390591
33238 407249
77930 205532
61971 209093
84948 426680
14136 161505
90197 269146
12933 374596
90160 116507
41825 199172
19719 378568
67305 457446
80798 203236
55026 153671
24151 183460
85658 209654
32481 427473
19065 393623
68937 459689
5221 85729
13845 412127
66768 381121
77208 359799
86481 453973
11446 23627
8391 200114
4507 374472
28057 426943
62026 128881
79408 141687
21669 409243
87195 277643
33521 453008
28230 389022
70753 445260
83356 143239
81807 421763
93617 61970
74795 126457
64656 223583
28508 135784
30596 498146
97514 73726
53494 14817
99556 97372
4838 71034
47622 203032
13575 273914
46675 234492
79493 374374
77807 45860
95028 359222
93060 383684
77102 24821
45501 167680
68272 117667
21458 274995
9550 15795
87673 122153
56061 316301
94961 330724
72863 121549
91369 228634
82018 332610
27776 375893
23115 47184
20586 356978
72252 273038
5446 130531
86935 200297
51760 877
72967 221535
72505 200650
47062 291045
34099 71561
34268 247810
90381 337577
99049 158770
66291 141505
92821 459811
81597 171451
61683 233659
53661 34101
78929 493328
71222 212991
21040 48590
98294 191839
21912 117653
98849 122096
12660 189113
41149 423486
52882 78304
61112 297419
74710 401671
74426 289806
63692 371134
41383 468719
26260 129831
86559 486380
26575 75515
80587 438680
6806 56005
92744 482326
96126 369221
16959 371170
38351 172526
77717 66952
65376 111560
98188 361675
93048 452111
55172 444608
91393 167410
77921 47760
99572 48597
67765 249978
84424 88431
82071 1230
18384 54189
28330 375475
16636 439149
39262 5794
9532 333220
36196 115368
63066 299480
65394 447304
84633 40583
85673 153047
22278 43839
37774 327774
82237 265635
39707 278652
19459 208524
52631 386785
42550 64198
21664 452500
58763 474671
847 260686
46110 300539
79143 374621
26953 47698
70667 204162
22330 346833
58517 306995
2343 491269
84836 300282
242 320435
11570 430580
80160 307763
41901 486162
60470 399024
14121 161819
72408 182185
39866 8712
64416 238260
12877 475879
99322 289878
98855 43834
47641 229451
3731 400853
61369 45156
48719 135266
38098 424868
22789 200640
31117 129795
52615 129376
82112 215691
87852 235431
54019 314782
98910 12624
99219 67789
49851 411847
24003 477314
31174 342990
43167 399928
59850 322044
53490 162173
32575 429176
14255 327639
68432 70115
95487 421980
88887 154476
33205 96120
25866 354713
71291 437547
95480 112964
83761 406888
74727 415036
75008 155608
4674 470656
52497 270837
60536 302280
63116 354511
43362 220444
74600 318602
51104 142426
18598 324318
3527 448372
38773 200086
25262 50256
32773 132594
6044 323782
3229 407525
92127 384486
22341 289175
12552 437199
1749 99556
17223 453913
37631 451834
74787 146476
23895 15999
13801 275751
50667 143722
96201 382490
43160 236549
68273 225420
49747 495250
37852 302645
13621 416418
54087 92645
39836 77471
68047 26780
14412 460163
30254 344912
47324 112255
49523 115594
36010 130422
17767 305448
93726 35295
81160 188125
5558 207238
58370 39629
20510 235
70268 229650
6810 422433
1317 166457
24519 221584
22870 313573
30150 427349
94131 14347
41933 48829
6175 293013
79497 468749
91412 211328
77449 339645
27094 24861
58239 492632
69057 247123
61198 220477
85685 335355
38716 131233
64759 244995
10305 65131
6803 122828
68734 110967
1401 306220
13970 117748
596 434733
27514 355334
47407 267980
51883 448964
33358 106139
47501 32507
36409 442751
8 129449
71620 310130
4528 3682
18434 121698
40565 396303
69399 134544
53004 436074
12145 293939
45744 84644
54657 76435
44196 91008
5289 69422
33890 19829
17263 180982
7554 409551
25840 94576
34550 308558
85361 36182
96265 210725
69402 161654
1957 329116
50637 98674
36239 450543
63292 332030
90400 93390
36348 70277
28638 400283
14377 74213
24753 52430
96159 101646
78606 406196
88853 156486
9778 37516
11056 54440
94698 230889
6817 473792
54704 210259
32137 328881
49023 326917
87590 435695
1227 33264
86707 445189
50792 453399
58662 71793
99343 110482
22781 45699
28223 468843
89546 130754
44929 493443
46192 322182
37509 26990
69059 396319
24731 358099
96240 270765
80571 261837
66269 82341
71389 280812
2707 337683
26501 226837
39449 211058
14827 360254
11039 398869
44488 155155
55533 333122
40438 358580
9200 42802
89730 365076
56600 320211
70498 336764
37984 408934
85949 3109
35405 411841
52283 45730
1981 233549
27444 341364
11924 413097
80054 293235
99380 194629
8909 212556
90810 83816
37361 320414
55957 449067
95450 466300
1910 331868
32853 276302
15269 221372
43558 344879
40943 464641
7319 73712
79184 298197
21049 218452
83862 149973
69677 398354
64588 139666
27386 275319
78223 432435
49171 4449
47114 466194
12496 421221
85305 211547
3161 74665
69745 494704
16932 185034
1715 201959
44895 115672
35152 461130
86880 294997
74435 336182
99407 470522
22726 364349
15508 100275
60247 178756
6143 490493
13069 493541
28975 418511
16825 199726
17545 313614
34655 453889
60687 139767
47767 438130
56535 193625
185 361740
49082 261688
74298 408460
47600 33452
75012 99492
89881 195744
6958 371066
75564 265907
34303 209926
89674 138362
28619 222103
16513 32796
40677 19183
40037 117524
31840 231970
45023 236179
76189 215899
74641 181596
72319 201880
48226 440166
47608 256617
1885 418942
39502 469204
3751 100450
23674 479028
63929 105319
45458 289526
93783 274899
32677 31962
48275 393379
87469 387288
69427 52071
74237 76952
59789 431841
75403 316089
67500 419530
78568 205579
89755 243597
41417 181749
61169 393930
58697 199632
39536 327156
67603 192649
41911 328596
71752 74339
59815 124675
71513 164179
78654 397876
86504 411138
12210 81448
76514 358639
83827 113719
66745 211402
755 135150
26089 276410
69386 426539
22544 264216
71467 196163
9224 277362
99767 346589
73187 342345
80375 469909
38325 239347
34640 5530
2216 23673
98192 4015
76243 168986
22101 89294
18480 308455
55873 432224
40955 162693
48961 499654
97707 294542
18522 321876
61495 310448
61969 165392
82187 89260
25295 480663
1063 126232
1560 16473
11042 379646
52810 308760
96827 432571
18621 191053
49481 454369
89719 56739
38362 386293
49163 145978
52772 159345
89260 454437
52854 449251
45152 491532
30986 440492
91962 283531
37903 108931
73403 170705
26916 387856
88861 86754
22871 47857
12438 12534
46770 46456
28236 285464
10419 378026
36724 85159
22076 188641
7023 38360
22652 39180
63261 8178
47646 493322
98080 221456
73128 244275
68020 19107
15951 233135
13894 442446
93570 303452
59754 149384
83581 363660
54499 265469
30636 436804
44742 77742
81921 492447
19309 427852
87227 258313
93109 171265
82784 120357
15264 272455
89602 475816
60109 207854
63972 438363
2588 325787
26300 439388
38513 182467
61533 374141
28761 190740
74330 358788
9894 386701
33595 37578
82574 308193
17989 431836
22103 197529
92823 408125
43855 333198
85157 390434
68818 394035
89395 101044
52398 379753
16712 264754
69022 311080
52462 409292
4766 441341
85182 226889
74897 101446
76217 239810
57339 496952
47129 104165
30087 432346
36292 32243
50549 41991
55049 241314
21785 359856
19670 92827
86586 242136
175 54269
80952 492854
25556 33976
38201 74838
32601 303923
14804 227800
47439 360615
60539 59216
50722 140610
30632 466596
12740 124293
90638 489457
90046 243942
76831 482247
32117 125871
67930 156648
66282 406269
91641 322445
45213 148450
65429 281473
59753 155843
12483 416260
76114 176154
84486 485481
29959 175381
91490 352824
70978 275445
26262 357517
89935 223600
19117 395127
60391 482704
44094 76538
12413 594
57430 421645
99515 299880
57712 162813
664 159927
37886 54344
24739 91898
38665 416035
24268 449661
56326 354869
14535 110978
38720 482713
8635 366048
6097 111488
20699 639
20661 104685
97076 193757
7576 165975
16829 38796
85939 282666
97597 157969
73648 71686
28475 19271
42777 251455
48795 486170
43746 316123