957
85363 277669
13530 286603
55605 443509
5443 24207
88329 268833
88511 435652
63217 380050
51393 168316
50916 23168
58282 138587
94632 103900
35201 112090
54938 711
88352 465253
54981 386937
78304 412382
13424 373499
62711 144888
33746 247245
1294 279452
86123 434017
95179 404999
71547 41886
72433 25674
35590 455486
93652 181673
12804 165328
82588 176253
86895 54
14825 167922
12016 42472
38543 356137
83926 374288
59640 107191
59771 154060
65316 494789
73210 131472
60486 167054
68109 374817
35556 198595
56474 59258
66700 384106
72008 128459
88294 232539
60851 94005
32293 112834
46978 153327
49297 406912
78844 79396
1770 60458
17431 54163
38065 355592
90664 487214
62744 33207
65369 69723
2603 25736
53875 383926
55218 246335
46569 482733
38581 38356
96242 357059
25418 328821
56402 486829
91507 11906
30036 186616
79228 18896
94437 239585
45950 378311
86261 342331
12029 224676
33391 342989
74325 321784
45993 40785
22121 369606
41440 52183
70071 14089
28867 451071
99363 484620
90840 205187
83141 425520
86094 95883
43259 467913
18359 475478
24088 153569
69597 198232
48112 425748
427 404662
8686 325939
41995 138508
95674 332001
17766 253671
49081 149913
90495 224396
96488 78246
45760 371663
69318 229736
70617 210621
58940 180054
35559 169906
24411 132215
83662 283651
52557 45448
84309 296982
65436 344249
43478 145349
24411 132240
20344 71071
11023 498116
87967 204999
74363 203587
87302 271187
15174 490060
81133 113006
13895 154678
90040 465238
58301 459848
74196 99999
25228 254238
68568 56398
27148 200075
4972 51614
40262 381713
408 63711
14405 78730
24103 352466
91005 331587
76690 26062
15134 464636
90733 292030
71327 156521
19083 387841
54188 3604
96823 70313
96289 131032
45362 283772
62536 24167
95129 313046
32632 221894
71861 417765
80547 144908
67671 174060
34847 246662
55949 432736
66634 164438
51380 55950
39491 39919
22949 49011
50064 408507
85073 161826
5492 352373
57099 429730
7267 366287
37459 468750
69197 406830
46906 269523
71883 202025
62938 119349
56365 194701
77497 342282
29907 340956
36207 192189
30540 360265
81958 180013
61241 383517
64583 261483
31263 9270
50336 367616
27552 281187
11779 134628
63139 335209
93386 170888
79097 318753
67551 255373
2477 233591
53719 246571
68990 445517
75940 390827
44673 186806
36130 456717
81773 372539
17129 169667
55943 168313
12966 31476
33438 247553
5511 99642
42399 50903
55749 172292
26361 489364
26339 3669
87414 97924
77249 146947
96080 133129
79992 281561
71315 323638
59925 369173
84694 296340
38777 347659
45440 97504
11022 136000
65262 475435
63592 50127
63704 20505
85673 434376
23350 105155
85932 66412
22686 439989
7502 157330
57289 421168
53104 144038
33976 246217
13522 478468
21289 355944
7713 282913
68015 193802
6093 364131
73433 452832
41510 374884
58614 47182
81552 52435
28155 394765
41225 127986
93410 617
4199 435545
21371 87235
23283 157586
19436 20944
79752 274075
43573 333656
9280 266471
39805 286168
10876 289533
8064 210176
44660 316599
64228 387062
1006 389925
60684 24050
87978 212968
84880 90528
40206 92567
4728 73313
82339 497277
774 197929
19765 447672
1194 281794
6185 64380
83915 215208
96029 207630
35521 8780
40300 293098
96567 90994
51901 409214
32865 351218
47673 428268
30932 44474
56899 205804
6534 194890
84431 337799
33446 493782
93895 238269
51910 209064
24296 295968
18228 437244
8545 381943
79616 121059
47204 280828
65227 206816
75834 452286
43301 417166
97297 490944
68063 330231
90646 291000
47378 458430
31342 102001
83769 93367
39564 377417
26469 430826
91793 149396
3937 480627
54303 265591
70632 120645
69451 385134
36191 287394
30287 87654
61301 77284
74779 38499
27573 356184
91347 271772
35856 113694
26680 363898
70368 45738
56985 150653
91607 383526
62152 117303
30623 416238
10009 82542
31476 201618
74713 324606
31815 469175
97387 107765
33885 35543
83088 252438
56560 12540
82654 285239
20807 483017
88722 286338
1563 208145
27330 102359
34703 332734
5867 46473
27565 250763
7485 433277
39729 218410
68085 23022
40709 309216
3250 42187
35714 488100
59925 315543
8321 121155
53577 148809
73607 160991
12897 307306
34580 186091
76237 58201
25485 40593
96246 58282
10603 137932
79302 369730
95056 54702
50200 132317
34806 30011
22975 45481
77039 454476
3608 14536
39506 334510
29620 271794
1177 135712
57276 350640
17327 457401
90601 480898
29626 167327
6560 49499
58329 124432
16544 199935
46713 216893
588 165100
55362 194986
92477 468302
56768 306128
78958 232425
46905 386556
43224 105651
40213 434477
35092 145110
62632 268153
59257 93523
5626 1736
8849 277818
99171 340664
16799 3860
65781 22552
35469 234329
17044 49453
71199 318170
47186 404143
89592 479064
93605 176493
84096 122570
59279 271429
70204 386684
50826 366285
40280 83178
40640 94765
96977 281513
77700 150114
86896 57439
91427 239197
45758 422246
59787 212258
39891 159565
73957 190858
36375 445751
14721 83041
42676 278329
30178 180648
37039 372800
67385 44884
87625 386249
44185 318605
8314 327048
86451 202608
45312 444546
11018 484718
60263 452274
41304 51819
10126 385576
39463 329535
8857 34213
8431 87224
6903 105152
7803 460887
27024 386468
15443 223694
713 393647
63566 185064
1402 461909
52009 380769
3285 202460
76974 387050
90532 209245
22043 356871
49058 298057
69335 37104
82569 296546
79917 98867
74232 484637
74975 264912
30446 146151
17280 60188
59965 364509
59861 164319
48610 492562
89694 480918
85343 34317
9127 38961
82115 325416
56985 181782
36994 35698
18027 95004
1968 325902
68555 287409
88046 220530
6193 227861
32292 248169
82452 234781
29591 223250
21203 351185
27858 179518
15552 12973
15260 23125
20076 295236
24234 413458
12060 276952
76846 273571
66895 212260
85586 227562
25992 8082
89932 486590
39445 433253
13870 53547
80918 129265
18410 381453
90711 173950
28497 171161
44803 141000
31340 336341
38343 19426
63239 481467
41882 305678
6965 195322
55720 104486
54002 188885
52235 472375
64601 233090
29401 492097
6330 483051
2661 259000
75780 28625
48721 175302
18124 439556
82614 129286
62219 87244
80539 126507
71211 149411
89491 351383
9246 171449
73269 386916
68455 4367
92484 297919
14397 90556
62539 25447
16180 70315
60208 328019
40843 427675
39998 401225
31146 492446
72043 183208
9088 331866
38990 392671
86751 57835
92048 249139
83754 416671
22956 104541
32908 278776
98141 21738
32811 418894
28093 128857
76429 29931
85040 289664
89991 423181
88049 492008
73393 493063
85522 149836
4976 479232
11575 56286
60133 497618
73097 469187
42783 249772
43429 192914
61255 155505
4848 410200
39126 311607
18508 34998
11351 93065
4204 235426
76181 491782
49679 214562
64298 479615
31100 454548
88883 94428
8501 279785
58128 189848
57800 310149
36391 486593
29845 145793
99559 237209
59397 287465
72727 254455
91888 482367
237 167367
26154 280630
73402 458086
21417 64471
8391 113543
25586 28191
4305 418768
45590 332191
50855 58205
71635 402331
62796 221532
1927 67756
75546 348432
80690 469150
76214 127311
2070 318802
11109 169828
5784 488349
49321 66349
34349 20520
67498 22333
33496 274030
64449 174844
26133 128225
57896 254306
49598 346564
25324 231583
30025 91250
55963 356567
90398 340982
21787 132318
711 382801
42643 193376
59886 392600
18034 259420
58175 331539
65761 139971
21405 352671
70948 360126
48222 203181
55963 367046
41966 435393
53757 452074
12711 300755
90256 161036
33650 205777
22318 474628
19937 431708
70497 76156
3191 336358
74496 135762
27083 1434
16008 326745
87405 165172
68117 232472
15195 342277
42099 155977
17050 336049
79676 98203
45786 190032
47124 95409
35653 383376
477 185761
62441 491889
29503 276150
45480 132264
85081 193327
56433 247421
89652 474077
40343 457900
32665 180169
13350 128808
20134 290603
65628 271444
69760 469780
39920 494472
75285 176645
80043 452018
57064 255478
11467 135634
4734 115408
56215 159900
51411 307859
73416 178906
42757 14801
45956 256776
45673 341009
20646 56950
50291 34893
10136 187786
90558 463220
84830 188539
14756 65513
69900 472791
28555 50882
25335 11390
30030 217705
99864 10340
84848 427519
97583 89459
71872 151316
11979 91526
56804 226864
17527 408912
79977 330158
4307 2547
48287 233659
11928 283049
54841 354843
35531 214463
21336 300933
77453 47765
98220 96738
81157 183903
56051 67730
92940 343719
45972 79014
54055 179336
41831 419591
61478 137237
3951 496110
447 293360
48767 316874
88929 16467
44471 416477
18309 407467
44946 424543
64847 37751
34719 137530
63945 180717
73501 82636
63909 12950
26092 127368
36455 460365
88050 77013
21751 75301
38870 287341
4685 384832
78913 452544
38108 359832
23886 116623
71610 411609
96216 138801
25975 246981
91688 42385
53008 23535
20435 31501
79057 68096
21779 173273
79287 428374
93511 42138
15079 481152
60196 317004
32930 48867
24359 320445
3977 341624
49603 108431
74046 200555
15366 46714
65319 70046
24410 113703
33098 205668
40216 69558
68404 367974
99551 223417
53849 159137
88806 24087
42320 245638
14949 428490
49792 19385
32815 235649
41114 452211
90979 368863
69645 270273
45842 182010
88924 137186
29785 398524
31193 402924
60293 162310
7282 480775
98049 198792
54670 293168
92766 340874
21860 312536
43981 378375
25247 475139
84266 335468
72313 82986
63049 445566
31189 359929
44431 304913
74403 458001
52728 118705
16703 36199
75204 189149
92433 319619
562 426439
24877 192579
6869 261493
65886 80533
41134 257347
56073 75712
70401 384191
52521 45468
32623 211628
81025 132981
80956 318496
12910 255084
29102 102693
42916 242678
76973 318811
85605 111419
21946 449557
20778 323320
83546 451608
10616 297341
75191 137695
99022 474288
14914 383193
43717 68745
83199 222377
86487 186100
13626 225605
49534 166834
61457 194424
97318 20376
10149 381313
29916 300750
20042 170962
78114 250513
95722 421233
82414 343089
61259 132922
16147 206676
24342 312634
45741 115281
8451 369270
16453 162102
83945 80674
6124 339171
77627 299755
71410 126445
84488 367918
73667 119196
18737 497310
52126 42348
86325 98882
91470 495600
61283 289524
24663 416842
9715 365283
17574 119093
79506 388786
28661 196220
21057 247287
20955 239071
20744 162589
21581 75157
7755 328674
29047 146021
59023 433689
18975 131852
83243 416746
85296 332762
45493 154093
14309 262100
74171 110995
33087 252692
46312 355165
68203 26276
35311 193954
1991 225383
6888 76782
13018 295057
59162 112349
20813 370441
42469 248740
32093 26542
59388 354505
80609 103407
62904 219462
56947 89778
76704 135178
89704 452110
15471 182199
51438 371184
91147 309989
46367 293818
53324 192606
24925 101343
81280 5088
28303 277897
31132 192958
54434 271444
94054 116319
54061 468144
73762 123806
21548 339650
50434 9032
25941 93219
23639 295649
54943 338208
53647 399871
53783 24440
26209 427245
78369 150113
62607 141354
37528 377252
35416 297384
65964 445596
36788 208909
47141 171643
17274 281973
57072 125254
33241 387822
99638 495476
22842 352922
73133 121394
62755 277297
95075 417666
23460 96316
29284 57303
42489 471195
94090 187002
8122 4832
23879 318921
15141 462130
5361 113266
28392 54635
66976 189917
39634 171418
33876 67903
75076 258274
25328 69992
34415 9337
67932 269654
38529 97802
45394 140959
72891 365427
82264 67820
45325 186472
13846 187960
59924 306030
40871 329429
22235 450945
29896 172455
87995 272398
66209 137895
36908 146874
59362 337633
18731 363129
92803 47318
40493 17175
51795 32699
92895 29715
78224 103960
71526 27583
56225 450411
65942 396226
58634 141858
11585 272854
55400 327588
57408 82730
5764 318633
64634 388576
52617 322685
1194 305360
30004 383489
52507 356260
98351 160714
46486 92410
55428 494912
27905 443269
69300 219424
32907 103724
55589 137595
62318 147562
55198 64693
29529 6252
80509 419847
79511 288694
68831 333597
78156 324446
65470 225368
53101 234480
24019 177228
2055 432744
49446 92036
59220 308187
35227 442266
49028 156462
58414 310143
58957 457885
69488 427865
66004 202742
24377 350687
1506 463323
91164 269599
91170 11972
27767 223705
100000 296603
1378 218498
82184 350622
22039 340258
63048 47200
41029 147798
29565 19592
35312 158478
21882 420016
55667 468400
44121 151527
69541 219219
95770 206384
34041 288805
60938 490465
54074 248870
61447 62149
84894 260555
7001 97722
705 326140
41285 45172
8801 76950
90479 1944
82629 312041
61708 198690
96152 320602
83705 5087
84409 125763
94812 12307