804
92679 147837
75103 141232
86373 300181
85761 19207
51450 364590
71001 216122
74702 321810
85258 82092
38503 173022
59864 243796
19683 333283
68371 378206
99840 441736
52670 490570
6148 201574
85586 347468
28358 389675
68003 154378
98184 56504
22613 271137
86718 242531
85862 156385
29928 498582
44042 107916
41416 496686
12454 258555
65593 99100
92269 282873
79188 200008
82805 487142
15885 455817
77772 114997
77126 139150
8377 80430
47904 439544
20760 463629
41378 96413
44543 341409
2321 344167
66902 307182
65801 400339
3295 295339
6781 223923
3494 378917
86638 108428
96336 320538
39681 90681
4512 485695
26068 114310
28542 373755
78202 307861
38077 437097
97941 449213
78855 176666
3249 309990
21392 332177
39755 133486
11869 408421
29999 118087
44854 91042
33414 336598
31289 366504
89207 375254
73162 416299
61747 273075
47620 77425
58065 369104
34864 186967
48846 58913
46266 280077
21682 471857
30837 235893
6110 87934
20268 359048
9471 28984
60001 368241
58000 365765
53345 68751
45431 467616
11604 33495
25791 401110
48882 319120
635 224199
42624 127542
58658 13579
92566 87544
68888 478506
26615 260826
95795 455619
60125 447636
57633 412870
13136 147632
97094 23418
64128 310640
2028 60984
60574 194405
69723 97261
72958 17433
91145 150716
48714 243207
68362 462746
9075 206717
73886 118352
99654 245985
88722 313917
23378 164713
29405 233394
3284 40129
1308 388244
51381 45737
44329 362397
31843 436725
95116 358682
9233 412043
18765 113166
40826 3592
43961 303118
76560 282172
59186 420516
11366 301417
91975 317741
38417 465192
83483 107642
68970 395140
34070 256947
30317 495356
68260 371247
72580 49829
6054 106845
63730 221958
82691 104286
21429 265371
97458 15560
58601 323571
79959 275557
61244 441778
80519 455858
49792 384239
40226 363136
57084 114295
77815 322647
97604 154600
90295 206670
95160 214839
85826 171796
3086 168203
32144 232170
96243 151967
24900 357479
15484 339172
84748 411987
51007 272284
43312 44396
48373 379329
18019 36516
8806 167292
63306 255968
52534 211726
94002 383707
91422 334986
46681 376097
5740 348761
55501 317268
45323 103093
87704 202187
65521 166734
95930 38286
55950 283432
92955 419739
54408 247131
20149 298148
81041 39186
83912 451599
36733 351276
88856 310517
8873 121694
9865 78179
99417 456304
69996 46108
33359 200091
33403 467700
79762 183857
55754 177174
72396 334037
55167 51808
93092 33726
9435 396834
79777 350649
36934 153507
73721 17028
31861 63356
19172 12020
58143 379994
34792 388752
27996 360640
8107 217843
25017 378467
73736 108558
77806 75948
97556 331683
16644 79738
15849 79947
58895 114365
53153 280050
36535 278332
89835 464917
49808 404272
24761 129835
48964 186535
76963 216409
8397 343650
93592 247580
27656 363831
70749 170212
66742 318927
48609 399379
83474 203337
75575 237345
3520 128661
61363 22555
99045 113498
8411 200928
91327 6450
60415 379395
37929 191656
14240 43116
77130 395329
79015 404823
56065 327248
24009 234387
45863 109343
31372 68611
41629 174637
18529 285473
77962 200011
64320 120406
87308 362430
31471 205028
51515 353696
8419 175228
12813 444287
69405 410344
29476 377949
88059 122402
85698 261454
54643 443451
80641 295101
99657 233237
32460 66023
47990 65897
74128 447134
22207 420450
54730 246919
61248 394656
47827 313693
66375 481335
71620 420940
72340 393965
96561 257366
61569 220895
90107 380178
84784 320924
40401 499368
23849 7625
86879 468246
9701 111867
29379 377390
74591 145152
57137 35797
14169 397527
86416 212038
80734 305459
54228 375213
18717 136796
1729 58573
55644 367917
25703 441338
60921 241079
5777 26560
61620 282205
66725 448858
51724 65206
75219 80891
30463 258319
52853 14121
38761 36390
3523 170268
7128 446320
54188 215268
13627 387443
24705 467009
92226 75661
86868 62760
40794 68363
2423 168261
23747 260883
31423 238803
71673 173211
45682 436038
35358 412399
58533 163937
63370 62031
56062 303616
34362 162830
41235 393520
51085 16308
8481 291986
90526 354045
9866 352316
98813 59224
34794 438999
36939 243146
28432 276354
15815 179144
93523 464397
86677 60064
60201 98399
53930 402033
2886 383313
32768 368141
69285 2001
30677 276254
94088 168096
66879 98719
67190 131828
96851 476319
30407 71287
59547 70466
50376 125766
17788 419999
80275 6290
13429 109154
56470 174371
69336 405196
29908 490608
26021 136910
79801 308232
58935 316242
56878 197900
34708 194962
76936 242546
51038 449759
46280 57156
32403 209819
77035 261567
16463 312735
12837 209237
5187 452310
16601 46315
686 462240
8500 106171
37393 439536
35107 152787
37987 107887
22542 48917
94857 113719
92722 229653
88957 159480
28235 383934
38911 347446
58384 232685
14435 239272
33210 480532
88436 474939
61358 388441
25941 145038
79948 350804
24740 6804
94778 286197
36902 410229
20712 103419
65578 485164
69697 369566
39665 26666
40600 102182
59647 264338
50138 243025
17083 282939
27136 100209
63014 381553
8039 90828
59504 142517
53494 348282
95708 285944
20592 217259
65307 390148
81609 445086
53702 421299
92323 141675
12715 219606
29536 291962
88733 249935
24755 38218
99576 157975
96686 447051
14008 196633
58179 273924
37523 458197
33741 444398
88765 457758
25971 19990
47468 299900
83823 34815
94974 73355
66060 369918
77216 352602
94397 450716
53678 59565
39063 123704
87226 55516
17807 43778
12635 60626
72608 360961
78437 35630
77796 334574
24953 361157
18531 249719
64893 118014
5548 479869
92337 288117
34187 136982
25205 420120
95446 313356
14652 129165
25489 326427
71973 70346
78367 392215
22727 331292
14809 99140
83939 229377
18882 219868
38409 462221
59676 228749
32741 187433
44397 39480
38944 410799
53026 11379
25774 174576
24492 213736
3078 283310
74314 156340
91402 204482
4653 348649
82460 265431
3738 27244
32628 450925
57612 361303
89508 238935
28350 361592
73477 148765
61797 251377
97744 247515
25625 34550
19495 385536
25624 322802
69769 176496
21546 168322
39414 351843
94001 423928
62741 360579
21393 106361
13458 231474
97595 145632
4285 305890
68021 400537
19638 496475
94253 111910
69465 389432
77924 123262
5662 281354
61030 12809
77746 119764
39675 359557
30559 340845
53865 478372
57478 258561
73147 185132
93034 449424
49284 319349
99562 297838
23089 29199
89810 70049
57519 473
86241 55847
20403 278155
11791 141293
73418 401229
34665 220952
81165 169341
31517 16000
54271 272462
40225 384272
73080 20931
86292 156744
50541 154136
97059 482171
86592 8314
24505 131857
4260 478217
38703 224102
60847 87005
26277 394377
74298 45151
69979 148286
83260 387499
58545 450717
78826 486004
10475 463888
61362 163168
47013 5433
52150 198600
66278 289450
81978 122170
73099 439883
43889 78903
886 265015
69350 113333
11203 213887
3008 5277
56408 16101
53391 77358
65996 7235
27699 458361
83005 296034
92978 9539
72638 113699
94621 211654
75160 12954
35735 135279
8504 80109
86620 311714
64559 463257
1639 476498
1932 365998
37224 75401
94964 42830
67499 24358
83639 136498
6470 126042
55381 175045
12796 299242
45932 447878
63676 145136
48642 69707
97374 48890
14821 495129
491 425705
83918 374221
79154 270644
28420 437462
40007 321570
58268 294488
71554 455315
57749 328554
39404 255448
46785 164089
57928 409591
23460 326531
69833 187912
25798 291837
49642 125434
30999 327950
84405 158095
4096 347153
35599 21083
78611 172823
91108 257193
66664 410435
39203 115478
87077 30636
30972 84180
12950 408510
38619 188073
84768 5273
34535 259533
35481 442128
13470 124943
97202 387564
7440 426993
12069 426151
11916 259656
35855 432977
36795 234845
28537 8015
74985 303406
30845 427734
45644 382765
78142 93748
41952 177248
97602 478344
23697 57088
2960 213029
14429 186074
42847 107411
70301 496561
57524 441070
31606 357785
3688 25701
37844 465342
37866 116348
84647 356603
41976 381963
10446 177923
47722 55356
95012 387324
13880 364081
60819 8671
68507 114139
77925 97594
80389 223716
94739 9774
49937 74791
64658 383568
48042 437650
38515 234220
78381 92395
61626 2398
7125 405800
89563 293815
61335 917
24218 201502
71106 335314
16141 360428
90010 388883
38205 331887
22369 29854
45768 487304
34067 427728
44786 153101
13124 7673
77993 315207
64837 417243
5817 210005
23674 67567
96829 431880
96167 341887
61830 118213
54842 222349
31346 291174
51629 35563
70731 355449
5616 497153
70963 301183
15631 55147
59668 309006
87911 358584
97569 128784
57324 221708
32918 394050
22666 125822
87019 37142
78214 469499
86139 383025
19265 450049
80751 57357
32933 235845
61725 282168
69677 208942
20945 46420
74377 459575
82863 402101
46914 422321
946 456678
88313 440382
83672 189796
49156 58167
44485 2561
77029 243016
64528 471619
13479 49807
70066 260162
10457 60224
2559 391469
31544 142499
1289 310566
33119 8341
92013 253217
39536 472195
53536 430217
34237 105554
731 462812
50425 436378
57721 148810
67734 478406
4619 120825
45397 108053
4064 15684
98457 431164
55890 344631
20095 96002
62983 24053
78279 101315
48585 120371
10027 76334
2509 18266
89965 326311
20573 436840
55619 378373
61200 436111
22147 303029
39889 496789
24782 108405
51200 262227
10209 308090
13909 172599
84557 393259
30453 83585
959 497827
79523 161833
75882 472723
64090 423768
2575 491453
8672 495434
60152 374106
72125 432595
4524 67477
88067 302838
56112 31086
14064 474607
43143 120185
1654 279531
89711 154620
36400 143371
25358 364628
65493 250277
30482 357168
26295 135523
57010 156789
79380 17857
20432 496792
27436 79315
73245 90727
78044 281373
97699 380257
52295 258681
76292 196057
26751 419573
70127 377207
38864 413458
10199 208407
2124 162406
8069 423815
63794 364123
57691 45517
27741 229966
5150 35328
21905 40016
81349 255978
7552 39625
76383 206604
72183 86928
91993 321050
70745 342260
87778 78171
13110 477366
30752 430442
59893 358028
58818 482904
21891 254880
75550 134119
41854 61007
49329 459664
2234 187595
22602 85598
60548 212698
19709 248145
71419 166420
91712 341853
10875 491112
27581 166088
52625 214136
95293 102703
13288 101912
55124 69057
72067 279635
67229 238626
89942 230502
20706 233290
82865 176067
83571 465412
55988 164816
65797 418543
29007 204357
52246 29952
2898 44626
63911 362782
60296 126998
69453 202565
10214 86441
11630 257220
75375 105715
46008 234079
49815 438770
47818 360557
68094 191033
23794 493083
10986 487275
28627 57831
58296 246084
20743 342662
86762 420624
95383 301278
35126 291826
3237 110732