489
78152 414170
32982 363920
39477 398550
7685 188246
45056 196699
31578 115435
7433 124275
36691 267651
89243 306205
47709 78152
12298 491882
15403 178166
66124 96355
23896 137854
31165 193888
49733 479587
57822 227506
86865 159199
81524 355898
96847 285311
9198 319600
41187 388355
93129 470621
81418 420192
66433 191649
61141 66941
71732 498350
79772 194265
51761 28874
48740 429411
62731 207185
51828 367745
23863 155761
74011 207466
62966 490189
47501 85900
69064 445595
22118 301798
13003 72422
11916 75151
91369 350508
44068 332238
85839 187456
13280 489343
58502 146825
64551 306964
25402 7426
23615 64306
52212 58616
12254 457200
40828 386159
21231 168283
99752 14589
91007 385781
5082 131278
11101 221937
19534 463294
69113 336921
69930 59042
94958 30569
45096 412671
52648 478641
86722 91185
16848 401814
92225 393574
44582 491377
24021 151041
63939 118638
90407 62551
26932 228591
25656 414933
84192 430471
46069 27256
2262 292096
40395 302963
93932 281653
27716 442349
24144 408920
24829 83552
45314 95661
42971 374139
52966 386221
43640 30625
13228 195589
17611 154792
75971 194964
35558 340347
71560 160848
73991 393785
3499 62914
40506 280595
70543 209221
7960 47506
43326 116619
57881 369070
61991 235576
69911 469592
18160 266565
55736 353137
85724 33374
81484 260561
70614 178565
59805 437377
90146 489837
10922 305825
16875 317919
99609 403107
53575 233592
35937 488526
30958 245513
80711 36700
27599 490262
20440 247164
94914 264280
27679 54288
63659 93243
24864 174896
92634 271296
5961 9062
19964 25724
58508 58608
87827 72375
86891 307618
48455 401423
69944 93601
98619 182642
77517 452040
77190 227719
27541 337543
22699 226118
10505 25407
41517 135323
44740 278567
31504 288039
25522 110666
40505 487871
67459 339655
36554 377803
45072 405680
51074 207656
93558 79531
14427 224679
61922 293716
93131 394828
25011 447257
28874 29519
98343 481277
22553 308318
98187 247157
30802 359929
34611 358126
48916 52981
49201 498661
28942 72954
29086 472749
34161 261061
29901 261805
32945 381031
88319 38911
86733 279907
86287 242227
32569 44980
96335 353577
606 422405
44865 308635
54509 274295
53571 483921
67370 316062
31221 492298
51233 228260
12446 353882
86594 20293
40607 125990
13479 486226
22982 497386
53102 301678
44462 217907
77255 192596
82430 319878
88652 148463
23539 6423
71624 265727
75082 428019
50728 209595
96694 287670
37646 488234
4489 26805
95802 189929
30559 464534
60543 47144
57784 462899
61682 419180
64837 370075
49251 182607
97140 72177
3399 284668
83002 183531
16013 135379
20449 433940
22903 45259
81528 38410
64191 194795
40670 6592
63810 193327
76879 166046
39784 330185
25020 151868
43185 132318
2531 441259
7563 424581
11156 339980
48460 336332
1328 486358
87714 337938
61722 183444
37047 71406
21452 210341
81705 153223
24699 247579
18625 285369
22078 410396
49502 481942
5310 253924
32295 474915
34762 70241
58410 396407
89187 418102
41859 410559
43309 243224
16196 416125
49212 348852
38899 354020
22762 352935
16156 426494
42091 222980
83892 93094
6443 329170
77869 225518
14053 269708
97697 418331
81894 41247
65921 359620
26132 196047
22480 298838
22054 480402
9482 179475
28561 42547
6167 443342
96165 446801
97241 299024
70848 2141
17619 217399
37293 77439
55703 372050
46292 349842
7240 245926
94723 122180
98689 6572
98298 127895
51651 210544
64697 22467
86985 220403
19795 442193
68516 495563
48955 327617
31766 302686
24414 47653
22092 134986
72917 454020
98610 257376
21462 297816
4398 473220
50231 17520
44852 458255
63419 315663
32177 30477
47278 328267
20142 225760
17305 205167
70846 316123
51335 404793
48929 308999
65748 88892
92760 83361
95222 65056
61501 27002
43560 247805
45436 261366
4734 35940
74756 385870
68519 210070
72744 456622
66278 304042
44428 388087
8139 91019
50952 333662
91374 452216
34455 328587
64914 445539
79078 34875
55829 90451
84537 266623
12562 240450
58150 457083
1634 236670
82976 319527
34894 340876
69761 148146
26467 459329
19373 243194
37846 313255
23607 122421
97617 455359
88504 212907
58971 10265
52525 430041
85530 328861
74181 237839
55188 84677
89590 470675
48054 399329
92270 449469
10726 380529
18171 407289
72397 91631
32476 447432
93019 177955
78403 388414
95777 147500
36941 461189
4731 355134
17569 303257
19590 354974
59076 240747
75168 328680
17376 342366
5229 284138
44060 39981
48183 208230
55701 423107
91690 75892
87183 253569
57826 405213
20478 105307
23839 368257
31971 340219
80971 254098
30199 280509
3801 210295
92925 182994
6642 474762
2199 411485
38829 57242
41624 410681
96303 83114
12297 217744
94626 218992
57951 398405
11595 186199
44728 396172
23911 74589
30520 1357
73278 376086
76806 141668
83226 446951
60265 435268
62672 489324
22640 179887
73205 493010
46437 474143
56265 19581
13472 256609
31435 393188
69085 23861
28695 469136
62670 302543
87981 341569
64231 38457
60555 164457
65783 469871
26380 152590
35586 90273
45929 436556
99076 147412
96293 140081
73491 233345
9430 9344
51795 294165
30586 229454
86591 319920
37913 420616
6275 364358
85702 333195
73499 209313
84200 84075
14280 305628
3406 177805
42705 58569
35851 252396
81023 471213
32610 403895
61104 228671
65101 132369
19648 313900
43688 163857
40368 284566
1532 279744
65379 242448
73585 58877
81846 177572
33906 120156
21279 83053
62431 127138
97197 287741
49800 230475
1740 248408
15494 313605
19437 462455
73537 464114
32647 311079
84857 12682
3839 50727
37074 480598
21953 248429
70838 60566
2004 134882
46852 111228
82713 380097
45958 420239
67068 248316
62309 98281
38986 181719
65106 8858
55915 241195
35495 39106
96097 14821
30866 123226
79593 111940
17634 419308
8316 334814
12726 251575
90101 157083
82949 325996
26746 57305
69358 392403
40509 351911
62474 56295
88386 107594
57285 247062
23438 494490
37433 414210
62960 56582
91967 353186
13740 71660
38991 32770
28784 291170
68286 152574
40564 299952
63276 166667
55410 329171
34091 292687
78693 285052
97449 20036
97873 473103
40820 294809
88125 157445
97882 345361
14573 171754
66232 65409
54388 487935
18199 455798
82361 52985
10424 87789
53952 228832
17349 351418
22216 456081
28439 163010
66798 107005
37722 129248
89902 258088
68453 273603
7550 276842
23860 68334
68862 24177
95738 244408
97677 74237
92151 270058
77899 363555
65076 162115