254
94736 199926
6553 135611
63264 967
51518 73288
97654 286906
9871 161137
66899 340789
7925 417108
50677 445587
65943 318597
39959 159712
11666 399213
30306 436447
40115 383014
45454 142180
61617 336129
53704 296507
65906 409280
79060 26207
36624 61116
34221 497699
95660 325536
65353 128429
90061 277676
17706 320182
25281 341043
8633 477515
30725 119453
29465 376047
58171 65158
6653 153591
31689 438301
40588 247020
83374 253382
73561 269037
14856 307512
39296 110154
726 115296
47041 53162
14835 362461
96659 64870
92751 216961
89920 269259
50408 207990
96092 415228
20880 295607
52844 285102
50063 229906
97188 311051
76918 490797
59774 427664
97803 72606
82489 60110
97483 21874
63086 7340
31240 409831
87426 432259
43200 322193
26717 401729
77242 377721
60639 388679
14075 388057
57372 109067
93999 162785
50905 379415
72449 236246
31036 133000
47379 70285
70114 16303
54973 111828
92932 459060
6539 259050
16823 443342
33578 138786
32601 147276
66986 339396
89368 72495
6029 240748
13312 237
54331 477641
22851 68496
32547 22367
12917 275893
1566 432774
22167 165102
73218 39112
94058 57280
87442 4071
30829 113222
73016 241397
90997 357996
58047 476409
66635 484084
59138 167729
54195 115797
8707 245739
18990 227895
87128 12074
39119 256760
56476 16423
30178 248586
86247 465582
7865 365778
51977 452317
44891 76779
37398 374696
91672 33505
10053 367096
55292 176951
18773 398343
70117 26273
97929 11077
56593 201418
80916 244022
33405 39376
58584 97970
16477 168835
53104 154852
96763 498601
696 486508
25600 410141
27840 278621
75260 477772
84289 186463
6304 215542
46806 163022
99422 376019
38443 269465
76586 4555
62182 444644
54039 210973
52694 108614
12219 247833
92948 343148
41170 118022
11309 67956
5468 365085
55871 123155
81349 187627
17449 356944
89132 38195
76319 148646
94691 469610
77860 55910
90813 68922
74192 5682
77862 310271
97391 139972
64704 260045
55261 443493
60928 72744
99479 34966
22279 226762
98920 74698
85534 320864
39643 26954
15002 41517
20880 2384
20524 56038
39533 403596
94690 362197
99976 237538
44646 412407
77485 489418
84358 254973
85993 77711
37177 299311
79672 458769
89882 17764
30503 479875
50860 198219
66498 322509
64505 497317
62718 191307
51957 450184
78396 92044
10451 354014
37709 419284
86940 29444
714 397722
56876 498315
56476 469739
23220 360251
29966 398181
74372 2027
84205 495741
10693 16938
887 491673
19772 293401
66433 274935
8446 10863
83607 164388
2793 86644
52941 325062
39304 67654
64770 53811
6894 372151
79057 368087
61604 254860
12646 14802
70689 134752
17345 313368
38502 379167
2780 400847
84606 11659
46362 243988
49910 465595
95784 365462
4401 386743
12072 202010
79334 37725
8645 382037
58592 346431
89610 146805
91590 472707
86841 497497
9856 368130
56253 168276
99058 484233
10755 481422
53430 362715
17468 23811
48525 204268
77561 239842
37422 400583
80612 327375
30816 318570
8639 231745
32477 399653
67555 225573
75754 55007
79228 101145
94282 9457
11025 272466
2155 69960
10912 18038
76216 345959
88663 400195
19309 489251
93643 432806
1799 27621
90123 296133
17370 393548
7874 395030
75955 455688
53938 205733
18430 426304
99445 204306
37082 300685
23583 154224
60241 257437
91713 372616
25674 462385
16424 323444