58
33216 454944
77419 290361
2409 159498
53390 33182
72832 186021
24070 172579
30144 404203
17091 281133
5521 79276
45259 228243
65183 31848
69285 386402
75065 37881
82202 251164
77937 127559
79786 393268
28512 430353
61363 3603
61493 286859
54436 462519
85343 331930
96022 389327
15759 358906
381 253824
25478 296185
85262 51331
881 305721
46713 136516
89259 380849
67986 130117
1260 316077
34244 369177
80812 134954
33983 280169
10680 345883
82663 295762
73522 141223
14576 342085
44587 291496
51802 91142
35178 423245
72040 11886
85159 409849
65750 198313
47614 47394
8152 127961
34674 183986
43162 296721
11257 220362
59574 405754
52413 109978
7244 208337
79229 178378
41363 8199
53406 144373
50085 166400
8996 194184
28610 66069