603
10160 409752
87607 172163
31491 459658
50348 392700
11537 24357
85432 192386
74123 464504
66878 251169
38830 19878
59181 159252
86039 416137
76793 217678
3587 219818
6705 115509
35147 89835
10517 248322
28768 202909
36149 20002
4085 121930
22055 469656
49353 844
91740 378424
55717 494740
30907 345422
35459 197540
46193 475125
35626 300789
69037 158209
99133 99666
69612 343029
29948 101979
45496 356621
76203 41667
68596 442486
65714 310483
82597 58897
31836 327557
56493 140020
77097 96137
1575 55528
44794 493315
297 91724
94874 452395
66561 2128
30991 133260
46823 279131
61351 33957
79308 351942
90608 330027
61843 453567
30566 240549
45042 395399
19722 98607
58749 300660
14528 48055
27227 24240
84788 231971
54776 110200
41631 221066
49601 242078
75636 264886
24724 336647
85537 484456
16602 118925
11223 487572
99715 234654
19342 96992
83317 20027
97472 242346
937 36058
24764 482591
2015 224997
84174 446373
68292 145849
87663 381106
72145 136776
5572 221362
74998 133271
46832 326405
43691 119968
37923 478
38418 166546
53090 418309
17910 436012
60741 289590
96729 287173
62696 294272
46081 244199
49704 134759
25958 496175
82440 221667
41240 238063
77960 61759
48403 59245
83596 252026
86396 234049
78164 347625
2646 237243
315 276531
69450 198458
74861 256084
31953 231574
28951 112827
16439 339287
64420 467595
15863 413755
17783 189822
89921 326548
80286 3741
27371 263880
57537 466441
93717 114447
63566 96534
85172 469465
90175 182506
29781 205190
26740 459971
61977 86923
74957 397678
96285 106355
66896 66513
69391 156092
90749 230625
20769 221558
21365 87949
7173 43176
18701 71953
25692 404235
73584 466980
16385 311916
54809 478571
40421 110126
8629 247843
58000 421190
27688 426459
19880 181661
2703 96503
30273 54386
65557 59023
62376 218357
15616 151693
30398 450061
5787 431475
54202 274067
88295 148755
98233 250805
44635 264309
45510 79060
79588 66740
20099 220134
72490 336321
50320 158645
250 219807
91497 308861
41300 91333
84269 448146
13313 234079
35413 44504
59201 308141
21402 87625
5586 101699
73856 82515
46426 353064
48841 247959
44833 425815
20114 349195
20555 488736
78059 202745
32185 466664
56090 447998
8011 37092
20932 494540
88254 65858
15357 477352
91749 296097
86957 363372
8603 482997
29446 41670
39911 7780
70205 275032
73841 368651
62171 16182
20335 190073
92248 139435
62866 167538
44409 102580
38669 369933
93578 171619
13385 425303
25304 94269
43606 453422
27148 175613
20536 85095
84281 290511
58124 451497
9901 479093
44168 137840
93080 291078
95396 161994
27704 258154
8021 359325
61764 420799
54800 356383
74444 353975
80949 415677
5464 408856
61922 407861
54731 295514
94525 382011
75274 390541
1733 236760
2699 169808
79741 13734
448 295675
36692 81974
98038 159606
63866 430346
83117 222527
47473 132347
28332 284297
50776 412532
35414 129751
13464 1557
54228 114245
35332 259601
52420 327360
18529 421200
9339 73288
20579 112590
81768 118581
88862 116730
59322 352048
16260 458392
12562 342709
42584 458463
67376 433752
34233 315164
36497 43132
56341 445645
11731 323389
612 428679
36004 400360
91407 252945
23021 192670
46446 438087
20352 319669
71906 442263
94753 347990
19529 432935
39651 7456
11925 410445
92899 176804
25821 439541
82695 433831
96412 70592
89421 218307
54891 433087
74238 496965
63274 100732
4254 277841
51999 13201
56116 403386
93031 404942
82126 464202
5082 277975
63764 15904
69918 179364
48836 83821
70042 16416
44324 461526
1915 394091
81291 222517
55542 41912
26387 270744
56071 81007
49138 249856
60906 13676
85402 387044
766 305918
41900 336844
2160 118377
97224 408662
72699 68133
97727 60819
49010 244604
48393 69643
73921 172432
34100 179637
42944 96018
2274 389248
62977 265804
21847 191150
5417 79961
2776 495955
59620 279719
47396 3578
23187 351964
68059 478656
58202 270510
16429 330807
67658 239849
57470 97957
40168 186286
50518 244194
81683 473550
65584 279901
57503 466674
32034 417304
85859 120887
24688 312488
87115 19946
64991 426198
57988 123504
83254 17216
859 369953
17513 165336
7662 455720
31738 352644
74585 499717
96444 236605
71292 363179
10564 328976
24530 453986
79701 399104
81658 25542
20767 105569
4550 422246
93309 490783
38953 451174
6636 32949
53428 148957
18048 246455
18063 414584
21509 173960
14402 210901
50593 181348
91471 344265
82042 466328
73607 435099
20630 112869
90658 225798
81817 486432
96258 339963
51248 9045
41082 272252
68116 102240
42995 207298
82790 92114
49010 369241
63419 23634
44503 456607
6975 481881
58204 214472
35408 287157
68245 289821
62377 114599
900 270680
27841 183749
1282 93929
49869 193272
30052 62900
87352 109791
60855 86577
78324 144683
66051 36267
35712 427649
31266 48258
15982 31707
60878 136521
97926 419239
65125 60008
71816 69190
69175 251387
23917 53198
46673 418033
87278 75721
35325 264845
60800 82580
30945 101225
25796 114785
59180 498382
29565 197589
29744 236062
58908 185578
38800 338539
93584 119471
18507 290620
45403 458531
83288 166831
73142 269853
75765 101393
3827 270791
83545 93896
85055 138046
88772 479210
13748 137588
39405 215971
43606 324175
30514 276915
86261 339847
6731 182798
6749 427947
28972 194650
81995 202141
51162 407764
22977 191185
12127 193579
66018 41778
61709 180196
15901 293214
15706 452692
52598 300645
19208 104393
60654 452749
80511 313186
71475 313425
12655 275442
93398 43069
73118 65889
70843 287252
60722 68331
90273 126667
11049 205503
99890 382987
73829 256545
37687 129202
64344 148136
44752 443603
76631 393408
60405 284689
63973 377578
1792 70376
5238 261783
2459 337317
70054 390673
53438 424904
39619 465267
33479 179113
88382 59307
97779 331953
92116 193855
44619 341084
41266 366885
80773 356254
86877 380617
9772 208922
15798 400363
82494 79212
17276 138942
25248 291073
83717 272459
47080 135898
19934 260332
73903 437453
32382 264049
80063 49188
63128 486558
43604 288923
7477 85195
1625 42790
77264 147459
5590 397193
23295 216997
54720 24446
63804 301734
69376 211315
50530 147981
8023 68041
92449 112278
52223 236502
89585 367952
51018 422372
60691 458271
29315 174896
46125 273434
60702 403691
26747 418254
60575 386717
99274 483161
62513 200957
20762 170128
26949 411290
90266 327289
49624 74613
9163 213394
71981 239812
38048 80104
61269 321425
558 366593
48830 246809
73911 133299
58109 217870
22844 96138
69881 453622
51720 489702
70325 204265
28283 368698
59422 445366
61626 197679
99676 52895
47524 490335
77524 440184
75998 192378
17256 205068
54086 339652
72673 94616
43928 297237
92759 157902
28449 278519
70117 62036
10073 485868
65818 116866
49190 309958
55868 412040
88177 32045
71088 432005
3389 63037
14597 141649
59903 264165
78802 312852
52332 34888
79853 322796
10667 409248
46536 270188
72899 305238
94941 478263
31866 89995
62104 18825
63379 24723
25718 210446
47668 368949
41448 228137
67866 42092
89528 219631
86271 341385
58022 166121
29360 489710
33734 4086
71071 177332
47583 301062
16005 340998
46074 49664
21760 232132
21982 405405
58793 24385
37868 359530
41685 261862
97395 385034
13424 130285
91214 222322
91519 278726
11075 76044
18228 71445
1170 111124
81091 156818
21756 187998
58278 160327
94261 283758
76382 95062
75212 97182
22006 184881
17226 252188
49840 339296
90296 421033
7297 323039
68425 25243
26252 493724
55814 207611
92553 166845
20503 392552
47243 334328
16677 454259
26792 334426
95696 40033
2432 475361
94700 75724
29914 358370
47626 444098
76160 253027
40346 472452
17365 144322
22795 472809
75978 62444
42119 243704
44385 401543
13629 27281
48583 141609
85889 314373
76503 373886
19925 83833
74752 109382
24551 461480
63183 115348
31813 293214
82475 211824
45843 424093
89409 400278
44429 473788
77674 167413
59604 68867
2270 50993
79493 194448
33502 69826