450
95677 66523
41214 240314
80388 197568
35447 223617
97285 397205
16583 14215
69139 432268
24755 338614
60014 4170
35636 4432
73167 124681
83543 40550
74380 84791
96367 430466
91504 128822
26598 75390
56614 147866
15121 355691
83802 151342
98357 310348
3871 247759
22897 400472
45881 385839
22996 161403
36380 474771
19677 210965
42884 353462
4124 18201
20312 496804
68553 30000
39871 428320
83447 226484
77340 358334
22547 8373
67118 143177
29701 310327
11467 176542
70749 29298
17420 78608
16934 309553
21108 82466
44127 134292
23776 160400
49205 70222
74375 488678
75016 47815
33001 241671
61949 249690
54845 388743
22140 328696
93861 111282
43912 391108
54229 398403
41127 96374
11434 240365
91300 362296
61509 92054
46244 452204
60846 187159
45572 349219
62731 272349
39767 139591
47687 53483
67630 173362
66828 401046
4382 101045
12879 280295
40588 227635
35146 74397
97862 327363
5427 214664
22173 158289
14217 78127
14535 67581
94144 229675
95515 425114
77071 378154
57241 55376
5352 242541
90500 324475
90679 356650
89079 43147
39543 2666
34215 240226
37694 263916
79666 496857
34417 340481
58426 381595
91972 75502
77168 255495
20032 351597
38422 401554
41314 299052
59067 304131
69414 20012
35202 457366
76624 351043
33389 285914
12639 139035
83512 375091
13620 112464
34647 416600
6490 325206
20619 31830
74183 284401
57040 397387
23998 409468
45863 314059
22846 487491
88456 427007
25109 224232
22453 131073
99780 332193
24918 462434
25047 144280
58345 409285
74817 208042
83978 301953
62036 306377
53183 166562
20195 461242
11730 84040
13558 210296
30615 230278
77428 142255
98834 276548
49510 358593
96956 260862
1261 432421
50508 307588
2870 100003
72469 42904
23793 294521
33954 215986
33684 175417
39642 107871
70319 257001
77196 216190
26553 193153
69709 19682
86969 169872
75249 334099
8485 80568
52114 231180
78437 86702
2944 347518
17997 149275
20420 388428
64961 167837
79525 228302
70371 309574
82766 210350
50606 498844
27919 161485
46957 416536
23394 343903
32173 399751
67142 160011
78219 87916
17125 422348
48868 203004
24857 389714
19756 170560
16071 181506
29655 354295
59083 62034
40635 132465
39969 275310
2468 62389
82780 137590
94428 18140
49267 293245
84534 51891
37102 250443
91659 371293
35884 484284
51568 68623
65949 340128
53341 271571
82728 44153
66613 345605
97859 166399
6168 427577
64220 195071
37326 179731
53845 371512
35282 460685
53326 43293
64944 473300
49865 378038
18379 182412
81469 388414
45027 293160
32713 251974
72311 241362
10835 366129
2157 129833
18730 417270
71505 334974
26424 267074
17790 108790
49875 358995
88149 154027
59093 404350
8125 154955
40272 483401
14149 261047
52751 241969
56533 334245
30216 155462
60779 36703
8823 224170
56584 377186
79796 159382
93778 65120
2778 321237
73689 186014
6757 470247
82382 450391
34405 335808
91830 269239
46605 279750
49893 394208
16845 397814
5924 172201
6771 201151
72891 105721
32460 420581
72269 464657
32621 465632
48466 252960
49049 265754
66916 353100
2832 33621
489 376016
76206 175651
8136 404792
73715 142828
97455 99014
58699 158827
70159 849
70840 361617
81946 475137
59943 86849
6208 359988
91259 344754
89255 416796
2207 15857
34042 137983
20154 182460
71475 152790
38053 455847
96035 208366
47611 240379
94079 15594
20370 390482
8823 171678
14094 21245
29815 141686
66663 481118
55336 246413
71972 489198
94023 417590
97426 406040
58000 426231
73419 487644
21392 15785
87967 27437
70404 351354
93213 452788
89555 283818
4613 222858
78180 59601
94981 268898
84556 483224
79088 146173
26220 152475
57201 485171
95075 65198
33530 32945
40726 341973
66437 208693
64294 312522
42387 302644
36881 398586
22013 374101
38051 490568
49278 174260
7194 4745
46356 102368
11667 228167
48190 442524
24221 359263
68390 53026
87135 201378
5289 127387
77614 49623
71974 489352
97175 434359
83753 429213
78094 248464
2398 220864
38405 286819
25090 473006
33412 413831
37211 185591
54973 462339
43996 493629
51147 443959
53859 185593
92089 32596
85326 63510
34547 332991
84022 111060
48606 35155
29626 409190
90162 79388
69099 101844
78528 117020
88610 230298
4897 489993
10725 387207
12260 432141
27894 7007
65426 436869
55755 203386
2539 360387
47523 50755
28831 194092
91601 181433
93437 259739
43782 224017
58584 39676
44033 139634
67159 423250
79923 221431
37719 182065
22736 167025
56429 488356
32560 496835
562 241256
57039 176228
16751 285711
10304 444032
54063 23679
47719 25656
30838 469265
37413 235421
74956 472178
90133 340857
74501 265060
84509 388838
30726 425822
65157 424660
94444 471272
26740 173224
2445 414081
25213 419351
65876 273049
29393 317103
45988 313911
15833 3791
80876 200979
64164 317994
44323 199933
97021 238249
86214 375893
21397 251749
89309 329680
32414 416337
99047 152122
67216 199502
69643 391982
3643 165620
13779 376032
69066 461872
83511 476244
87666 34560
52627 194979
77342 281753
76570 486397
19183 95778
28977 51618
57603 341078
72644 436424
93311 367910
84790 251385
58803 46805
61719 134129
98019 105754
14906 173476
76785 57505
65120 14710
49456 317706
67464 276769
24247 19689
70954 459411
7632 206756
71905 498925
13613 79128
64086 47205
87498 99317
17519 443268
49622 10621
6409 168521
95242 170089
52721 33637
75659 377380
24929 126301
89824 252174
20944 255947
75409 41050
23153 363773
11310 82800
71309 460661
68684 244428
52322 106983
68747 284957
57341 254622
95930 497223
32863 456663
62901 403713
24518 207844
76259 91768
2256 166218
95430 85962
95541 357635
8991 233548
28950 248413
36712 478501
17076 486202
34246 485008
81592 129006
83914 463870
14505 16228
53592 146194
3705 437113
86903 25603
36541 138879
69390 313629
56324 87100
91951 416672
29383 487592
19218 220512
75222 268211
80964 91811
34473 78076
23281 406950
39282 274107
39451 180345