482
72138 432136
40092 382294
10494 117703
71045 279213
26923 305285
29985 192299
55060 70159
78174 228425
49205 499658
12060 281491
87771 348298
55760 195690
52904 436891
9575 117475
10589 190684
55533 402663
75544 254655
81070 110833
40077 51979
24036 275539
51306 68666
60189 21297
42982 205083
13507 167332
91343 196017
15734 163736
66076 174098
41583 465838
9276 78184
80099 33467
63558 368724
14630 119975
65155 498310
70301 126383
62945 365894
55289 294340
40521 301551
13400 347658
85349 287246
80764 18362
56442 399079
97809 172608
16361 180816
55110 172349
90910 417813
25216 318310
33821 426098
75275 73923
93054 417468
85833 20241
89274 126777
22413 221089
81970 10658
63489 220982
70176 70184
58655 176107
52576 335597
86871 204587
3033 355687
10793 282327
57482 470464
14247 450532
11376 117784
23777 339994
15299 132225
80170 267670
65063 48962
2515 494664
52588 21622
44897 238230
23003 105130
77330 182520
21328 81858
54610 256410
20682 347316
83696 245949
92295 150123
25825 442645
73549 331205
90640 491564
67946 25590
61159 216926
4078 93155
26878 102715
78002 41352
6640 471369
74697 83187
83353 90783
31980 214022
94572 297259
68590 224824
87993 194157
35592 369685
78691 382874
45520 367930
63196 86106
75712 246266
86678 125545
16566 445627
65498 162938
51404 57306
26866 88495
77415 230307
90379 412323
12612 138137
16600 334432
25277 321300
63429 136361
77705 249310
14185 74578
26258 330165
63668 103330
8841 271725
63296 127704
65500 361867
31332 103619
846 88586
64494 78953
75754 67898
3445 263969
28227 56476
26917 333977
92351 162759
88935 137648
21767 283815
15856 322653
47305 306712
84669 204838
22196 212015
2701 53802
93549 283282
3443 120408
4086 489467
72433 217237
9119 34360
30409 489115
16680 364526
1143 181556
87809 122866
2839 168163
38240 12014
60097 496923
32236 285474
9548 10726
18571 348001
96507 311135
28805 427504
29512 214232
62333 263530
64512 435093
80491 144830
94654 139791
99870 40495
5272 441555
11727 485459
85821 277568
7857 26901
28285 437133
42405 444212
42469 118880
49567 427297
70949 28151
94026 135589
12827 426627
21578 33464
52333 489513
37195 297899
58119 6815
524 372096
29442 442037
90056 124108
99876 358537
47156 245468
56067 219249
35073 186764
42412 491126
51973 106769
28570 246387
30101 6449
53002 487194
54205 62854
14168 196527
61276 157183
16279 313835
28906 422879
19886 297850
99034 43740
63395 71005
77324 276641
44166 100649
83245 189132
5778 255815
65330 139313
98536 421298
74227 410325
73244 453180
77559 428883
84778 274153
50573 389883
93791 203345
72221 158542
46785 474307
86114 175652
37954 397629
96178 254150
31154 307701
70580 455795
75503 450547
87056 75231
63245 340
38009 111792
704 392009
56765 56736
42045 424886
98144 121246
16043 293235
34933 494828
43741 93582
81390 289506
4739 135815
40521 57098
10070 178739
43708 242466
22963 238874
33773 138141
72486 454521
268 434530
22336 46465
86727 155499
95033 157366
93513 133320
94852 76112
92006 109018
92320 13757
43816 225688
49593 156477
60493 238573
74262 473317
35100 423672
93633 262941
13120 363690
6608 166178
88939 312236
49592 276485
80290 222230
74424 39081
52609 204377
44985 85385
92005 330614
58527 152560
89318 496837
80112 15455
44742 160335
44568 437962
24300 276820
54492 441755
49550 155142
82395 360846
63959 339116
40145 119539
72467 326944
87478 464848
29571 352978
15049 329660
94268 380738
23384 77829
47617 311753
16143 261131
51430 404081
40432 187522
55997 352153
76875 386868
30602 125010
97899 151453
14188 149412
53046 99245
30029 197066
38480 70666
84904 39089
30540 368587
31117 489758
25854 239454
229 487813
68632 262947
53171 451442
13168 138542
86183 226852
62437 230985
74617 237709
46813 327567
46781 387123
92284 409075
61557 482322
57400 443479
27704 157560
68096 351285
24846 367176
33059 254874
60146 370072
32495 428006
80029 302898
33547 326381
50116 344663
77148 447897
29987 475863
79984 102885
29490 138714
50984 46019
61568 383322
7095 42136
55447 485895
23819 160347
62552 107298
15283 207993
70607 441858
7160 163156
86295 169202
75172 108095
64132 61968
59139 319395
29851 232368
46152 149566
63342 36024
44405 62079
47101 479489
11245 489099
64136 295932
70435 144507
70175 395115
43131 357468
26073 395971
60044 103021
95809 289265
22871 383812
16430 185586
70187 32586
92682 241465
18919 372122
33437 448621
76376 55686
85153 37704
3490 2834
60121 79385
98688 240983
45622 409219
5879 429697
12287 392636
6833 386898
97146 67599
55125 63197
33357 138234
54704 466731
82182 309265
26920 247097
70045 336121
38782 336504
74638 389101
55451 336876
17680 247005
27027 43054
27392 16266
97049 309386
98220 440780
79735 109794
95384 282284
53408 457449
39547 101930
21247 424936
87326 321656
37493 379868
49916 485852
90617 203702
17575 431954
44611 116474
4481 453800
708 456672
37234 106113
51508 181239
95955 495635
35777 386173
6576 449352
25914 224872
71633 447041
10406 95136
45431 136366
28097 117762
41312 48791
6329 249439
3019 416662
24266 181914
16298 57851
35584 322030
84300 12839
44688 255974
21573 295089
11010 476323
80922 435012
14922 442938
74174 17919
8399 442931
32767 434451
34856 478411
72610 55785
25878 181267
40400 96794
97616 310510
10355 46005
80029 386167
90709 497244
6193 278457
68013 281959
7991 361525
6777 377951
69608 476640
86799 121060
42920 198978
8428 446088
63220 349560
93627 161522
12212 76370
62238 324156
51175 19734
26657 45878
89773 486779
77575 20512
49669 139055
73078 190931
20378 246706
63437 295257
93681 24536
42498 51089
59555 380267
35362 257932
25550 320871
281 223411
29693 234301
32167 388958
40440 110320
56234 44702
66961 405850
8069 355156
17467 444808
59586 215511
861 138362
25241 267923
83071 134468
66355 244389
81436 92336
66177 490048
13967 330554
32062 53034
98209 143986
47732 421823
47547 46238
22833 225197
46579 364725
92821 151031
30058 124485
25205 396787
90576 311757
25946 21548
57858 168452
94027 368928
2385 1681
98662 174978
37216 223728
38626 324025
42169 278547
62687 464448
10313 293695
54561 364484
53638 337547
43948 338249
60944 90372
77779 348677
77474 321068
80539 161092
9491 263606
56417 161890
65718 341676
16221 446900
99972 74378