270
361 225927
49392 172186
71063 449164
30046 325506
91407 216730
50538 67129
20028 366111
19373 188034
10294 72378
3596 83001
7436 85374
85514 402442
45796 100979
41337 326872
29837 147701
99043 470296
89477 253459
33557 367859
43016 345617
79504 34152
99380 452327
60865 290439
75739 399295
21074 384599
40465 316667
28846 411409
42512 23756
59384 65762
96403 129404
39432 276109
7320 102725
76989 452391
70293 449912
19888 433657
25473 141624
39195 439106
92831 371676
25888 290418
60878 342704
81801 70800
91180 179956
32993 49717
74773 106396
26217 446671
49538 476110
83714 454687
55917 292807
79884 59387
70855 200470
95069 404909
48825 262976
75792 472050
37236 9690
38510 199963
87075 64946
93584 72431
5574 134311
12708 182312
63074 453676
36462 56945
43272 174441
73873 265071
47195 24762
83867 245973
73506 392718
73518 334606
40734 238057
74854 301399
13367 184258
93015 74977
37629 320774
38937 407796
1199 371411
20237 306183
34101 382494
2541 19657
60077 495182
78213 371451
80344 414
60565 273524
62611 134463
84305 343996
52771 341651
656 215089
21863 38835
77813 149157
2595 182219
80237 280541
18935 287321
93516 40596
67147 13617
54721 377302
92338 261211
2984 464997
81315 477235
92246 460024
48962 172905
30906 45911
4125 76799
41917 372960
86778 235950
58193 203045
21349 322369
25637 21260
39706 135895
11551 465101
30139 370757
49890 457848
27627 162162
81799 226476
60865 356890
34752 43841
371 273612
11870 163135
67571 232716
64170 327461
97331 104593
77578 153347
42962 257768
90068 419552
19741 450511
52268 417780
86643 462331
54361 488623
47315 123059
55523 196689
8508 347858
14928 482512
72965 291785
58729 214933
38465 372954
25462 381215
13201 46494
16024 358142
92247 110528
8585 397305
92254 429152
67674 316713
61915 438450
13414 473788
30597 121724
95205 16883
11091 182811
26036 258595
1514 180062
34834 246520
54845 390954
15706 334286
6585 115732
66953 35990
40071 325514
57498 384503
8529 348651
23183 306122
31786 110026
45056 114365
51763 44815
52567 105329
73285 133877
9088 264349
43290 57037
58230 73128
86198 5690
97699 283442
76003 132660
56017 36076
86483 56165
27050 443643
70641 237006
81047 141689
4775 304355
8855 239700
43954 386635
19090 40366
95891 180769
52676 366843
16901 207574
38077 408998
12276 263244
24247 343404
72068 210332
87804 311295
55561 280817
46981 129380
94382 496459
41440 464341
72766 21726
49181 449313
5964 345904
45852 211367
90911 94206
12926 43230
14074 150135
81416 384880
2322 39551
4455 262107
85961 468494
85910 396047
44796 495471
62958 152754
91876 418593
33979 197791
76027 424569
21708 172802
19591 260190
46604 166718
56055 115084
22857 246887
92038 63826
99613 287368
14690 357172
47833 311775
35560 15497
61077 353308
71075 116542
85409 102534
40531 384241
11378 459829
39211 155222
93355 141497
24370 247606
68115 402
99744 288875
55689 26517
64553 432934
71774 307278
93802 194185
97078 150040
12038 295853
6254 59367
52557 298142
47830 252062
87899 344314
29790 191545
37092 130837
94688 48037
53662 63607
88818 286659
19023 249212
17471 356841
60774 434579
65810 388512
81750 341152
12847 166887
96374 247483
58917 59086
48791 140591
50790 115132
93697 26395
89484 453962
5285 181460
86750 479014
38786 20865
21240 226225
60707 292638
96378 246273
4697 370490
99532 82048
25809 169433
86761 463979
49529 468818
75331 315571
98251 290193
43499 105471
82090 431735
29864 451657
52383 57717
18299 142333
9584 446549
80622 171613