532
22856 470941
67697 52547
13294 415654
73029 376131
29342 60038
94528 28572
88836 68045
38799 87497
52704 357632
46557 195767
16658 119321
93980 419786
60011 409410
88201 293177
68006 461694
2149 25389
28297 475489
46002 450950
19510 67058
71916 492022
84085 220720
39236 153315
59757 291274
25508 24361
39021 151558
49094 126774
82161 97787
9183 490893
6084 420918
92306 284548
30541 439641
45042 177541
89087 35063
25972 462289
41411 304538
36684 73976
79084 233662
25930 141890
52431 254995
2762 439625
95689 175134
62793 366109
59850 459160
46940 3615
61224 325742
79564 40806
73958 276447
70468 443645
42069 470945
69915 382722
23734 150429
45528 234441
37423 168302
48362 280888
29513 132006
38805 79304
27056 4490
51500 463914
56009 176561
24016 212448
39662 390216
69275 453311
7628 312721
85905 18484
18295 200831
7603 126460
20533 192891
20716 225226
25513 42499
95706 318181
34028 367462
60732 441639
29373 308745
32126 283359
90226 449253
1159 397552
6451 391910
21903 221424
24029 77101
41092 196394
66037 228143
45957 45660
91432 167477
80641 177881
92842 23130
58984 123753
62008 175024
24586 97540
31139 499099
56427 39803
73316 119700
43952 231791
95441 175431
9532 425272
17209 494997
958 111935
40039 165235
88471 306692
13480 384233
81981 218777
42974 421013
36843 146436
17568 133893
10307 25633
97435 98560
66541 477886
93089 158014
12174 120990
93091 489163
47030 375511
33666 213928
80006 85363
32393 262890
514 361747
7416 348281
62223 253991
31997 122802
11959 334391
5313 482054
8525 462653
94155 341785
21153 48617
24762 311076
39390 395644
21083 142323
17504 393741
48532 346151
41953 76071
55978 234549
47265 220681
34497 49797
12870 250276
68521 79220
41157 4769
7656 392178
35690 329497
30956 42437
90897 289370
96547 397860
41467 36521
87650 423261
42690 66523
50543 451216
82210 492986
90376 26546
15940 8518
18337 451019
19197 367857
43176 397688
25329 116834
82642 212073
79564 472083
43201 116196
13292 438323
58768 114593
50395 224133
67430 300651
64704 187327
27758 38245
59559 66060
46156 266851
67730 193163
95727 87117
5894 445101
18050 99680
55433 364635
95894 303244
66519 80717
65969 393751
19821 330612
39914 472696
28615 225489
67862 377245
81667 447131
98342 269925
10088 229566
96154 438375
69957 79863
85110 335690
17717 151801
25135 407210
38832 246026
4788 339642
77413 189414
88034 356956
27018 272027
16068 274954
44136 272556
67738 88305
59468 392911
40225 279985
64858 336367
32249 12894
91994 419146
35422 497154
50452 27827
77600 222009
36391 199473
73304 410611
83434 182335
25151 178389
9367 17130
74843 41240
56906 409622
2359 204617
20601 358969
63582 469000
66579 240191
40622 435241
64763 283076
19492 332565
15911 274717
18350 86954
88100 269999
54872 13495
22731 332918
30056 282177
56871 327328
80019 281377
99336 411952
9550 374500
21156 389979
42864 113833
69148 306990
9448 263911
56874 231110
43245 197188
42469 15350
61095 186911
62165 359461
76163 233415
65661 232685
32289 311041
46613 362717
91091 185638
47014 373080
90339 236738
53302 240468
18277 38935
18170 162300
93193 372760
54526 328591
54530 278094
87888 345598
35111 167542
38923 236082
13084 172833
90300 244483
43359 128819
1672 368610
17349 90661
47685 195984
2012 225796
31815 412133
73576 280143
14708 242794
96415 411548
86514 240895
63518 388083
42230 493526
51848 203122
30317 63286
30194 260167
49835 166905
98713 177977
47009 27566
70537 168000
2525 412055
59042 445192
14672 347564
33392 178771
70117 494775
14215 295252
47473 47830
5126 33076
29714 22333
38515 10384
82563 242961
60499 17817
9463 236781
41695 166131
30143 298017
16161 499958
1965 440974
45303 273744
71462 296555
10368 299938
19694 81763
74329 316318
60072 490261
45139 348272
79953 212179
59271 198450
28329 255171
83074 116245
68367 473281
95533 477535
12201 226107
59654 312264
12423 486131
35806 497404
3674 456257
46829 379676
33108 43599
32579 173372
65148 76475
44613 327079
21942 307256
68223 13559
8949 265005
84744 8829
2483 85044
19969 2239
12478 72348
15405 5780
7704 190088
51234 372554
32873 499022
98123 34849
51954 300697
22475 105134
50436 144008
46212 212761
54567 437005
92773 402559
92064 217614
73228 371280
73449 372199
39658 330482
78649 499333
19864 414396
37605 284525
34271 236188
11465 22643
23363 488818
42514 483779
76572 322994
9020 52700
38298 9862
93576 249328
8447 217450
80869 101478
12510 355886
70034 122072
22232 55832
89043 228341
66466 45567
69249 65248
40325 248465
97850 142031
94453 115470
96072 444813
46057 114602
64258 337144
60021 46863
35204 436611
13736 402585
26688 349206
18265 89240
1022 172361
66033 18449
23164 253453
54902 241662
93902 353795
78698 20233
81237 25346
21602 325653
37348 253013
1290 269333
52136 440315
77397 31731
8586 380358
35579 444683
99605 224508
46166 335469
72164 80281
41795 176382
90273 425259
38024 375991
2447 128085
76369 189317
76576 105068
1577 244775
64044 114781
75286 86132
43811 199365
87276 429778
99529 156727
23358 127808
33132 440890
43191 70797
82473 431208
5884 234174
43277 270577
48879 227308
57028 136502
47128 363235
46591 46350
9491 255653
33445 469380
51246 114597
39555 123766
63806 143341
48924 122456
41129 139800
650 228303
66349 242904
21968 14135
41258 100849
15395 484350
19655 486716
668 86854
46457 240421
77346 212615
51083 449166
3310 14858
93814 295594
80745 346831
52869 373474
81332 151688
34505 217716
91121 284
96141 249359
3502 479397
15503 183992
72039 382930
50010 297255
66091 388518
3887 395723
53477 127223
94140 352290
77172 142192
83677 359554
63580 31119
16391 104979
70304 462631
66020 251507
11498 246464
25534 311632
14735 57874
50783 177137
2745 277390
69 104782
77870 428469
52548 133299
68877 385086
58996 455585
48010 234644
2385 361101
91335 365270
18691 317216
35509 174326
37631 208021
5731 271419
68359 213181
67050 43774
26213 137534
18405 371632
24654 256272
39417 264179
40730 129887
14951 420477
91245 163052
59199 80632
97370 159692
77523 256644
40359 241767
42586 23764
24955 390714
95793 435085
25023 119094
38628 478762
14747 204574
66481 92762
25613 333741
54494 69856
78162 83598
23378 28179
81236 321986
43398 357884
91294 185534
10769 142970
26394 196970
38496 406113
33693 478307
47766 291926
485 447737
44563 66581
44879 156690
45550 236
72810 133573
77435 285213
53383 145600
56695 362976
87301 142499
31337 315006
2049 57731
22798 230295
6932 479560
19909 271901
73733 207663
99208 38999
19802 155336
29428 238591
90464 329145
20597 492100
89156 143065
81055 17577
58826 351030
71288 159780
95922 421616
25817 388832
75992 207963
47898 180123
96518 88865
38942 384329
81427 213470
2383 189391
39269 306210
65983 616
99353 275730
81551 371364
40548 148200
68254 70884
10955 449806
50248 168896
93009 25447
47329 238625
25681 164519
59459 373383
65760 419477
51367 302755