519
14872 295923
34055 215098
82308 42939
33725 199454
50227 18912
5161 232898
44759 71613
16375 167448
61058 489182
71781 256586
27278 443141
61138 183347
50966 339145
40773 426018
90664 473138
12722 17947
17821 113854
34895 352469
73762 298047
51138 382940
56066 75995
34390 390928
94979 287243
18499 92677
37109 55420
72764 252770
8813 315217
49175 249922
14861 85118
95912 477813
55256 71695
84331 178464
69239 79263
37054 208665
95414 212033
96476 376684
58386 314171
45363 116505
23282 305926
93761 493491
81311 231792
86909 227778
10760 146777
89476 287106
15782 360025
85471 147522
57307 57881
90834 237542
90245 429429
62912 459110
15843 115137
49259 493101
99271 342273
80584 27834
10355 235279
34010 370978
42814 322520
67998 322252
11615 466207
64113 91155
99534 393273
85817 113448
53878 387824
31976 113358
90432 468449
80618 271772
29860 179037
91099 382334
80365 389643
2361 79125
90800 363332
11071 226770
96224 251702
73436 470175
88749 249603
16944 395542
99725 327839
28127 302247
78221 142452
7734 336375
30440 226625
40111 188220
48089 52663
11410 411394
33542 488091
88061 280969
31752 241256
60131 237380
94709 200426
65509 90203
16090 165123
1838 188810
15693 350793
73083 157184
1860 433094
74606 331841
46914 323959
53404 43269
97255 70094
94697 327350
14737 136112
49251 62582
1224 220344
96039 94423
60025 470066
97370 257696
56950 392993
34685 481999
14716 83097
2452 177874
22185 443397
46655 316940
83627 249314
20674 358647
47566 467522
69627 498172
15512 291307
26638 157276
91470 251830
75520 116299
44514 89872
4814 187215
91334 296956
12217 437381
40370 147086
28942 307133
75451 272689
82218 160121
9998 491843
32784 101106
8575 308660
45801 331251
27894 298987
59091 387868
48728 342720
3894 1344
91742 56131
91904 113767
92481 27572
33587 138637
61138 133096
76600 136993
60529 208779
83207 130887
99632 131416
14059 475607
90072 116195
61475 100123
9904 3600
20114 452469
86013 39609
42716 470646
49417 371595
38456 192968
8760 270505
71145 239686
45294 80264
57789 120223
14310 134354
27857 206326
6521 416067
26556 391076
39477 83247
72513 258197
99513 165498
96168 206343
49060 92542
97342 55854
16999 217673
65478 99379
33981 29884
79399 135184
65529 128333
57781 432757
93537 260390
24391 46279
80803 452899
22366 13244
58112 408536
9009 291071
46045 336745
70572 375986
9296 380912
10294 454375
91730 252315
79215 354567
79146 322604
75941 74283
61853 486647
67979 122181
75140 170055
63140 391672
78033 367481
69721 382492
41995 202079
63922 130747
89985 377982
83704 422551
76226 102160
10210 161154
2603 256995
82002 147267
59451 389593
10547 304728
89568 489414
41520 426031
3513 218389
66452 364747
75660 6179
21363 136901
18525 172994
99814 234505
20334 406712
89967 62069
59982 303645
97339 349085
2825 119393
71920 172874
72510 368835
86372 185046
82889 194331
37457 188593
48929 199537
54189 415455
86716 458051
25607 351928
22163 9603
47419 333223
62295 256247
63363 145420
38694 241560
81308 232474
49163 243955
23230 222713
17810 387243
3770 386949
20638 42261
5983 340365
89993 136890
46833 12949
22703 72376
60580 191348
80251 265410
33181 129655
44155 388156
36732 58780
59295 153151
46429 43192
30560 116539
99044 311154
88575 232112
11866 355045
48562 486196
94797 453538
51866 340784
71255 402060
97746 201987
84927 170106
80776 386557
58052 460056
34462 157733
36328 288774
78542 90420
78509 195159
36958 394648
1741 172692
54667 159698
48620 488759
40243 349912
29512 31152
84295 78868
91782 376740
23566 93538
18083 222504
79794 77334
82702 447946
11270 439220
81817 423401
44044 203766
21035 188792
42105 185226
3350 303551
27873 260529
4395 455066
73375 104290
71550 149272
61628 201956
99682 123229
39531 454711
4583 430784
72194 380812
89223 163758
59457 407432
668 363749
69814 433446
14188 300314
62220 1330
25993 428436
86102 410606
84830 474830
54120 246064
80838 328473
92919 302978
67674 18711
90942 71041
96483 212705
4939 79423
84463 280962
22831 352098
67799 257946
43846 33570
67095 194621
17592 444175
45337 403441
65256 307720
52222 77619
14593 86757
75046 449075
72463 442510
56149 75347
99362 282497
17588 46956
81966 240528
81505 55272
41759 298337
1222 177417
33054 18092
8843 14529
87481 479745
77872 92568
95766 447871
51574 207978
2671 385950
77602 87174
43457 114662
86203 77776
68855 466742
96775 154047
5397 236382
65818 109600
60892 131876
564 300625
20869 94179
50378 93319
97004 300904
34482 398696
26146 435028
56407 323826
92507 244636
35642 301810
75509 39596
72389 313998
46786 51167
50980 5020
49786 175433
32353 210344
71583 58382
11039 227634
16612 72744
95667 303630
9219 78788
1279 137730
53087 216805
65412 434955
15637 433536
76559 464312
67949 132159
99153 341709
10914 184895
30105 69314
94023 349009
55095 236354
29180 431580
15570 488525
28617 61465
5342 48182
78932 405686
18050 394629
91408 153876
53451 231765
90225 446793
20506 238519
50782 161631
21905 324782
9790 47891
8905 279345
87083 49143
53556 392173
58847 140496
36568 140448
73916 419448
94425 237119
21531 479453
1821 236017
55695 173696
41903 429521
48790 127384
32106 48432
94882 170317
83723 371312
60004 357085
39378 439530
55409 451417
41115 58409
85257 257897
48638 240973
2905 373028
67397 313801
34706 90521
86691 358566
27875 290666
30512 306462
62655 353995
32685 271201
91118 94279
78846 419347
55532 126235
7518 324428
45033 98681
44084 11671
97734 269927
90506 475891
57482 478302
86926 449237
47906 238539
76392 182212
84902 295312
24783 12988
86760 173124
98385 281996
59835 408495
84409 91480
67129 207120
62847 295415
64494 389879
84550 318677
27378 69322
76396 443027
68786 298788
39580 252674
50152 481874
21698 276716
49595 1012
58922 233099
45508 217634
6492 321552
48088 291716
38604 311869
91142 159321
86756 101739
15364 411281
45479 87717
89385 331603
60521 282411
255 90584
80035 253265
71520 363950
74335 410365
39532 247990
74779 309580
66386 458245
91260 445677
23071 418983
60837 41444
15169 74328
38725 116969
74044 174729
42993 42023
84019 346753
5103 8957
71706 403193
62301 323424
1834 327359
86227 114423
32562 166964
81345 56734
45233 366766
8992 91780
87068 432631
77314 378764
20465 91884
99157 478512
61901 447678
65528 114425
8919 449780
77980 47272
55970 364360
51843 27313
90535 15301
92795 234203
1652 293104
17222 266977
32832 24956
708 20499
89402 302580
16941 302326
39733 138197
32921 32096
89868 455984
2805 463197
34151 382733
88542 356301
97141 274595
45214 172259
84481 188065
89966 28583
20038 177577
29679 357685
37364 188463
56508 273084
85999 341470
11369 460545
5306 393043
50303 118649
64380 430656
62741 395314
70765 418730
86680 167050
66945 375468