396
33999540 22918932
16157470 98291131
-64947209 -88160083
80549284 53090118
38430885 24541326
-34773591 67262887
33858488 33222839
38463922 39929509
4110327 -76155599
-49334894 71606238
-94875773 -98688855
-94506033 -13052511
12853424 -84859696
34769581 12574036
-40472526 88226060
-34768004 51022977
12460975 -74965966
-42571542 -78565665
78035894 -6210664
45921029 -41634064
-29043321 43965328
-23743750 -13636382
55770956 -45666315
-46220421 44627708
63100216 85007496
98146795 17723953
-92783914 84973783
19433296 44195901
42022831 -22342342
-68400770 29670900
2828448 63166509
89601047 -15504271
59329617 -51103492
40651098 -85476676
77276472 59572467
-59742089 34980792
-16860062 -35086565
-60711487 44844543
49243598 94442315
-59526932 38095868
-74204417 -63507951
-18428636 79615382
93952402 -25405696
-67979041 9504157
30644817 65851829
-68369210 88372920
39945355 30142807
-94749809 91550434
-49533841 66382565
47728378 34459177
-72753770 38864078
-28654953 56302748
-62253735 -17225554
-7678538 41582089
-6316772 -13347776
-61473848 -30270315
45490048 64157280
39237261 -63041652
33299735 -86056403
-35817206 24993382
16120827 97570202
3669475 68634031
-93022760 31854936
76743095 -94515868
-28045156 36896878
-31874890 -37235316
46899202 91799155
-55756028 -33865236
-55446670 9516105
78322938 -9677144
-67059117 69783999
-17184125 -86661491
30513462 -1523578
52052695 -55848373
34284616 -42690046
-81084092 81156386
9755652 -47416332
2044135 35816381
-16367239 36088415
80732165 24066031
76928078 -79091713
99868134 17203540
11203506 53368132
-88881417 33952864
82328009 29519520
-9743164 62839966
-15606948 -16827061
17097684 34514778
33393843 -26567700
68073360 -2981375
-16006904 -40020832
-91964102 -63039003
-85507811 -47657251
15680424 6132991
86652967 -93931855
-30646613 -96854316
611826 -5359598
-49990018 -79730307
28127213 82378816
-65358162 -39994469
-25326777 46546388
65175323 -27759541
-39065300 -5831436
45367875 -77392424
-39391003 28905218
-18051437 -87207416
15225450 69884001
54929803 74005886
7520636 40248556
-26936751 45773175
-19858322 -34672054
-16588120 63201888
78601544 71319580
4729414 -42925270
48695806 -77351550
25076688 6390814
-56455178 21781231
76224051 -25113819
72689057 83214838
87096633 -70760889
56708497 13860490
-15739928 87102872
48180401 -84609722
-84717510 -68625982
-63816318 28163279
16181556 -34461011
37733305 41571835
-59066880 88686924
75647904 -17365652
-5426776 20031441
82896466 -71200083
-35590910 -56253535
24016845 -18119796
69690183 2315319
38942412 72352231
-54612680 -60817767
-6058367 -55910900
-71435930 -87121407
30962750 -16808431
25116916 -67713866
17382555 43805255
17539678 -95475577
23444656 -27220971
2374426 -98314905
-40359240 64761530
-72015701 -68480659
27868537 -77586152
18272539 68586706
24870604 -41628828
50276221 6815198
41510088 95192549
82333194 -27681109
48652664 84276214
-86379643 34996158
58087424 5747225
89980770 31713649
-49080901 81644889
48721347 -7783225
88709331 10170586
-30765594 -92105113
96168365 -77611232
-20986929 22439488
-65872166 -32850489
-1995850 66433927
9773500 -70781519
36636308 -87868672
38029088 38180447
-87311634 -93470873
-82584220 49678522
2445768 62792334
-16856077 50941177
-40150977 -21746015
-60619217 -69539173
93071641 -82915111
16657057 -42155179
-1410866 -3205477
-38239433 26789545
59109468 -32360553
51549299 -69707837
4094492 -8767620
18608865 -19592121
-29884983 66411654
-27631746 -98494633
13110222 -55927595
71956067 92237378
-91767280 -5818150
-9337549 -89136633
91093009 -31880409
22957068 36000002
-40451700 -621182
-61709115 20035915
30909841 -81831477
22006468 67441532
4841592 80909674
-73864299 -18320281
-97646269 19416985
59423549 -78000396
40094529 -26867251
47311061 80958457
-2957138 -47731226
-89138401 46548101
50970432 -5715231
-47284946 80699764
-36301289 10702602
-83238687 35265188
-25075274 54052498
-76610014 38765878
18339429 -56985978
-78027284 81996629
37923560 73233385
-69445931 -23275609
53265847 -18661511
26708491 -49298580
-5923191 -79121663
-27111147 -4031397
7517947 37251654
-1937163 -76655432
80987312 77583618
86046080 48217117
10345497 32243839
80228943 98340819
72484890 16570216
24899749 69586405
41456602 -27056766
-54451899 76004298
38184055 80658844
17948592 78164268
5932506 77423650
29918771 -55197307
-49728668 92791200
-61938919 -82898065
-71389377 -82119823
78967593 -65650495
-37280743 -91960501
81811021 19290894
-64392150 -61296537
-3955464 64023931
26172350 18233467
-8051068 -65308487
-10776982 91031537
-79402478 36440032
9629452 17523734
27320637 -49506215
-47061043 -18257237
9770731 30436762
87198305 92662350
97966954 85020514
59452843 42447779
59195003 -42453834
43894626 46012920
60012971 10724101
74597618 -55413624
-21200756 -96520453
95988531 -69865130
57891670 -53011247
-43395368 -11343158
29337161 -30779130
39657581 97951322
45068387 -40754313
73281772 55475843
633268 -32562327
-16506042 -29175488
-95999526 79942307
30373961 -5865721
69395133 49283628
-952051 -19085020
-97709249 4328944
-92874199 -34978880
-65210465 64593686
47050788 67323540
84864362 50097121
-58684308 -11154669
-13018557 -39292052
22165051 -15965110
46228769 15386246
59732384 -63260187
-96471674 67628474
35997013 33799736
44424189 -96327867
-87153529 -26526493
72835912 -91098816
28894035 27808172
-82591076 62215277
60636765 20765036
-44430791 26551401
84918014 -77654501
7180434 -67284684
-86758376 -33265293
71886603 -75700649
10044068 -45672909
-37891580 -57923412
-24494825 -57368600
-48428533 -8908548
-81303240 -48935477
-67857084 -27758179
-78483468 79999597
-1672283 30732945
-46833622 -42281160
-66563929 -44639416
96171573 -48597825
19708616 -44046091
-54545094 -42639842
38319432 7523623
25633916 82978158
52541456 87089066
-90563203 -16791159
52710084 7999918
-69039848 87907288
-75436901 -76508711
-31715553 73760341
6399083 79793692
84535183 16188894
53191089 -39975388
-51730387 45553355
62246684 -81487047
-45401170 4262173
-34132288 83866256
-63466310 47738950
57277578 -27454640
-85633139 -47803864
47260034 -9182749
85594266 33895020
45169779 -55912415
88600395 90076284
63412918 -3479174
50117532 78031213
86675219 83849273
-74179529 -4742005
2819234 -3050448
-26010830 -4274107
99070900 -33003067
-49695250 51307500
25099688 64628444
-35529145 2679491
31643158 47092960
-4607899 20672294
18922060 -17426190
-5301477 80759171
15246088 60774472
73645969 -45166151
71331627 69254373
39100848 -42772791
48522329 21218703
87400142 -64256466
5475302 94130762
60468418 50815367
9806846 -26553921
-22190532 46157309
-95022420 -54823630
-26609852 44736633
-48718901 27748636
-96745389 -97729813
-9626383 73788190
-22682632 74126291
39512120 98937133
-95442500 22759458
-41555502 -52749913
-53622834 -83087305
-21194221 68738646
-26945423 -19987046
75058054 72421056
-9018372 -18383918
-88202689 90984925
-85124722 51388199
-38487576 -22784959
-43446087 -22584636
14495061 22327021
-72193517 17865298
-99736349 -52625489
-91981306 7600055
35239598 60903962
11322378 14496543
41639715 -65645781
8930419 -65465266
-60515229 -6222054
-88375384 -2092819
-29743447 -22540094
-79904416 -49492645
-63018980 86309614
81788932 -56453411
-39530590 -51369122
83976416 22400565
-85281181 -41492640
-5316616 -62717422
42605719 53649120
-34354969 -40665398
-30705806 56367842
51527423 45910114
-98058624 -14610053
-17950254 69522286
35902463 99870136
-47334029 13333402
-83934084 -63936524
-8975658 84707334
25059031 96456333
-49154019 -73305312