102
13016865 -99057770
-97294805 -32882735
-8418600 -18608946
-75152836 -38946796
87560212 -51233782
-9559499 13827566
-23043953 84620110
47548117 -78371081
-88795050 42397373
47670024 -94887518
-31066719 68516544
54741937 49539893
-48948548 -41639780
55505832 57480173
-74341237 -33122387
-80573148 -49719676
-86689057 98498804
-66517291 66356617
-80322228 36102331
-58168097 -82077919
-58334041 -50148959
4539657 -48222921
65742666 24866414
58363382 60265841
29862844 -82049960
56649515 54788961
33248163 49163433
-56800857 -72434767
18192692 11915259
93952383 -37250039
40540235 95895980
-3326914 -99712
71256812 -20793454
85576808 56691149
53766993 27093771
65422575 25142296
-11090139 -58743093
-39601230 -52835293
-46667570 -24663029
97518447 -42168792
-5899058 -640676
-13219497 -76770330
-35956107 -13325449
-69713154 6368358
-43463565 -59506869
21457156 39090987
-43949768 -27820984
-40755107 98931886
60663014 -39560618
14587409 -42961166
14630507 -38416203
-27455148 45258032
-57701627 71565030
68550006 5700388
-40591278 68473986
-50401645 -38516019
-97229388 -77798228
-82935043 -4568872
-14073034 -20324446
18048786 83140610
90027224 -88758883
-22112176 43851508
23878323 70530956
-51009703 -30973650
22613790 73456741
62138979 -13142419
18177570 64087040
-3719228 78520497
-81163731 17150675
-51827081 20099918
82168480 -66470008
-68621609 -88772566
-59392140 77300713
1066086 36500384
26166986 -85748505
53382926 -8453766
30665410 -21534405
37901509 -20014447
91510683 -32533106
93105866 43446776
2691611 24016394
-56265445 11891564
27810745 -36901498
46928241 -586765
34515794 -70869192
-80995041 -83801571
-78153393 56764102
-49110979 18414035
89675917 14082668
-15302345 -75626366
46670235 32940283
-54486920 -28760495
-24418784 49439763
-40709621 98302274
-27520572 78031092
-43428281 -29183584
-76041925 -27632619
38078352 -4235633
20357720 16877394
-43918872 20520215
489615 13354433
77276433 -72911697