1458
-84776676 -98912431
57869823 -35747125
3195047 -93522233
7226982 24827413
-71883957 -82274788
-67399577 -74112961
-14909624 -50721885
80691576 65735031
19396269 -82503463
-6784440 4101025
66204267 -8699457
56834658 -55955456
71011609 56569805
-45474667 -25476958
-52059740 47253769
-26286131 76567451
-71162597 -81341072
-41476253 45462419
58991175 83078712
-55539649 -39912329
-65980934 -42311519
-17763312 44529175
-6779562 16153114
27296146 93166639
79845267 14892312
37213799 -56502329
5541341 7354389
52576051 -49782970
-50911413 28920741
-64889172 -69596961
-10337683 57393081
89768769 -99946444
81238845 31559029
14113973 -81598644
3238911 -25461075
20732628 -60107780
92030652 74849642
-76493409 13141730
-33317364 -20911772
-21619521 74859063
-23130683 -40944712
50687398 1715818
46140998 -8059414
24745265 -90704886
20607231 -75621522
20546098 69089862
93821576 -40425021
-10652531 73897742
-79910458 -631587
-76393666 -26739774
-91714676 -71503730
68013215 -60461114
-94025580 39012189
-54885682 99118700
23714983 41650735
-88219253 98844561
44123854 -80313756
99201205 -11658743
-25003307 3383185
-11052007 -18873750
83287442 -22059967
16066017 -57467878
2389468 37119409
3545778 27091909
65862650 55588731
-27746816 39167656
50305756 -41758551
84218012 -15799057
88662600 -8195697
-47119450 94158797
18908856 -10752250
-453083 -16697058
-74195342 51488024
16478825 -14238979
79483492 -49779828
-53234515 42688857
65969685 77648521
1234177 12895346
-23647115 18317745
15481759 2154881
26919918 30519858
-97926086 12014795
-73068524 -53210870
40111499 -64183234
31405928 53140730
56683644 83762992
48152349 24464186
21936142 19867219
80744200 -16101512
-228714 1221456
-10766192 94373497
60223017 -98068727
23723582 -52322920
31066687 -74874688
36606455 53107696
-14555856 78401396
8094949 -37786671
59336546 -74612093
-42733567 -88768968
5177581 -4037769
79355920 -93267557
64639829 -45888616
72827174 -22929710
27529219 89622617
-26411044 95558501
26241168 95916253
-19429446 -52871085
84408644 64443487
-95771249 23156775
89348706 -58870497
20486747 -11713183
-70771191 -46553671
53258439 -43082739
10666376 -5805689
57909714 -32096901
-35760938 78644748
-314172 -57888791
-15860000 -29717192
-90694214 10861923
99249904 5068834
-47255985 79528529
-35227172 -11924909
-17834307 60541903
48317773 -72472309
61301189 92295394
9241863 -42016971
14937831 -6118171
48327150 -68748168
-45096017 -9687616
-90684919 -10715694
-80207893 -44581836
52391383 -26098027
2575492 69987550
-72546792 -5104184
67243898 -97231593
57777999 57658795
8304762 -21161791
47709296 66591001
34186080 -41360650
-92049122 21358337
43458949 -21067929
-52280193 7528280
67402898 15181957
8255322 74068037
-26751633 10557490
20346709 -14252665
4691978 -17248499
85376885 95439439
-8414327 -3829678
-73496209 96162137
-33064767 58770150
-64064546 65141686
97990011 64462410
52473361 -57547186
-46017780 -2358982
66076490 -53010624
77899457 -79766781
-69648860 -24715821
32104540 95418908
-3755031 23725824
24983136 32154018
-81567933 85877722
-2103690 -76920296
-7820178 52951326
25267206 -50330315
69019264 94740563
31961461 92999266
-59150461 83169303
77926622 -47262214
3848876 -4751575
31166522 -41102683
72307644 -32450437
50343129 -77259862
-36356409 97991894
-66412087 22774708
-65845736 66336983
28241839 63152570
-86958056 -8368102
15130082 42723440
-39508424 1101485
41028322 -48408821
-5820889 -23184090
16605175 52379262
49457956 -22830119
-45620908 -56930187
3575929 -98568486
81893208 19168995
-22908603 -17533112
-13328038 80319519
-74530461 52690240
70059657 15138604
-3100614 -30326734
-49613529 -5012671
-82952296 -70067134
47505035 -77156039
-92771253 -90849792
-77235368 -67174810
905053 -8727061
66974536 -69692546
-1470358 -5319253
-72706378 -50540591
13503800 10373880
86877928 38880240
-12492240 2222314
68990338 13769491
62319231 36469214
-98552607 -89929294
4886614 -13869548
-98681477 -79039488
-91172201 82186070
-44665683 44093891
-23990159 -69585801
98219441 55307776
98222531 -22759352
-38838747 71811038
4686228 55654386
51445879 -44353130
79165300 87723112
50717622 -70636458
95733075 34338326
97495218 -7185254
-15603474 48814005
21838977 50902276
45123353 13927642
54743960 31102290
-43423597 84413002
40284376 -87656104
-78571854 -70052671
23410564 3843170
41053322 -11245897
84120019 -26525288
4387588 -59407400
-90166645 -29200446
1151157 63611739
87884205 -62221262
-34616645 -2963367
-61937765 -5514356
-37760714 59309629
-9502210 72654751
95204414 49751295
72683179 4162674
-47788541 -5665116
2276305 72186441
72657180 58030774
-30422854 16441952
96023256 53838471
-58680531 89940135
16269045 -53373938
95302095 -11654841
41261911 -60912831
-29009122 -94719474
-64183395 39467684
19352195 75788643
66747145 54052537
22434998 83469813
-46514062 -47706756
16023259 92043485
68914503 64018369
15327073 -90162447
57963697 38239246
46865721 -23508395
-34509288 -23284335
-8338847 78139977
-32983141 -32433537
92646661 -8660624
15356585 -41518100
-79524853 -91359118
-38161767 40262968
89460053 -88038273
20514587 20152089
-34932569 33731576
-15809313 -79948863
-27638023 42689917
-46921764 -77964279
40144455 -53483094
-82347722 676556
-78533854 50110855
-43596381 -5820059
-18376105 -11308034
33226477 -86231122
-81353882 19665946
80361792 44056356
14586774 -65781916
16659987 31453870
68729450 -5698755
-2395853 86761382
-24310443 -3505917
27813562 5897038
-5582316 47253942
87241579 46117747
-23837528 -62339755
59122741 10651699
-23419301 -12247156
15381507 34863179
15096057 70518424
-34705430 -38360484
-23693623 -1429946
-30919126 4586299
-59833167 -11320558
13813191 71867569
-69778068 -72192525
-319387 -53507979
14558475 33923952
14331882 -54802109
-58031060 -80965269
-24694149 51704535
75124435 -54179487
-2342090 52234445
-78522005 57159581
24079526 -44868478
42517383 84069879
89307491 -24163197
-53433188 92118043
-1322703 76381777
-80922775 65598872
-76137538 60617935
35080131 -82042094
16880257 -41463684
66032249 -64232602
75949624 -62506225
-79728389 62116342
80298976 65572047
-16939848 -96692187
51750056 -75603653
46085979 13780652
47385231 -33189071
-7837431 74404858
-87498926 1094878
-48394499 90410393
97757069 33573194
-765683 -50196487
-51314294 -67654551
-93364682 17677498
-36664818 77453503
-89179327 52262469
-46708469 -6238846
-30027410 13394857
-61200098 43946384
50179641 -93435177
31222686 24218287
16646325 42449732
-13533156 -93685018
-29663330 -79369308
-20493487 -98508149
-53446931 7048629
22578851 -34652545
-97131983 5445597
-1426695 49219365
60375365 -73839150
-36445765 13336133
-67981797 -18765345
96027961 71097936
-95816499 24316345
48027494 20618692
60090885 -45354304
-99693315 -79793428
29604101 67062537
-80401398 -12813977
69833767 38887657
-31252733 91902273
32122616 -77303610
-56473470 -48987821
-47222733 -90457150
42347046 -33371453
-39029330 -5052161
48332835 -38045861
58516206 -40596068
-32914464 56914473
48074389 82069769
-50279440 -70270350
-88149638 -57411094
-71791237 -28567111
95213280 -4057328
-92765067 56818783
-29505123 -20932252
44995601 93706951
-33552761 -6044829
-46052121 -13443464
57161592 97109009
-59136548 58429276
62954848 -74952891
61612836 25647526
16323190 -76671357
50643457 -28276404
-39498798 -42546296
-72359761 10302966
71991259 -57148041
82376716 -86745417
-31753794 -6403490
-12806781 68129856
-71831450 -18839096
10126917 -61967487
-36030373 80839106
69031299 -89609230
-20471508 71514042
15209668 -70385173
-5401489 -14584107
-85212836 -90756082
69638341 1700636
-9429338 -68142672
30643673 69365887
-1178521 2167571
-11530989 76854673
23359837 -64510531
-16374960 5955358
89786205 83914588
8514416 6910863
-9741916 71496480
-59844517 3624794
-83147696 26217700
-92276509 10710703
-83860807 -30934380
-92332711 -8348735
47576277 34575145
-40587708 -34124349
-6603364 65016372
-5392701 41036711
26180825 58857902
-23780063 25962951
52786888 -37529442
-2455274 -54114878
-30422780 10948743
48106145 -75696217
95863891 -49971348
-38941578 -30021973
97350966 -66543092
3713856 3106434
75826208 78660375
11615644 51972304
-51552895 89756865
-29072320 73199046
77802143 -96468777
72315805 -25067723
-87197272 -89994324
67024736 -16096272
39410962 -92954650
-87664351 -49690954
-65377337 28520914
57690593 35534769
39815056 -64105875
25601200 9333993
-13577373 45431577
-36103430 -50609983
64541856 -125488
28725665 -32614350
-78134372 51076598
18002495 79613095
-54589778 63979259
-43389229 17709963
-72053157 22228717
-41490904 6652705
-52680943 16048769
20635890 18383356
-27808069 -12062061
-2599170 -31416837
-31358278 92858064
81610199 17816178
-27219002 -43634859
-71727791 90051150
-74033002 -39671786
-29098587 -1853385
60386459 -82817595
-48819514 76251330
-37543270 38107118
-32063728 75731317
46976917 -65339574
92845717 -9283750
-51137784 -19634242
-84851524 -62564473
-36440997 98115961
1475122 65209266
-75832673 -45985080
-45265428 17772968
-36963012 10243423
-4534391 70279353
-34591752 15475779
34422236 19632768
42449819 -1919434
24142346 33940857
24560499 -29535655
-54578047 -90788577
85094815 -18084471
-67738071 12605637
29044855 -3154216
-38688674 -87582124
-44635033 89863987
60855862 -24776364
-29912579 42464898
697917 57053981
7152954 -12065025
-44635308 29560465
-75274765 28044031
-93073764 -85043211
-63989128 -14103280
62636863 8256952
90405343 -24877760
-47401746 -67714427
-86550829 -35784200
-29367928 -15705964
-81051695 -30711905
-22779353 20343511
-25242353 -17667841
84821841 84098327
-99403266 22346322
76518719 -84460146
-15251530 -63206037
-38459377 -95501371
49712411 -84897548
-80777762 75487299
92647361 -44362339
-76834619 1462281
-58870556 -37012540
77542372 -76044534
-78632899 83740862
-20863189 -51601213
-70046002 -2781487
16359108 26340407
-37509780 52335271
-74452348 -3532591
12255302 89322973
-90781964 -76453082
30192080 54446451
52477789 -73860485
-99041278 -88939968
-29949020 10258550
1864238 94987350
6560205 20923581
-26247221 -66635527
-93642358 15041149
68395258 18798525
61451377 -68700331
77449608 67811801
-2160732 40426087
-49862229 -30738716
29322458 -35913743
92477402 69945818
89495119 -36028454
15572999 -12506397
-59564486 22785082
-5632876 -44014686
34600445 1488740
-21530080 -58003552
83437871 43744875
56877166 -58476259
5882605 -43458856
98543015 -70013538
-81111493 -8672025
-30575900 61095573
72050118 -34898561
40189102 -92663790
92634681 -59506443
-49197730 -46609740
54545164 47098960
-60125088 91136901
26301939 -83031255
-95357196 -76618616
27545415 68702398
94766573 31319900
-26463419 -16449055
51616044 14425235
-32677926 53207857
-69113337 19897208
-32677223 -47243558
-61118510 10347372
26028899 -60278781
67817054 -95291857
6033775 68005464
-11404468 -51768207
93143769 -58399455
61613200 -29817358
-18275668 7151130
19567482 -99860858
-56911907 83994115
31993949 9081556
46368364 71917388
78703359 -14589284
67781157 -64402962
98684214 96693750
-16453977 -53383124
35129897 -48409460
98787610 62576188
21565725 10933984
29343261 -76344461
-25388116 16507518
-43692134 -1687925
-84133641 -91877246
54600855 -74578458
38447685 11263008
-30331701 -37697330
-83790986 24754342
51871860 82198278
-29676976 -73631186
38412663 31921548
-53004238 -94043101
43665965 1734278
69950084 -53931773
68252586 65808018
63530056 37341423
-39321109 -2518697
-70553358 7681348
-24845921 -13032919
-95032788 66193275
-76987582 44364578
68349512 9896864
13917800 68307979
-57417283 -96916475
97244246 -76639600
10000239 -84696786
2130880 14574689
-5376798 -74199371
74146308 4331983
85064271 -65220795
38037280 -22253986
57414488 -48491147
45547379 85087638
-23717141 3119033
9113011 -93125209
51097012 -98968129
62436082 56235883
-64053575 30248222
-45370249 -74862547
-52858484 30571655
-56277210 -597499
-77290697 -83513734
52471726 80706035
-91734379 58109587
-96339084 -59263575
49975329 -22961836
-41391647 -4516705
74957765 765059
51245345 -49157616
-8883651 -22444288
-35864351 -63601488
-70067551 10729520
12791652 50975794
73041281 -9981658
-62836038 -63290824
-24288600 7278158
-71651209 -5547000
-98989851 -31493879
-85172475 -83107782
-65445327 2180138
47664330 -25880048
97895844 -65439404
17107736 92856090
-57220893 -19837883
91404267 -28884945
10206173 92895629
4349640 -4340518
-74066240 -10584231
-2674283 -62014370
38131511 13137270
47895288 14585721
-36258578 45068385
-4669066 -53060640
97139602 75829183
-52223211 41434399
6104991 -17114373
66622049 34838839
54131714 -53049162
-67348236 -61692775
71613464 -3415061
-56014703 2497933
3110118 94261480
-57947214 -25814321
-81001453 -83108173
69520118 -56375047
75424147 -60434601
-26602962 81814591
93128324 3611709
25535951 57865996
9248608 -3500807
45924184 59966167
-59980859 48123209
55961831 86762594
-95453707 -57065973
84417145 -66590167
98487464 -2535071
75176927 52902411
84179799 84665793
83595842 -93269582
20621537 -69632047
84997243 61840821
99828534 1390603
-89888774 40747173
-11518370 -24768944
90321611 77728633
28846255 71963589
22442798 46370192
44230051 67785319
10339264 -93100751
-22693924 96061290
-20903086 56242513
-27697244 87896333
-13757237 96418002
-73794010 -36353650
91888106 -13188914
37083440 92622249
-84461862 -14108440
-26591751 3435998
45006272 -62380068
86067671 38337909
87403489 -3340788
44829179 26181426
67622141 -95948319
-1430945 89956586
-39432198 -9356922
-30260358 88962961
37025933 56616402
-85855029 14062594
42444698 43406129
-83154245 21435633
-10035532 -54138207
-125340 -71199027
-76318187 69034257
36016405 -90584701
-32058760 93445628
-67941873 -93295298
-36851788 61884662
41586434 10555136
14968846 -65534685
33961259 -75916198
40578343 -53509170
-8180566 75429880
80115801 81658168
91458222 -14962628
-35462071 -17778578
80349783 -60326834
-84875774 56073834
59428553 5346128
14666425 -27295466
11296630 -21751376
39564103 42442764
97116624 -58350086
94082820 -95214912
3036127 30881631
2093396 -69730736
54388211 -72282760
99832921 -20184833
62831584 70178293
74683720 62315012
-2858431 51526228
-7424839 78798529
91033710 73810850
-58714364 470994
45094205 78204600
-14497554 2033193
-88548581 20028714
-43302770 66260863
86056121 14709972
-26389133 32855320
-84229757 -9059327
-94728918 91485378
23809997 -75737588
75665061 340345
-46500159 -30033985
-3082220 -7685799
-95063979 97123237
-28633672 7660681
56741555 -27031908
-88704836 55271055
11535674 5641437
50421301 18448863
23119439 61530529
28303202 18655139
41016664 87289268
77080228 -58342304
19714740 -43626281
-14762219 76052676
-13855529 89018060
23485649 74375913
11863648 -42532601
43810807 62286864
-37724214 -3426281
-68920357 -2850917
45076490 90180318
32134968 52589654
12800382 -32759243
88945962 22187834
-10325752 -98525858
-84996655 73821829
-16982199 -61249730
75006215 -30144129
-67891392 89194953
54626813 -61542835
-33074985 39780843
-13570715 86294536
59759486 27770271
-44315707 -25340065
-25130951 65780942
39114867 -86902541
94707452 -90019171
95112751 66491128
-41208973 64670120
-16256242 58165316
33318792 -73930413
-41579918 72191877
29872000 -33457508
-48498539 -53240818
-35422491 -70537694
23771946 51091540
-8063612 21184662
-5979586 24011318
-71242827 27472757
-735383 90184131
78074952 13337453
43136544 32259899
-83556486 -60479023
8352262 65619692
-35836869 -48605830
-2094776 -64246159
-90118226 59239792
-13190226 91932002
11585326 98206316
91987363 -8010756
-84071636 -68868119
18464290 65055384
-92980062 6714184
91209822 54557254
95914908 10033180
16713986 50197334
93641185 -70208972
7856330 -42474858
28360740 -82990772
23003992 47238819
-95195826 70352305
-12729233 58474768
53737056 20765959
-76429165 -88805610
15773214 -20617433
9350688 -98412541
-70522419 66553875
-21877963 52293067
58431095 -67275865
-87120303 -30055978
89511983 68831601
-98664790 -61045918
3405236 96234656
-55048504 83972974
70972162 48829191
2308137 -60457612
51284908 -37446697
86786864 9194883
-22112673 -38225171
80827685 -17062620
-32160705 69730057
62199422 -39203655
11357318 -87352977
54419023 -47360847
-68567907 -58297254
-47505347 -99339484
5675493 2592396
16058243 90087448
-73474603 -35149591
-44416693 61721768
-2292608 -21635833
77354363 -97551574
-71981950 33250680
35592179 12053750
-55604815 21170940
-18661631 64654524
62636378 -24417607
17236566 52977489
47233849 59424700
5409849 -87377762
79334106 32092548
-44620150 -25362075
-35211642 -93159403
38600538 55669909
-67558755 -16414270
-23939012 -9816666
55216034 4327666
33581668 -40881491
59483498 28002243
-12820457 -5150137
-14058900 -67714624
-42540708 59309575
-28207654 -33370735
-84154655 68362717
77317206 -45421384
-21927844 -11141549
-73842444 -43093436
-88807746 -41751396
-91026770 55410765
29633574 15013959
312477 42826059
15675433 -35531107
-49332897 -69540387
37344358 -79087439
-44120418 43137410
58657601 -96380479
59812927 -45848372
-77622471 39329511
-17542188 55921723
-64525112 -77965062
36600543 66007057
29934101 31502533
-57332557 -51962558
-87667813 70979198
43409575 95947936
93034159 -67675858
-30452808 -65702376
-86227997 16281850
-24991754 -85598734
-12824393 31312433
-69845504 -84428447
-1047690 -51063303
28854011 87857292
-5753589 29499980
-46043291 -26402345
-69286241 10667843
-17819514 -60501137
-35021292 -95917097
-64721131 44422706
-13686116 33160898
31478851 -67240110
72903913 8794290
72093648 78814
-43890046 18718571
-72335366 8314087
-53256006 12706271
82314159 -93233692
72650385 4050342
75198130 77630795
-701597 96077296
-1220808 69356701
-4336252 55663147
63045565 92460584
66680192 -53526212
-36657721 18692607
40422257 -36509556
48485761 24301547
421071 -2041741
-52608579 -32658111
-44244532 87901914
-29017353 -40219423
40053753 -25265037
-60380631 -21210878
32885474 -22308728
-21476407 97003975
-39596433 -92486504
21155270 19076077
30880362 22322490
20889538 82013959
-15416391 -27739341
-87682025 -46676083
-89119707 95575924
964509 -36951561
-25936882 83654128
-99540381 73544114
12382434 73671945
96889236 55117153
71997137 -51682945
98947661 22224705
-36423596 -90484524
-14859067 80087928
68301863 47729401
-80833280 59166056
14113398 -41045481
83720079 45701811
-15221915 -33065787
-41319836 -67948528
-14309297 17418236
94154832 -93133191
-76104508 99049823
-65644564 36746606
-13850689 -66623716
-79405157 -7937930
64164525 -8343528
-94105586 21166571
-54062747 -60423061
16151363 49340780
-78822254 -68447636
16944612 -30619993
80006886 -58796821
8618111 18569405
-80960437 -57685543
65916372 1926346
-6951893 -44293398
-99011775 1473157
-40385576 33460277
-99819638 -42360266
-63834322 -904134
20745759 12034740
54917826 27956776
81048424 14018840
-61375782 -97927720
87849825 -38705569
93553753 -59541037
-30524784 -84818616
76089541 -26412995
-38749123 32265142
77642756 -3178391
-60626738 -22513151
6402960 22031418
49687657 90685321
20384745 3398976
23162628 84822017
11165940 -15048756
-25267771 -90603877
88562678 9468411
56137210 -46892998
64739088 -1497082
-35824586 -37179988
43273964 82659995
19953930 -45925227
-58228629 52259643
84142962 23399850
94081027 -7630191
-17017636 -54241940
-2348114 -22943914
-78393244 18758353
-96260065 19126088
64072248 4776620
57431462 -94981891
-27666206 -11135554
-77206706 -41747752
49286449 59444431
48665039 -32045252
-2406611 14385000
-26277748 39896722
7285196 -51220917
57317964 7514273
24163430 56467730
-37343517 -93728766
-79765351 -20499837
-73259082 -12216570
24079402 12422695
94656198 -77531170
95978774 44362788
29587966 -53252095
85253917 -78231219
12839165 -33555984
-30374458 25298953
-27119025 6542946
25852009 -29520258
8925180 12434922
-39991116 99710338
-59716010 -52243376
83019130 95633173
55248765 97716306
49207593 -33986237
251066 52468286
77845408 -97637161
-20353665 -90922369
-51770558 -13695987
15324502 17721858
33786575 2462216
85024212 81309807
614607 75335480
-33532035 16572631
-27759766 -79674072
-14040634 -13659913
-22706800 -10945452
-487007 21436966
-41162554 94761349
-41611253 -22885295
-92168283 92545050
68373005 -94782062
73458549 43519414
-71799430 -28372728
85190368 97546426
-50119823 58700566
-53721787 14292824
-27415867 59227878
-45370757 -52291719
-21294023 -57930044
52417246 65949932
-17934142 -90344063
-37879690 -80728661
91316311 37558157
-71800659 89343160
10165454 28979720
-93551970 13355020
59317125 -96363861
3004212 96953326
-4173133 5276207
-21562402 -52274251
-61930868 -52933056
47623911 -10293828
-51384294 80592454
-77598169 -84410901
4167227 81370311
67298697 55164560
-87902549 57696171
-47045445 -57924129
-68473151 -98899375
-99518437 77803757
37292547 94668764
93081792 23360524
81683449 52551886
38336991 -70331111
-48580894 87795453
-71560335 73458095
-26207232 -537686
81460749 98386686
91087918 -68361297
-30433224 -88088666
66015869 16628569
45108078 37187220
-48056278 91075523
79397700 18416754
-54712556 -71850357
61611326 -5715292
84288503 95274956
-50927788 -75784625
-83088789 -91539720
-6017199 97181300
-76050684 49450776
-83375038 -31050711
-65423181 -98903701
-79520898 -2058012
-35864925 -96739741
-16947482 92148070
79720524 -17244617
-78141199 15390062
-35168691 57929262
-23579754 -81750270
86831350 -55252164
-42027962 1375805
-54482398 -62466633
8703632 -38976346
-63260269 23034160
17140590 -96274758
-18138224 -97543727
-94765274 64040455
-80143354 -18479373
-7339374 -27280424
21971908 -47644760
55577883 -4016001
12192898 -13785300
-13260375 -33654311
-62150773 -54431865
-62322037 20144561
-66422970 -316268
-63886626 96128404
-66015367 -18355374
-42470775 -18950628
-78815882 64347347
52923175 77095641
-76298074 -40814080
96121806 -73773821
14969907 -61086478
62040473 32820515
48581483 5669266
-31738717 72170379
-80366633 59509162
-63555010 -95658590
-31365368 -82080287
54544323 92911247
-62566064 -77620860
61878850 -66028295
43209726 80782073
92612036 74119105
-91127954 46290659
-20353743 -81201968
68919320 -61183303
-12692989 -35788223
14350890 28598512
-77945078 -10511424
32436510 50349726
-47352559 48919015
73139175 -84445249
6805670 76897
-60178789 76601508
-40275924 1583034
-69693869 19591417
-36834830 85401400
4969491 87819332
19505288 -86460514
50241317 -23697820
33174627 12120509
62606596 -32607317
-97430355 -85514776
38885277 88331381
-43464794 -15331659
-35417925 75697426
63258362 37282918
-26615718 18963034
-76271006 -77646463
33923402 99009598
63591694 -22010929
-78944899 11826546
99369843 -5522264
-45138803 44162161
78252462 59927374
51855796 19365067
22372279 37702293
-821673 51933104
-52984263 93203784
70513312 81531667
9874956 97578805
-77920999 53662623
22467940 73692675
73888853 8165508
-42644832 -55632084
92338556 -45895562
-25019961 47856427
-11415240 -53872302
-65660354 -69866604
-9963314 -56465336
-29428822 32330916
71208169 76922276
-42521222 37313705
22084507 61723362
-44543911 29403855
-27081380 65510980
94661939 44437625
94925098 -75111352
40742233 -57520114
-5658745 41894724
47130546 -30045061
85939191 59627840
17395130 -68072847
30119620 31500201
41750655 40982222
29741041 -60415789
91234050 52655125
-73205093 -41398901
99800351 91856948
72645790 12126038
84887805 62530175
-62104502 38393827
-36455822 -39140791
-13349359 -38584238
80301574 -33612382
91856083 -28371337
-33963379 -96691154
-29614183 -35342414
-49207079 47903902
-59450543 5062175
-99473671 7615202
21020590 17749647
94511811 -56354759
89244140 43690997
76331457 -54468455
68292687 -21237732
-14658046 -10258706
61745766 -55726323
28270527 -55820506
-83276718 95680574
16610769 17685006
87410887 49153439
6744886 20868922
30212172 -6930375
68025669 -81061564
68775045 -58397449
-56841103 -73027280
22441754 35401291
25206117 -77703831
-2233268 -81713668
98901472 91561858
46375314 -18329197
-69356529 -31876557
-36211576 990999
69124587 90922007
-25849670 -87231024
97711811 3296921
-77361156 82225286
-54502231 -99569352
-95411024 -56115129
-24346419 -48598275
-32496261 -87639740
27321660 -72287208
-55334383 41683230
-42409676 -60573419
-34975505 -4840985
25434188 -11364206
-6936564 89075880
-12099026 7993867
60062503 90198371
-54756781 -27006120
38031113 -23633715
14080856 51458282
47006263 -52841238
-65005111 14505705
75061085 21971937
5837410 -22031288
38186379 -25186152
-28569088 49543372
83846759 91501577
73080202 -81909124
-42976751 34459670
-89024945 72144006
-11485943 -38708300
10002751 -73229113
91909405 21710981
-27133993 -30228862
-7119091 -69912493
-7812536 -31710012
-60261337 -25962191
64229372 18823268
-43270561 -53879335
-99160563 -21670246
26455455 64976621
27601643 31742740
33369301 -15845726
61251633 -14914265
60057951 -47818559
8224377 -20659340
-21287180 2464386
-1909582 -99668783
-49308122 -5636495
-75115020 -49969233
-88725322 -37313272
78461635 -88306222
-56378250 -13193701
70161622 -18377581
17527967 -97785512
99404389 -75741161
77475509 -48035581
-79101208 77741686
1429783 44073725
-50462748 -26229505
10925790 89190525
45071565 -91088008
25326269 9161132
37991588 -2902828
35229328 -77192750
-32511116 -87597214
99715395 91595203
47943998 63729667
59724384 -17897016
-745695 -6727547
88889151 -39633152
-12269992 33925936
-99518382 -41851613
48799967 32235063
-37597813 52440425
-89735024 -92045104
38714914 -55494463
-9112629 -49178244
-93903022 -53016222
52280030 34078657
-36242663 -644864
73822974 -92087825
96368729 32175352
76844017 -62954118
-16746518 94863728
-16431012 70053612
36336287 -95712234
-85654342 -82046679
-37591840 -32046
78841501 64196199
93549148 -15371041
2118763 94305967
-80466136 -17408036
63266385 -55122790
52931706 88389184
-34737931 46537513
-38092618 71454158
17677478 -76272427
-54215651 41644339
29715885 68730596
12017340 -88617035
-48729463 -39556670
63132889 12487856
23290717 -99162424
37321890 5389607
-83458564 -41560650
-90409867 -138835
-88937172 -24323098
-16636768 -85029117
-61388774 -56535079
-94682226 99361024
74819596 73223291
64608128 -76345964
12303795 51985849
52679464 -49595013
-27373418 2921611
49049348 -31198373
34974053 -86680166
91928507 22226687
81112569 47877572
-20428257 -59375743
7730259 20108401
-23397792 -66635175
27365086 30259795
-99319886 22263530
25984698 -81894713
-62656794 -43533569
-10461164 87773692
83571737 60119633
87320563 48739676
28816936 84850338
14333919 46394198
13765304 -45586190
-72463425 63769445
-24220422 -14794879
52290257 -82859133
15182400 -15014518
-17346372 79994099
63370606 2468398
53645461 -84162822
-62005598 -71571417
-64252048 23517276
72849212 80805770
83116461 89331122
72637154 -33183248
-59369866 84989925
90725525 69145505
84588015 -46135222
25799633 -98534635
43410822 -43997138
-45005877 -41979312
77248607 -78031167
68010882 78725905
77445917 86263312
-64834193 -68705216
8406346 -5908847
61199582 -75849888
-88192546 95465328
-27804265 36281756
-93027985 -62367534
-51381505 97358613
28084105 59635377
-86690614 1394314
-64305185 -82194727
-47264844 -48452723
-16485766 -55746578
54042530 -59576978
71957391 14127510
25983712 -22228238
-65078147 1409474
86605840 -51510730
-69608421 -62698421
13293867 71263989
-22571751 71527475
-9644701 -67635228
-34511743 -49998239
-13517819 2315749
-30598075 67657237
69173508 -40889510
20810359 -62694767
74810969 -68393269
35841955 -42701422
22956022 -87592843
-35019679 62114232
40391228 -29980457
-84008167 -25501778
29753343 -33729281
71703389 -94693268
29139844 -99010565
47357244 96654515
-78267463 73677359
39677149 76694542
30492378 93573743
74764170 -83597090
-30526239 -66220887
-67567971 72309046
7481363 -25619967
-88857914 -8013298
88950141 82527188
-56927924 75558405
8921576 -38389706
23278472 -22622911
-46515118 -80590575
-73322276 -18249433