346
-31886357 -93545791
-16761526 -61940656
-32298613 44503244
-58877503 -38923197
-95175929 -48534946
72900267 96373735
-21748448 -14194574
67560491 -25683294
66349728 56065473
70632141 19353152
-48011609 47147903
70401356 31168645
-68366171 -31421087
94313549 -19022286
9097351 73324112
-41861790 -47496451
-27767906 -72701196
16826135 -10101035
-2227754 -19119863
-70668039 -23972663
65982681 -5514116
29641442 -26177830
3591891 62854798
74579388 54329445
-22447177 -30154055
98140114 71408113
95211450 60191816
97149721 -53293588
-56537268 46822386
-96771169 -32788090
27217652 -79639850
23193244 9507008
19978653 -87726488
31508984 -2485706
2320290 -67966256
-99620672 15878480
58337947 77769500
90145520 -23056735
-63146714 -40583956
-69943492 -85598851
17083957 -68059567
38879126 11024582
-31898549 51646584
25359877 97404691
-49253379 -61957236
68677783 -78265899
6405076 -27066706
25963535 -77619422
77971239 -93214558
-7717803 -49868195
-86144916 63869843
-79701804 -15909675
-23287397 -68344670
78180649 42457314
-36097691 -56394081
-4837097 -5461257
87112823 -27849647
53653216 -12344120
-91359897 -85666807
22656301 20479395
60617162 61432812
-57693362 -44543816
-84189443 -73219669
-86281428 59726481
-26130712 65786231
86596921 -82351447
38851575 -90584733
-79648173 13326212
9353354 24329142
71735490 70826844
17327397 53663467
-10356123 31243101
-46766237 55133713
67945599 -77477782
-94825714 95023997
-74459655 -4469022
-56825211 37115868
-50930032 -68339356
-39851568 33096361
92944841 -33907965
-24289298 -95891188
-66665111 -86938960
1554699 -88701281
-14092783 46887921
-97740765 -30080796
-66164715 -41769338
8206433 -97772380
-74292532 98339038
-65327045 -47000711
6136704 -32903596
-85844057 54432994
-42795705 55900485
-58808618 -55991006
-43957608 -74805767
89436686 6588744
17678720 87155655
-13109281 -4685207
-67440277 33615482
26869222 40222862
-15591168 92759273
-14302345 -96102206
86181302 26295486
67118474 49896364
61521729 -66393856
-27863267 53603138
73237496 -88549222
-20663890 72389874
75715793 -9851365
4795321 26495961
-47464409 -14808581
-2916156 31658352
99794160 49736284
-11073602 -26952646
-10062223 43360343
84526844 -75954381
-70263657 91286538
-2077105 7618928
41310279 33591031
-21749936 -86806332
-58520688 2078408
-59526050 -13835979
-84385469 -38128741
35764466 -25045614
54904146 88989018
8190339 -65487335
-11634384 -12748103
-76746888 -27847819
-33848893 -67378029
80727463 -32553575
-47250909 11602615
84721034 38409092
44404878 -91504275
-94328683 -3520681
-80810315 -42612436
72077601 -37710282
14117625 49522888
-99561986 -19423946
-30152628 -7199864
86027556 -64454227
-9045979 -28076429
-88797133 28862278
88196423 82409245
-12468947 91284942
-54296993 45591197
31433458 -70673509
59109374 57551717
-40158053 -88709939
-25401939 -34150084
41620208 -67308008
-29344896 95078321
17868453 8488891
-70557941 85877455
-88643518 30591933
-43670449 90919713
-88380208 9783867
-40883777 96267153
-17622993 -55874433
-97433375 -17161147
90593065 80179184
92418713 874277
9611915 -4214442
99492628 -26329633
31272743 12640798
29898642 -79192900
-20745153 -43256126
-93590347 -31238046
12673996 -52407430
55843590 65236496
6698871 47114745
69731174 -42584877
96174877 -32837078
98827105 50892662
15874625 6735496
-7316032 63193322
10654869 99616457
-38663587 -55444107
58920419 -7091329
20665826 -57524690
13934949 15002874
83870639 -65499417
-82693903 -42771949
80206808 9868112
-11063873 -70049780
23704635 -93798061
-50297936 -45742896
3499561 57097925
-38006803 28231441
3309701 76664447
13320405 45861629
-14162481 -60065722
98406598 95817981
60324075 52197562
19578038 84935315
-94000944 40745400
24689975 77397461
79904281 -37289665
74741153 -10458089
62141779 -57379125
-72713911 -7941916
-29470433 -75109786
84122552 -33546804
85253889 -14567385
-81215071 85852505
94620459 -21029056
66120163 -89503385
-88137217 -57876625
27821699 -73250422
63061104 52158154
83903719 -28417848
-54840770 -87969647
66760805 -93698348
18057811 -25141242
-18408310 76818
63439527 60937608
-1267215 -70695739
46627493 33808991
-77603096 -84937681
13049940 22700173
-50477869 -63296414
-37410480 -99475167
-47247883 11525060
43107669 -68636046
21990709 -98931926
-93913913 -25407098
-44303650 22460302
-52689422 -79461195
43159002 27134586
28652134 -54314641
88040235 47254976
-25830983 -9581895
16735289 -21757288
33380471 -29180482
-99916642 97623304
84398629 -96636702
-68661336 46488023
-81621292 -90620668
-9459201 26405835
67810891 -15999112
-68567492 -51267353
-72709855 2972380
-32135482 63984577
-32132996 36051243
49828468 -61852912
59815950 86646705
-79333487 90852530
30332524 -55235513
-71994698 -10668893
-35613029 -59670884
98604083 71582146
16089195 96736971
-82662326 58609925
-8524208 65352235
-20413754 631088
26393055 -53360623
-16266121 -49481387
85789569 -6467569
44145302 78568905
-71945755 -94755049
5869296 -69052279
-94903008 18107467
-65169546 -3760410
34797494 13282030
69320383 -32741186
47404978 19073334
87922642 46487784
-30836894 90804583
-27062262 22813185
5082038 -11740642
53890620 7121256
99926012 59594701
9209237 -79251834
86309104 -90999023
53647317 16691969
53085518 -24773861
47669629 94357175
-77467549 -23719920
-49205134 76710134
86107495 -86390280
-26923476 -66387925
-82964811 -4034950
-2384375 13296861
34866017 20521746
36206056 7545724
-80270054 61906387
-17013887 69158363
95748629 99011505
6626472 -40726205
56113240 36064501
-81773452 -39484500
-73054473 96039347
71888971 -8007048
-456764 41763885
14830498 16864825
67234283 75190924
16374659 -33786120
94942483 47687502
-87428631 79525306
-21249989 -4075599
64277277 -6978634
-76223798 58385627
-70562327 -81917635
73859228 47306749
-53602937 -74868321
17718853 65377488
32433147 14830906
-45272821 -32975528
69844626 -5677771
52520778 30043210
34976214 -16598827
-54164989 91996711
-90863660 -20773959
-10837424 -7360992
73255371 79410308
-39844027 55944298
-15390651 93997590
49517058 13854940
-91134280 41736131
13743846 -71797675
93005276 54653861
21179242 -37609004
-88147610 44810604
64408786 83973427
-21422992 -30353958
91714063 -21223389
-73586955 25671449
-87315724 -6407649
-87354163 9467813
-4071316 71210664
49934724 -31192686
-2849937 81426149
-33085978 -44468594
4931199 41425663
93091458 69024076
-84743010 -18446552
37036795 -29301218
48336516 22205697
11708100 -93075554
-18405048 97536057
44074602 9135977
3379544 -82539282
50558429 60961165
40326131 50881901
-41789781 -63213001
8055523 -31808676
-77535422 -64640766
39012889 49931232