888
42432534 93008709
-93947305 -5162852
63435506 62187876
88164806 -99931295
-2520137 84847485
66471634 7069691
59388830 86379670
9563924 -72618148
49098476 -6641297
-53978382 -20034782
-22679930 -43014596
-85351160 97619640
-25516625 39281969
7908770 -59707629
-10637020 -77566958
33518302 -40379022
64259389 27357509
57559639 54286477
-34250063 -82946093
20016785 90656494
-5305231 -37331139
-36062554 -85999033
-87793050 60315485
61699290 -18273893
53523482 -19182080
57718508 -31974496
43042138 -6935278
-16714176 19355257
52699523 45805711
39521986 -73690587
28392412 52801263
81371612 -30146420
26793506 17676537
-4522220 71745942
99276864 41141371
-26501712 26677781
-79563964 -97110230
-24644899 11660531
-28565421 26671398
92279933 -29485569
59529549 -88038977
-17352588 50828024
27260046 -60599145
-39958533 88928033
34818435 24292728
-24952042 15472653
-13090460 -62703075
-36390278 35435254
27035989 -7323134
-79588917 -73028193
77787473 87981312
-61848352 99310992
-62475214 -36004564
62312689 -15037391
-82329871 13209830
-52764633 20685402
26317001 80837211
-37566198 -92458304
-89452942 -2404046
24626995 87385414
64896826 63909268
86000050 -14123075
-51606311 27986269
-68161784 -80843571
-59161111 48852044
-3216810 89894992
-81767003 57236755
69079931 91519229
-34163194 29235756
96087436 41427428
37548087 75921070
9027136 11643606
-38386771 -52477562
-21482105 1481165
80901547 27979458
88767670 -29093525
-63422556 44806295
99069002 -22655012
-9805898 -19298249
-84470830 77168296
-78639774 17492734
73014907 -57490411
-71886750 96802746
-44842238 83367998
71407322 -29034955
90309750 68665960
2467847 10560595
-6219492 -50957726
-46909375 -54169064
-19498832 45023690
-93547591 -26716096
5451309 83563659
-25801152 -26306724
-10029980 62099557
99913586 46542695
70540791 -45317987
32922107 9057719
-53825076 47225285
-53896299 -43596987
-20332230 64525914
-67463174 -92862930
32095386 -9951968
-65610930 -58812555
-63891680 -35741156
82188036 -77607553
-22964179 -50369218
62717613 4942697
-27733280 -80750371
-11069972 56520974
-30340560 -15268634
-42267553 -52258771
-54744809 -8447876
-45508759 89550666
-29891584 99300279
59968419 -36461714
-13827315 12720130
-31830455 10647323
23076275 60450974
-32236325 35746156
-44316181 -31946084
-72669758 53725861
51767118 33010348
-57762650 -90161831
-95280188 16306009
52523182 11585606
37571953 94948133
59523535 -56348741
97913570 2529538
50464810 -11326060
99608796 -16215143
12250074 73038334
28738280 -75970785
-12797571 2045237
60567939 -98906506
90174789 96943852
28679434 45006862
-75271837 42715917
-16568908 78201215
-75226061 -99958660
-56042525 56718805
-79442014 35835529
69535937 49619531
-83742209 58640324
32209577 19772688
-57744043 -64404484
-4147685 96414587
-99894079 -43234933
-88701546 -12350742
-6956628 16915993
17504286 8399059
-68868966 -75189074
42575514 -37472458
14554136 -42483580
13097802 39747163
-89234782 70351732
36118976 97319611
31350776 -46802752
-97804849 13645590
45934835 -80774399
27028667 12359757
62638097 12390093
-26736172 11962714
60163574 -94468664
-93661559 -4292218
69847953 13058082
55144767 238607
-78876729 17650821
-60258534 21355219
-58998644 22290883
-50466640 87450
-93029328 -13437158
-58952056 39431966
94972295 83576100
24968678 48246885
46481494 24566301
-17189751 -45048431
74323602 34808526
44210629 -48228719
-66864870 23488697
47266685 592948
-32405965 80451184
59072475 87866187
-34316794 -976441
-85795039 -66969467
-8912279 60145899
82085772 25055536
-75297019 75892308
-1755732 -15411103
-5149126 97558381
89629020 -80440344
47712593 -77141099
49233096 97339068
52151281 -1367721
83660388 96395497
-39918210 -25661824
-36445933 -95711477
40685255 95426929
-66246147 55052022
-29786388 -80956415
85422204 -99771726
98049320 51351168
-33095826 33029063
-4692011 63221463
-97655112 63569424
951255 51185507
-30273036 -55034469
77568593 -82238043
22608078 88458962
58368446 49389294
57078156 27978443
-78483701 87482161
-42994947 75093220
6163328 28298049
-58769208 82029622
18717167 -1199800
63507388 35194480
-33255234 25242279
-74270941 -65017655
62375419 70602842
-67496769 -32044965
8945568 -39220176
-11398085 -51675435
28812051 18924381
-26088378 -13804223
-68450227 -26999595
77712850 -57111773
34015617 -83360666
-2717610 -33495263
21585228 93129251
75556661 20953959
48661923 -7603844
-97120699 88067742
52532357 62732709
-423565 -7431655
4945571 44777671
-27838022 3327261
-29811005 -26704103
-14461845 47270094
-93863080 -6942516
50507845 83096177
84348998 -95245545
-72877202 -25035659
47022069 -70800279
-15917358 -76474402
90214241 -53981310
39397034 -46280184
-81058644 66945223
-54338788 -18256582
55134648 -4056671
-14904151 -63288681
-50511565 -41333177
78687063 71499453
73832104 -11860487
80347638 -38551426
3278510 51035740
-66268921 -42223803
-59608146 -92790289
72847721 24951663
10958325 -14326139
-57986395 -9861653
79151722 30824235
13440225 -17133805
-26313715 97486685
38754996 50267620
80433998 28506577
-11397392 11223446
53211089 -98665044
60554374 11950239
43920606 -24862229
-26247235 -53547635
-18337470 91242091
-98651234 -87955592
59245342 64063574
-95619507 -63601661
-32702840 -54510587
-70947521 -36414528
52741053 -38356566
35336734 -38448514
49484156 -5028563
24234230 -74272662
83946618 93235505
-11057191 15913827
81455011 35175047
13738117 9922267
93650066 -56293439
28410751 -96597050
58923886 55484244
30786561 37400104
85359566 69462831
-7555681 -70865598
16683658 9171757
-13864020 90791040
96720238 -86457699
36219426 -41068254
2263215 -14909799
-24808621 -1895731
55798297 -86962202
76079337 -28306153
87314146 81842365
-17544044 -49740170
77818412 13827460
93116634 54844185
-37955954 -10578390
84046398 -8569851
-86353148 -69404567
22270499 96999220
2969687 -79207905
-70823050 16264500
83165601 68462818
9940035 63643302
-91509035 -64102887
-89693597 22303074
17915811 71344280
86454541 47230161
441060 -5114761
-1748626 -67120943
19933568 -87282442
-68838342 36533347
-48197753 1530870
32775620 68337346
65285890 69760204
-3472497 -995634
-5264386 69552644
-45992780 -33241789
15478613 43164239
-67562779 44141077
-70373865 3406758
-31046808 -73665446
-42383216 -25988960
-73869998 -38382142
-55411921 -53332858
-4903770 -38812664
-92733504 -66242542
87136822 84387941
-4318742 76539725
-38041894 92774168
42872882 -899022
93414323 88956092
53593769 60694991
-47089432 -71279693
95313035 98913415
-63290873 87758330
-34316111 36108075
78774971 59949110
-99004689 90909422
-25390526 -33898577
7625933 -70789642
57195191 -97159192
-6216687 -84986350
96503741 -54225181
-2641469 -51852752
-13738667 56144615
12616257 96169299
2465444 -13505486
-11507412 -16160338
-47899345 -78811889
13204327 3652605
83852080 -64466702
-97109057 -67389710
14363624 -90803976
56925325 -67080891
38523052 -32133090
-51328609 91438099
29403607 58040116
-757057 -25994558
-81828325 -49003691
44796400 -44245736
-87863237 33603682
-30098671 -69670799
42389621 -2361252
-6169044 -34878588
-37164222 -98546092
-52608188 -77438534
-75081583 9860097
-61943007 64944338
52416480 28615361
-1187001 889559
-28463601 -85898373
-92634851 -35820761
40515604 -35420141
-84181428 79211158
-57274986 44717459
-22698971 -31145648
49767019 -2806525
-86597007 91681993
-94403088 -78596770
-18707280 39558954
41366433 56731415
-34498360 -65417716
-95794512 84892494
-52935939 -92288902
39137692 59486581
71032314 31448620
-85705419 88639244
-29255112 -36816087
-55773635 -35199040
76991728 50238832
-62254702 -57297961
-37179152 80691961
-3999503 -13795230
-67520038 30230487
72348116 -96766799
97126798 -4877301
-86812228 -72386260
73048930 -30039304
70438169 -56611401
42753879 -59451407
2098393 -49047568
55231237 20452294
-48755415 14451701
38231187 -89561083
-75016679 15665622
-589967 92419111
86597560 -95510295
-47768391 29944960
-79213137 79703271
-76752073 -79974366
81788822 33894301
-67137319 78335668
2157988 13494640
-91255385 43226952
86078696 75967610
68943373 94077068
-54163469 37316883
89526732 51996511
-59834354 -67497853
37470002 -24893619
66450782 59754303
-5277362 -51993472
48488022 -66556919
79814995 -54927482
-51231718 -15316658
-94192357 -99330514
-84445560 46204687
43933937 -64352777
32565919 -86195800
-86878736 -66322017
9315399 -99968589
-70540922 44639453
-36275750 17563816
83140302 -52266159
26050423 35136534
26246327 9930122
-41295487 66880417
18169373 -46417138
-78233222 22903457
-52608026 23041847
4109718 -62211937
-82151533 -36353336
-91581219 -24339281
44947477 -47720380
-32673225 -57137284
61763009 62650632
67155344 43930376
26089315 -92760355
72471693 -61964252
71810188 59952872
-75021721 -27916383
-10460850 -21580472
88170666 66808952
-87048751 79494296
-60778201 14291850
-20500335 -39083379
-77720708 30035430
-64078945 -38422964
92284556 87713487
-40153203 6986797
54341714 7973617
-46940306 -73970358
10550764 -13636079
30929683 -21742950
-16260203 90384752
49223753 81990946
68555323 -38267789
36054344 17777383
19663945 -51714905
-48551835 30565853
-84079068 -73176859
-16281107 -78161274
46904504 -49856410
-76956955 79456225
51479198 44770605
97398405 83413016
74751788 -63262431
97144855 9429518
-80968546 71730763
21641240 7905906
-53629169 30183585
-99044613 36273590
27046930 -34763832
22141913 87543585
82637199 32007429
-62371063 24797802
42522457 6885076
-57931756 49165331
-86305043 -61193875
647059 -83594062
-15817723 97895612
1007001 81895863
32608607 24260172
41572932 65008931
68590650 52223485
98087965 61097284
39120203 -96284873
-3715623 22295061
56156502 -12621871
-32898060 70446044
51520930 -40416125
-14803248 47086902
40488541 -48623718
-18254868 -80294377
-59077527 72271860
1567163 -16933782
34896409 94419619
-99959156 -70873785
-42869573 -72779582
-23315634 -7588391
88328888 90774612
13905592 -40660447
-94484460 32356998
-81201252 30524725
40281674 24522770
-84975074 8640240
-98216248 -66371009
-72629354 84981444
36267453 40643706
-1940413 73944178
29785379 -13924266
27891253 -88441327
31073543 -88754100
-32285515 46014551
2786312 87968720
-71593080 61223335
14244276 -60631634
-44769549 28855386
44249783 -61617127
-40798754 21572069
81608814 -71447199
-20353202 72665095
-76496920 -42960053
1407069 59577598
78583933 -2957512
12771147 -39089095
-42417384 -71215231
-95064373 -57549228
22602050 -65040803
77098801 9362388
7260255 -12710600
7927176 -13112678
24402063 -42211750
40373286 -16907929
28594028 43087444
47271016 -161500
-58329436 67581675
-13294373 54741171
-69908428 45946743
-95620778 3234926
-77320361 30632850
29557726 -37971697
56248470 -93507325
82749285 1843177
-85256331 78333460
-53755718 -3437140
43205988 77561608
32320592 -71014295
21918698 -61788557
-70907512 -39234155
34699253 87562239
10428618 68506842
-75950221 78125462
15107308 57850228
54430914 59555567
7177199 -84726149
-12767513 -82776419
12831460 -37866852
45141195 -86899148
4838613 8812989
11665213 38966859
12338524 -23534049
75208535 -9765487
-99255532 86297708
40937603 35720498
5826364 -57742100
-62796622 55976975
-76510117 71667846
-34368510 55719905
-12388373 61531068
96857503 -71795583
-57107107 50459949
20449635 -46568941
-64519154 85087857
-94452421 70782829
-7125147 -98174224
-92584961 -37217271
-56416127 3759041
-21336877 82387723
74813423 80971055
1755616 28119590
-18760365 30955343
19740804 -91880497
-44177910 -83580672
164047 82220680
-14849895 -94421690
87069721 86255743
-77196417 -71281992
-3753929 74337249
-54717584 10444762
-44937688 -76307193
-9041512 -31351557
47246940 -82244469
58997509 -91866526
88654733 -33963948
16513997 -71576246
-26142598 -37112221
17416172 -70607378
-12013624 -64787763
74104631 63962102
-89748158 56034963
-92691515 44429403
77400917 99789556
84146990 50464171
-39430799 -65939602
31430385 59377508
59375567 -35679968
-87937204 -54741094
-25695358 73853357
74530052 34662962
-46581208 15771522
-12277072 10106665
63917799 908976
16646048 -28092143
95966432 21645886
89847680 -21083319
73124277 60031553
-71394961 79192753
81261719 -36081058
-73060912 939211
95327135 79761141
-6712949 -31610488
80785415 -5678572
-66386389 59513757
27503715 -48392515
-36538949 -61009010
-40585047 -16382769
93147254 -92171859
64740613 37558243
95942961 -7937798
41950643 27658173
96024109 -29260757
48205613 4176610
58269737 9340735
3980821 5682055
-69150513 45416994
-27559999 -96284509
-93734839 -47209807
77581234 71354927
-18798559 88452739
94606635 -24807396
7202272 54216238
42472033 -3388861
-16468081 62761822
91590327 -56902306
93623473 -64472227
-9907159 -8677844
20964265 -6641635
-32809641 -38095961
35141728 -73170805
-72114788 -87457915
-85155860 -5380652
44630534 -72606370
-95026840 28022234
46180005 -19034334
81219878 70071398
44686480 23690365
-65425836 22012385
-89476940 -86394049
298548 51376462
-52427543 6232437
-39734015 52308139
18334328 4848829
7943694 -21775807
-87478669 96309662
36773206 -22151317
65311355 26557193
-30493047 23389482
71617751 -36764150
12880363 60733625
-64399327 72365753
-44368725 27749655
-13132435 -47370147
-68000706 94380117
-27457594 -59354923
-51151295 -75679957
18019242 70817125
-14586337 78086504
5462906 -14964307
93594260 88302604
-85789122 -77966722
-46152059 -13862252
-8681334 81957816
-89693614 44188855
10559488 -75756987
-99694201 42130862
88612338 61504926
-17668112 -61926689
84016065 -42344666
40818347 87947108
-47441240 -75665012
35191157 34361081
76465404 -22926828
-40305105 -35275440
52864456 55945485
-67576110 -54256404
55821299 -50114917
-29908655 -15795782
-37525815 -5083291
5872446 16693264
-61443253 -22955108
-33265076 -54928182
82360346 49768700
25139399 -7169574
30964267 -77070993
66495447 -71338624
-33774487 87344845
-82584431 -80776128
36092485 32181007
26682615 71313620
69883295 76058109
-68708988 73471275
-88118536 -45536227
26971612 -74429519
-3455204 -42455154
25242443 -90119130
-69307950 8534816
10572569 38028796
94030826 51850147
-52124582 -15374999
-78151936 885038
-97558825 -4322225
49284630 -51358847
26518262 -43622358
82211627 69275007
60105719 -2632539
-36961320 30367531
-53933332 91312502
3206389 -17149440
-13187062 87781860
-33874513 -28401856
-34210057 52238141
-8744149 -99942973
31597782 77758534
-29670251 5740433
97018996 -82797286
-74988404 23064512
-49728548 -25866660
36475756 -13510256
-79714878 -33990074
-26967407 92879348
-82933778 96698369
-74925492 -19001324
77845042 55888216
6456219 7136329
83401044 -73373187
57852629 98181395
-10597492 -22593690
94857144 70235540
66475816 96758237
-96794311 -32289756
-97965678 26286456
-2676516 62091742
17478814 -44277297
89652034 -71157880
24881102 34275970
65770440 -53374994
29346293 -22280372
-2686479 -67202693
70308903 24207009
-55962406 61314098
-24265719 -4427578
34492489 64947977
93366452 91824227
-88370960 -22995328
41888271 -730349
-50991147 51494112
31517236 83525949
90265934 -9871978
83333880 -27654897
67327094 3237167
53155993 39082565
37893493 -79237470
52580791 87132436
-77510183 42697007
12601034 -54417641
-67774220 8556312
91542482 41589788
30726970 23175240
-66214875 -17192990
20481755 -29489417
89921405 -44533518
18963961 -36459131
69006575 -97402387
-55872703 99598020
88474625 8443911
27919247 -75506507
-60782243 13606479
53484595 -24412929
-65246148 -5573115
-64043977 59442096
-43812262 -39907210
-90670064 -15516589
33063982 52802419
136735 -5421266
71307277 22761360
-91203508 -13580260
-65927817 8867302
-27836908 -60155195
-64044455 -34745914
94439232 56618030
32702861 25576299
-69801844 78197598
46324802 -12475481
26449550 -52392237
25116852 34318965
-64061746 49396187
-40323715 -73568491
-51406607 -87229522
58828383 38850952
-87655224 -35039944
72715769 -71065137
56484649 34042311
-32276703 -65054153
-82893420 338911
61451750 29137196
43003522 -52125893
44449837 -82291424
951901 92594711
48082764 93473319
12034778 -35749303
-15724278 -59423759
70428343 30244261
14045207 -97425618
-11302357 -36478785
-36078106 -63404481
-79876783 5509404
-47437 -5520862
11861460 -96249308
-20591553 -47766741
92291682 46111506
71317309 86703388
16340713 -69639017
-50635523 -72936206
-11559545 16056116
93750722 89151057
48561464 -42600250
88083419 -89075522
-71797471 -59902146
90511022 -12615627
40286507 57451298
-30503182 9964092
-55867293 -81535107
92934385 40486868
-35348368 -41222204
-7631044 5089445
77811692 84946532
-94837086 -90390831
59541840 97743811
-41433505 41022266
91158786 -66738031
-84410288 18489944
60707330 52943155
60552147 -71175578
-14540884 -71459436
38896234 -40325683
-39237911 -21365781
-1007719 -31940981
14162269 -40227051
12579842 81281464
33556624 33927962
-40710905 82532050
32647986 42294961
-1598717 -50402998
-55958252 52225887
-81197607 47583702
23694500 -74128226
-90384832 14615148
66303716 9826007
-36364247 -78708246
55587245 -74914050