1743
52144021 -93063925
81548182 -68580303
-70425764 40936098
43256264 75358807
8439590 48465909
-64667074 76588268
38423099 76495795
-45934919 62950778
-17704896 42181213
59835772 61829451
-43795395 41322843
-17293398 24271232
-68502867 -58420733
-52493194 -26253453
13533552 90779829
71882212 53943836
-22862831 93057748
44726799 58619072
411135 91326869
51129823 89976958
52832067 71479303
-38437568 -18919158
18419889 -55790906
-39685715 42978558
-34194640 -4329013
-24977405 58106697
94870369 83298058
95739044 -77539629
90175636 11071797
-35644391 34484476
-80412667 -12207226
-84122256 -38283098
-61837081 -86831959
-59056793 46505506
-96120315 76746838
-43446865 -10131367
-64050162 2889458
29052813 47818529
88425747 -86646590
-36361497 -49583952
46588912 -71437573
-77549407 -99826861
62405601 -75837600
33434067 -45421083
-68969360 99487406
-69833423 -97691200
-83062807 -2195416
-9447364 -35973289
-21674584 8640844
15949801 12479104
-65308065 -17208175
-86435 56038285
11534597 -99727057
-5600802 -15251550
19674221 -73871190
55667514 1658018
-11445295 63113188
-43630161 -98175546
-77653367 -32649560
-898588 13817312
-58256389 -30705521
-70715905 86910472
86966202 60493427
-25196934 -48573671
-95309591 -57383871
85954069 -29005651
6446560 44053079
34719632 -13246181
92188243 68600285
-74803939 -69706340
-16886310 -13554255
-30303453 -25946430
85085831 -59965293
-89574002 -2949160
41111626 72656016
71002896 83516498
-66929830 -22410860
58317681 58476223
-81026681 -40048325
-62396396 59597041
80773523 1476463
85415807 5726444
-4814717 -41427946
-72545521 -30793252
54702975 -35503941
-83323719 -58674375
21884667 55611409
-22412697 -1225105
-90971270 96264399
-87971418 45180719
7482935 59720470
59636317 41819889
-45684569 -30966481
8627093 -11870727
-44820680 -51327811
72903863 71011728
13529759 35493672
-98359491 98607807
-26302064 83333652
-43078278 55412655
38471513 -34271268
5182949 68558507
-97566435 208825
-57526710 -54214724
82972879 39556111
519304 -58143205
45524893 97876848
7871650 -54982149
96871177 -90144533
70818259 -9835014
18462611 -11857041
-66352212 59039205
37489439 52578619
60144378 -89297979
94338124 -49281104
88587238 -65140544
9211989 24795443
-99745342 -70924575
95356795 -452675
70018260 -65855254
17831147 23558310
73080068 72509118
1175825 -75611752
46891562 50972735
-51049569 39821694
-12960744 14802271
-36258738 -78552472
-66560858 -72114046
44689063 -47448239
7221800 -27663627
-90412058 31463101
-83133640 66115905
-99666024 7867428
-85816400 -52503778
45998145 35502101
78273671 41494434
18696614 -29962193
-54797381 -77656974
-78065351 -84140206
49334407 60858158
56183289 14319483
42716790 18632155
-18096951 19254869
4721855 -83568566
46977678 79287737
94322244 92828764
-63273810 65204159
-37354141 37075673
70272821 -7333212
72626561 75837741
71734440 -18182774
2583981 46897293
-27252374 -38904400
44229793 54613338
85754188 98750254
-35884267 -19492878
-37758585 -56429618
55424639 35880437
35726795 55099351
49770196 9971361
-70872077 -94694053
-61211832 90860371
-97090570 53289005
99129569 -93731201
77101297 -83510756
-46759645 -3937591
24860654 -65444933
31572877 33946344
1742526 -75522693
-27480842 -32394511
23328293 -85592113
9825860 59457299
77160611 -52883907
-93765348 -68921465
63819639 48335791
32114763 -92519457
-6649783 -25787803
-93751528 -112381
95744587 -76096295
79194212 -20082925
-11470084 -81627129
2313668 27534346
-31613180 62495343
61373258 -43228874
12356909 36842577
-47004255 40374643
30543595 31920811
-76693832 -98020890
-21293941 71913144
-91893758 -69928434
-4935903 40122750
80184183 73966026
-94327589 -54339694
-98809742 54862932
33526408 22185920
-97799832 98873615
18936339 22342713
-39001692 -79154123
-34569839 -52712526
27924126 -52169386
24162006 -75478258
-54663064 88028168
43133376 -92868004
29226438 51408320
85720397 -64945336
-79559462 -36743429
-4148049 23262853
5593390 44302394
66320940 77067445
-77154739 -8743862
-48612808 19646956
-99262561 81096442
8835719 -46927509
65499482 -71639649
-62765728 -53390894
23291945 71515502
-40423538 -14071973
83798470 53107327
87692457 23332810
-17714974 -35398353
16547609 -9805579
51056341 -95327404
61365586 -43890831
63843972 -57305449
-93579505 88059359
23240986 -96708014
69195530 41211972
33943431 -30315891
-77349125 66122426
-95153209 -70080776
-52123422 -38819253
37670474 44345281
-58699683 43970393
3812837 -28716744
-96334912 70060871
97526965 -70840285
34523464 31009347
-33285893 -63286786
-4312222 40734884
-82114699 76454809
69784021 -74966410
-61443653 55020449
-44123541 -32089352
66877472 28356082
86563003 -40443677
46240913 -44944484
-55859937 -71886587
92498971 -76847671
12455909 -41592484
-46691735 -18829105
-19735773 -33288039
-11145201 62043732
8738140 56280184
87009904 -50397916
97417481 7645889
-75658985 -90176922
22371840 25967206
1885498 -82920056
-36916306 3531903
14158622 -31985936
-45598738 -63925587
-8163519 -53376025
-73519613 -84574376
62338348 -43536550
-28695128 66851797
87071276 793743
-10131735 -24790875
39601261 -12816090
77318834 83412243
38551302 -2261315
23622824 -76855751
98413535 -97964074
26354918 -68041245
-92516175 26452282
81152992 -63295291
-7166819 51299731
6234259 -68927994
91329313 76979248
-33927285 -80223510
-80957060 14644430
29937733 -30734291
63315538 -40132591
-85132374 -96864376
35019278 -24938711
-37094918 31308225
-47459335 -16272350
-33905223 -70606454
28949047 -35294790
-746033 -25494371
-13395963 7424375
12673680 66942962
43542868 -71141005
-62574641 23741742
48063988 -23971085
39206363 41854365
-38636613 -20454517
-72128104 -16924124
10542076 -3611942
-93767646 -75513955
-88974929 65603460
-20131937 78536226
60200963 -61114438
-55846883 15565151
67517559 19029913
-13695964 -95161802
93571724 -85098383
-53410514 -86280524
-39773408 -19172512
-1170638 -87519278
16530123 10498365
-41913583 48177522
-87519523 41059351
-90115970 -82758541
6970457 -70474193
-79583072 50904230
-97865601 64810576
81680938 -65916842
-27717908 -93077760
81888202 -85393058
93157841 -10267195
-11946121 -27524894
73894714 -75814862
-18905245 -51468298
34099100 16522360
-43701254 21948144
-66373647 -64850436
63267917 -27650232
-17856884 82437351
-84922743 -19255222
41363712 60257787
-81107013 82623516
-18857235 -78972387
-34555854 -15175519
-42665423 -73853803
21801167 -15552195
-97909691 3877467
-16238869 15298163
-23154340 -46549053
18854286 32174173
-17635374 5514254
-87551898 94913996
13817879 79417377
-85441838 98335413
-5253432 32200232
-8358717 33834790
-3851146 40216928
-16775422 60931603
63110517 66502411
-82087638 -27701550
7120279 386477
-89587516 40343470
70478535 57317048
93858246 -3852828
-68701886 87113646
-7051167 -31707039
-4115124 82699890
58433661 -53690118
16972916 50298977
81752241 -42329740
-33083341 -26725537
60763189 -78325892
35104102 -53186665
21972331 -9742174
35624888 34963889
87484714 47547299
24659531 -27864779
61582137 63938652
25013776 -79131711
-62070529 -51041868
98563693 50971549
7382249 31580790
-70385673 -65273215
-23410626 93981692
10629890 -51460761
93574862 -95971032
2356833 -26230379
-92787959 -84120456
34453473 -41185525
-97434453 -92280353
2399619 -84756567
-67429539 7992192
-46645832 -27663960
-12594531 -21445761
53295290 63818930
-59867407 -15541612
-22222774 -1357344
92220774 -21624323
-26551612 71194607
-58468857 96654132
-62158889 82928991
12329593 1358703
-30574872 30355653
-51710365 -56230777
22224647 -52091892
-82403482 80408803
39048679 2084304
60348035 25056832
-34602832 -53807435
62876758 39121089
-37278750 -90573578
17365030 -81132080
-41614136 50847863
34041950 15480361
97016117 -85245227
-38943192 68241828
75750629 42838491
-52381151 -3892229
-39240611 -31859425
78772522 43017859
-58761418 -75266598
251053 -90835688
-24750978 61171851
98296448 -30011146
-66162969 12034153
-82118902 23268728
12983405 84932353
65898072 -27776946
-2323397 -91005998
19309799 75169357
89983976 -98835225
-2611503 -40249447
-66372967 -14631391
-66028095 -10727011
22524875 -25669659
31140690 -92654563
-40740866 70058398
44960208 15089847
57586527 -20405130
55779232 87126007
32396258 76056428
-92121192 31957425
6497735 -40375742
-50449803 91696974
20258580 -10582894
-14342030 -21017116
-96840782 80156559
-68121592 -26404442
40649558 -3879809
-11783202 -75640677
90219237 93081042
25559547 -61876789
-5925955 -60794080
25524825 21212390
62917668 -63743399
-86987247 -51443929
8893574 -38362081
85418360 55410497
-73720114 -10530735
-44223095 74084489
-75215603 66528966
81351196 -79539346
25366104 -72460266
-88237164 74056521
-72515138 7884972
-87379984 96355004
-21339114 -28437056
-52113679 31382790
-56231764 -69556430
45956386 51403775
-10941366 -11091450
-26071914 89474408
-55561901 84821362
-99630150 -32274458
-50799265 -90466671
92906927 15629573
57920736 -38937463
-4905842 -80141546
-76438827 55147314
54141650 -66224318
82547842 42982710
38802849 69240234
16095303 -53909370
-66462260 98522457
-85501198 -46452269
-80657700 41233143
7761521 65040437
43730486 -59625753
-6024337 -81787878
-62788575 55878998
76135095 -3252120
99253305 62367756
-65175538 -35569012
-51616704 -16923857
90501227 -31432961
72594187 75752543
24501073 -87531518
-35532472 17497381
92933491 9661326
14311964 68407210
6476332 28382677
78432195 -42973391
-61378947 -32298468
-53460586 39224059
19971304 16779533
-96501373 58629351
-85327128 -50415948
40342389 51231595
-41898677 -35103822
-45490538 14413769
8678835 64342124
-91338912 -27435989
-97192408 -15023166
13755146 78841538
88131559 29980059
-15891191 -86529700
75611143 42695808
-30405857 39595618
-71456656 18046800
-70900251 59982958
80289601 60281030
-19748906 -43737554
-11851236 71938350
-97066038 29848666
-20808867 -93845775
74337263 655970
-62750439 94078695
61154195 -50260074
-48542721 -58022071
10188989 -22701525
87384773 18981434
-41488862 -25376262
90656091 -14366172
-1377192 43775568
-37419635 70590852
-76930945 68074701
28645989 -47443534
-20108037 93053134
85107781 -3896492
-5411047 13093266
76076556 -44890819
33006422 19157867
-48833654 -76276555
60935005 1424764
18713420 43942151
-16969695 4788173
79318006 91819922
-80613931 759332
13981144 -50170058
-84011934 -10459934
99106734 43989972
-38867035 31750975
-54571547 95491998
-22508231 26756002
2575912 74380877
-32761360 -48131733
56614314 20204016
71381726 -28745847
85790983 65790525
-12875699 61218087
79873962 -90242678
-87635982 -25608102
-96131079 -29381848
-75568886 10942216
96283993 74282166
81771483 12933940
-50885561 99368323
36953729 75937225
5272933 -5309498
-76934729 37952289
24719440 57759327
-55745289 11471935
50638815 72201097
-50360348 -42900637
26703812 -29480252
-76906910 -58343511
3945823 -83235461
90807247 -92683491
-86743429 18940863
-23708266 -90263620
-22156423 -90772011
72389229 88348979
-91659639 -16780626
79680406 -9453336
89097507 75395939
-29168090 -13727985
87589898 -20554379
-628778 54134572
-83302085 38352110
-38194975 -9696107
-37602804 -99936046
1866021 30210443
73137536 668803
39756500 37832182
50553698 47241856
-90702974 -93898442
76854589 -48704038
95848588 -32307174
29544815 -49335872
-5586207 -87816270
-21815189 64983586
-30316945 81476980
36309090 26527149
69359812 30144791
85812741 -57337842
774508 -91648600
61965828 -81056105
96353294 72062885
51517000 -54497829
13042220 2930714
56297924 -93271915
-4864705 11281860
-88840056 80181907
-89765013 -33907735
83492035 -34588803
-28701589 -38348114
-21379605 -36402903
-4223470 -6955021
73372487 -29859782
32603604 94612671
96711138 -28494051
74836702 -30912623
-9767604 58873463
60709462 34580765
27329031 -4061433
83626909 -65496201
-45209223 -83719086
34629686 20774916
36905324 64947528
8424102 10139438
-94297406 -45104409
66242012 -85751765
17073815 -11269889
-58979589 61862666
18172969 -82010004
-4094528 -97714629
8758307 -90792785
-13194297 -97898330
84449781 92417740
84988210 83347793
-55914685 75469838
84187413 -86575804
4645569 25775789
-47995082 88414723
31012400 74189622
-41956829 10480407
56801056 -26674493
-20181562 87946635
-93157828 -97447781
-68087233 -78141348
15049646 -70572150
-98029052 -93481890
90197060 -93651093
52879929 64607208
-45024163 11573018
-18496319 -15085654
65351581 41306637
12941390 25506823
-86700671 -74433405
37679062 48595361
63064549 63210342
6662058 -70455004
25616479 -46868219
29265065 38848709
49652046 88385603
92158499 -96315131
-80681386 -96451582
82630025 51751052
-31353745 -12845839
-57142741 59591334
-64545883 41039368
-484542 -52746915
-49870483 -51447649
-59001584 -33094717
-50362400 -1603495
-41369007 -47569234
34483462 23445642
11341069 88021036
8658405 -97758813
-19948357 23215223
56415730 -4532108
8502269 79814634
-31605970 -89291482
-42757269 71136895
15651720 44644329
76183409 -237908
-86947828 14106650
10601772 17468909
16655840 84625017
32282063 77603340
99756289 84235073
-2852434 -81808647
-60993991 96142571
35099942 -61039679
12229269 12229266
-33792906 11349336
-9006372 -7040818
37992594 20235468
-81150547 -64023033
-4646450 33375186
71032941 -14056974
35304774 24000895
-50906790 -31865087
-6859084 -80069704
81851804 -27309507
-7158526 -74662853
77603014 -33229117
-60923284 -69819243
35092031 23131095
54991380 -86487900
-1345258 53254894
-5613998 -50023974
-87930487 88197880
55667318 -76193164
-76440242 83151145
40253394 -63349432
-77946784 87819645
-79888385 33820901
32104849 -74519644
27401849 -5780605
-78211797 -28142133
-96822377 -28378196
50194555 -30211611
10875970 -73899787
-66096444 -69687735
-26324558 -39197487
61903580 -83560372
-64003047 83496794
91742065 -57911471
64511702 -73040229
1652832 73914843
90407087 -1577108
75740426 -19387416
-59188050 -43556842
82364484 57435978
65289931 -63047307
-62358097 71890557
-12321439 -2025117
-21552678 -91916571
-72744310 -10095544
-85331601 95866948
40238079 34277934
665808 69543039
3411403 -41670450
79244138 88060991
62286690 36397993
-21916326 64258998
-41393078 -31506185
-7230128 -2958627
-83973351 50710571
71716863 17169018
-52107291 12243211
14462173 -12974394
49994955 43744525
-37126236 55982436
65155328 -95430149
-56455393 -64912634
-96629291 -58357358
2339359 -65436098
-7232680 30408542
-7683255 64895170
-96856806 884245
-75962961 -97965640
58425643 -63766192
59437007 49753785
-38722123 2414340
24074842 -5401287
32284295 -17902116
-93033887 -27840921
59556958 95760503
22335917 4648514
59716026 -1673163
-96265820 9195701
59051057 38928885
-75809741 88062781
-61296244 -22108983
4094050 -4929666
87275261 70789255
35760773 -16017924
-7436210 -86540374
-21060261 -3065198
-11572416 -44990943
-59026991 41607009
20479988 -17702042
60681145 52242482
-59332892 84201847
11884175 -80467360
-34857857 27617174
-72893022 -92518375
-40924522 -47763903
-98854948 14602148
43409716 -8779749
-89328446 95120221
-74771646 -30114705
-32403000 92807399
6426784 10121578
-15043646 -93260995
-67570147 -58488390
44668970 -66352289
-31551522 33027976
63854739 64619895
14369955 15558995
-32715664 -71135792
62097149 95824039
58540949 21894380
82900859 88583355
103147 64753222
13225712 -86310155
4876371 24433288
76877223 77364774
53771275 -49479061
15376233 -95578459
78215129 -65336348
17538211 -81734448
92288138 2328644
43279377 19426390
90781754 9258631
90238956 59424071
27881866 58291770
-1217710 10717598
-1045121 58729392
-35675591 -8110445
-25932074 -46106106
60190284 93583671
15992225 -73492505
76119661 -68485644
-39447895 93435459
-85629676 -77810430
-67299203 98053740
-18280754 -46471072
65903753 -10705926
-37970737 78408765
-80227567 -57242996
90453928 -98068007
-44027463 13338292
81180372 77673420
63272510 91390773
37458596 90043071
-56393832 56077472
-80501233 -62855662
81531836 -15233265
-91526448 35909076
62042242 -94631016
-94792088 -95336813
-57362330 -99901450
-52114577 -51506357
39702937 95603714
84466350 -19438221
28846487 -46268605
55342733 51338268
-69527089 98950956
32637159 21896191
79163316 28781306
78501888 -54798086
-8410991 1842494
-52625077 6711005
-89573122 50416097
-64577411 -47327045
20551112 -59369863
-27062276 -63166593
-61586501 -55053424
76166335 39968903
80480215 97351237
68713372 17954533
17745700 15218825
-26805216 85083979
61251020 -76924584
91121326 -4266250
22181718 68413003
51080859 72664934
-33519064 39191121
58653382 -43108996
1793554 -12155200
-49816256 83502260
-38957279 -35052022
52716969 8207857
87920017 90910303
14662551 -24242003
-91927829 -82146266
-95753172 -8927493
47564707 -96980176
-74653249 2352326
57285168 -13983521
97999648 -56498669
60150449 15472388
-56023685 -78638889
-15547806 -74977160
-26024035 -92814032
-37179193 -65978802
-20061360 85751026
-68630041 15015343
-97824074 15645117
-59324746 -44491548
14149079 17348973
-30300755 -81886172
-95887659 2009645
-5341376 -94854795
-97388991 59724784
-75091668 -14644251
-10723884 -36491715
-85193223 -12398294
19799460 37368001
14875604 40825550
66451477 -12418373
87935821 73444777
635888 -65674031
66308996 21640966
50498833 -54763144
16419079 58257272
66069757 -17598943
44337066 44848061
39622557 82012163
7710715 899689
59424237 -19203723
-13713007 79800625
-83097790 -20741551
-30386598 -84823309
-49265426 -51909638
-52782883 -22977407
50442761 34994169
-47128008 90809772
-75868490 -77333383
-29381509 96155114
-73162672 78191455
-90038177 -76625949
4140430 -31090380
27130931 -11941344
-64093433 -50266431
23716951 -41080164
-43572406 27053193
84041640 -71316259
-23070698 70932456
-32022846 71244169
-35478821 -72878012
70156521 70848689
-55317495 -68866685
74691645 81534293
-13515738 99483811
7590339 28035566
-1022165 -31328480
3600059 -77438816
12495049 -98618056
-99763270 -16580675
-93399413 44514526
66018806 42764686
-33358749 97415883
-45561695 12160057
-34940107 -84951640
-57465828 -26842326
-80544039 80763068
39466098 -60973673
-34909532 58338826
21314674 -39868023
36084157 59326335
89125047 -66595372
-90518265 15450993
-83387535 -93082073
41043635 -10416030
-22734382 39657902
72932837 -58303491
45836923 -44067560
-14845793 474513
68226262 -60478166
-37160447 -9567722
5997156 -49576322
7078299 -79391271
-91838080 62919669
-4739268 1226379
54744424 -57116515
40095256 46429069
73359815 -48688273
43191265 -15600090
42832017 -10020960
50190841 -89066741
-56064180 87580067
20173283 81501786
84464978 90406902
39343430 -83891512
-55205322 -48396454
71733870 -31090413
82779270 57746044
13772679 -95576167
-60330184 -55623324
-58984983 -66291456
25490931 27014361
92707864 99992309
-11029562 87190464
73797642 -84991913
48130376 -58296533
-31860065 56841566
47164546 -73419679
-1713713 63228054
-34521347 70330768
-86700646 7976877
-83183883 93519727
-65102487 91712050
-98815220 67047772
-88309891 -45625907
39320046 15413805
-23570354 95484264
59107875 71027800
-55949059 81850161
-27941370 90368154
44091963 -32599328
-8110660 89660433
-20082217 60750382
-71011598 48154031
58256677 67752312
-69577515 -70254135
47986794 -38667954
49443138 -65137946
-25059476 -62286158
38787750 94255790
77053900 42192831
-90526263 -37196826
-54333172 -62545373
-61148282 -55325726
-73408240 35845474
-32356536 -40755483
89367602 -346411
-41629071 -7816113
-24398509 -5206465
36134266 -52813450
6744525 -66066679
-48502210 -51105006
-28593505 -38730876
-2419662 -16952937
54956621 -47154520
59269918 -33833698
14667533 30237007
57837386 -47791850
39546028 67312674
68398412 24389702
-93496508 -86200426
-62659538 -48308420
10299655 60096394
9728574 35869267
-78093514 32414529
95544886 71972281
-1525463 -14839918
65812650 15165316
-88199719 -92270820
-56145970 84370432
-91437239 52556362
55105396 88834770
-7693264 81810376
-14165080 94730991
23242208 7078560
-45490244 -97344794
-58040121 -94946655
-50555805 21132042
63456991 62644271
-87307473 72510756
-27850747 -70417085
-2557264 -82288389
57645199 -45276277
-56614833 -40602575
15408435 -30426832
-37725159 -9624053
-70859642 -4464883
95452107 -33547280
-58933717 80745228
-93019574 45181467
77920128 -34163563
27789646 -64197955
59673673 -22472094
-94249840 -24446687
-80909264 -97434149
19083403 7179873
81132046 -29029935
39315884 -48626415
-1468932 32844925
90208989 98041229
84191179 26447400
46134712 -97438293
-66253925 -27937919
63170925 -43007261
-26689497 35704706
22490762 46154882
-89999651 16753238
15292198 -26845786
-88166528 72683909
92363691 -21280688
-99384251 70079116
75060692 -6442457
60748208 -48841682
-87328821 -26702184
-17886227 62852017
53469080 23822427
-94350590 -63387720
-73973081 -35454453
88925511 40161842
-90266715 57199585
-74678625 -61331485
-74082060 19924581
-27685425 87607727
27392311 13896262
74471727 96262182
29346737 -3574952
-1537586 49677653
-3744484 3225171
8266395 39959547
14129763 -46178732
48093149 18752810
-59946522 -1426292
-94022035 -78250866
50764331 39021533
-56560467 37775959
-77215272 74321461
-81155096 -54925830
3562874 20246698
-59859516 -2160508
35078467 -98010619
-96941816 -23329442
21178724 -49625602
-68967607 -48481271
-46801089 -54187711
-80664636 -4835955
-64130400 90494740
-77806461 -78463631
68762269 76791581
-63055012 -10498366
-47266553 -78955602
71514865 70586143
20667029 -39559716
-10015574 3449741
31096249 -27773255
6546152 54814055
21246152 66597662
-15129960 -49656251
-13379519 -92908738
6524519 -60411929
88415050 23892785
-65939624 26501251
46531860 66880028
-26668670 -12448948
40830800 65221933
-55849396 85051448
94230861 -54469548
-3506928 73852501
-38768347 23803020
53796263 -22484427
-94843273 -24205005
-61058733 23762212
-61436902 -53802033
-54384033 73492247
-77070113 19677948
1682714 25179305
-33087552 90345069
-14770161 -85220798
48773087 -38562941
-50865832 -1831636
24673736 -42814352
-43769438 22722558
68039154 73039659
76396899 -88339993
11205496 55439678
3278682 79151088
10422758 -85611381
36157651 14967801
95288447 92092896
37383392 66852347
-39117793 -69163614
-72688783 72589106
68816893 -81305468
-94867534 89940877
-79442928 21071182
-15235321 56883065
-17883692 26049858
-13639465 65414539
98831329 88853707
-94250308 -68969982
32179420 80749224
-31712461 -51108685
38166545 -15421200
26306430 85246793
-4298915 62317085
-22216846 45227230
55848027 33754862
-20479837 31500611
-69200238 -55612566
-72853997 -8191165
-81295120 -5122539
-65590479 88170810
25636016 -48528450
-19150090 25662466
69898448 -16921906
36363587 -5957354
-76177738 -4819540
92710127 86554970
3290608 -88515738
-47643759 89913195
-40850000 58040518
59740802 -16288733
46147643 -74195463
-35724337 -66029046
-92188736 96514170
37841689 -20318699
-97605465 10681207
-413272 39875561
-48034674 52838613
-57879623 -35801464
3079770 -32487632
-79875941 -80796726
-899403 67843869
-83808740 94813236
46795464 -86379764
-46451156 72849309
-17047765 48019239
-42604382 -56458226
38449002 -25889151
-29525039 -12459017
91043800 -87083036
-84499272 31340719
-50884768 -23397531
62973479 -8500150
-9388690 69870874
36689867 53103352
74081551 -2997878
-29967302 -77016900
5023107 -337890
44931024 71909217
68902478 -10881800
-5726043 90614008
-76465387 -62821542
-3026502 25563859
-2679004 -50532810
-91748699 72230020
58256364 -16663560
-21470587 -13464487
-29204434 48163948
50599134 28379280
5577776 65161454
86611394 70322922
-54230734 25923757
297752 -88849603
66320613 70278496
-9530503 -38397166
-94630200 81918232
50524819 34052731
-2759671 -32046417
56324315 93402622
-90857341 -57773668
-76004906 3101176
91034573 14839337
-20671647 -44948460
-71585639 -61067169
10305803 -66824054
35162846 -13995257
-85615260 99747689
25091600 -48989229
-33742113 53201414
82029377 -73603378
15313641 55948508
54239110 -20602415
86747104 37314809
-70069074 39193348
2549166 5794547
-86383061 -70895544
-65371367 -34479980
-20812291 29663322
7420290 -74032662
-84761456 28238558
19598410 -88561201
-55658058 -9896511
93430167 73703612
79931105 17163214
-88155811 -78619064
-20770646 -80018776
66341262 -16836878
19901257 43341197
92969792 -62627912
-75083012 77951782
-70198354 -56906242
-41383000 -91443796
56722868 48526097
14828564 62198903
-94211046 -25617822
-72857998 22134685
73808206 -2167259
58203700 -90619784
-34502259 35122567
22535206 -34686078
-26073212 21106000
-81650437 58674735
-79564888 -74150057
91228859 -56212554
50245247 78010764
-34433081 81912346
-30928089 -13048117
44444994 19889405
53531571 -18920294
-89474726 46761561
21340902 -95102163
-16233461 70534820
23491909 -13261061
-17206787 -76967215
61947264 -56539039
-7518828 -58087137
74424102 -34081140
-76558623 32234019
82650553 54153892
-36187616 91697327
87903758 -29306622
36599717 -22275664
-20649962 -15622339
-74328440 2161129
25844213 -82185375
-84789270 -1867897
-84136406 -2394108
1520282 -76210955
-3519097 95528114
61003126 -57535174
-57368120 -86310050
41109680 4207298
-30063233 -85713187
-32355009 -44069243
73810126 4726208
38216421 -24861069
52042901 68006259
45481273 29896621
17440292 17358582
-32201224 92813469
-31916989 -54278639
-68028093 -81883694
-31842123 36478542
48624332 -1850794
45338604 -35028270
3844830 -42165716
-72763764 55459687
-36185525 -12589627
27415324 -19227638
77666261 -61761895
43421336 62209091
-48706896 -19452213
4031993 25864902
94392446 -92143902
12042856 -73334084
64190603 -9741073
61494534 8178235
30639670 45881690
-6936388 41260285
-92942396 -39797033
86561783 7069056
32584765 -18621340
10354302 -14417477
47903475 -91006829
-694180 45685958
-99899625 -17374123
-59184787 23109409
46580753 2404325
86307452 71935912
-60110731 81726703
96995643 20380316
19953403 -75341434
34291362 13973356
-87798436 -76078245
-65470734 22351305
-20740325 26565616
-40268458 -8651720
-33636291 -7379835
-21282544 44017079
-73637281 47262151
90154605 18922149
82387689 -17890504
-32306936 81953560
71390780 -62012806
36678754 -2963825
-66028653 -45478707
56802285 -51272570
-50972503 18168676
95453544 -66521924
53926703 75240605
-93888162 -60438555
-17034029 -50342498
-69502541 11196314
95232764 -24685150
-32122493 -32552524
-86686706 -72140992
-27650659 24441469
-44705825 -76971368
30122241 -27649270
92493633 43688653
-81453331 96692505
-10862714 79394944
7207967 -89095156
90303527 26525131
52554521 6680856
29841866 -91764407
92754057 62033541
71025348 -14484716
-98245523 -23179200
-61435601 -17218560
-50399075 31774424
67492686 -2687377
-80152102 -35886194
-99247470 72579974
-68662528 -75349929
35507004 -41038325
28477828 58865930
-72834634 -59193750
64902936 -16720227
-72461091 -42670415
-3406840 -30450154
91774343 71057043
-77801565 -77047222
35582955 12445265
-40786871 -87520408
67427583 -18418153
39852780 88766713
-44445121 96779470
51776991 90791461
88700051 -46953200
-70868140 -80947150
49565635 31095600
96233817 89410604
62956489 18763817
-24282866 -291015
39004616 -770338
-67420870 -63444927
-49131979 18923093
-19850463 25112614
82965780 4215414
24892174 -11297986
-46078515 -73432590
-98348352 39451974
-94151233 -30177925
78550791 -32887445
-49685045 -23689502
75281678 90262826
80936041 17348119
-39193981 -9620075
67069635 99181354
-93846722 22692305
39572021 -31937227
41184759 -47457300
99576913 89612881
-10585243 -78864191
-52061804 -91886694
-14108025 -23778302
-8788114 -34359008
-73453459 84167694
-94410515 -49740502
-97116506 -32217662
91674091 -10758387
-23018018 17511690
15216691 2690304
56689919 73081269
-27269455 50883611
75626105 -47113674
6198615 42057139
-87620316 -97880495
-19222932 -16473608
89844730 -69550814
19888421 74827054
-47087355 -82187628
54628997 -52661713
89127999 -12770095
-84622420 43083494
21260692 34331982
33103558 -12622856
24507293 -97638403
41534570 -80979778
47618638 14907819
-11312795 -85512809
57343122 -3786700
42484477 57655590
-64419601 58477863
72846809 46904365
-61406876 29222065
-6628260 72080377
-85446454 32185450
90448902 29634546
23834794 39743653
98265365 46535511
24944704 83775995
59423336 17711063
-69822419 -22141041
-35102947 -31696816
90367622 -6132408
15295865 -84376325
91130731 50919670
94440592 -8645503
12151441 19642521
77551703 -123326
3171784 43520779
-15121190 13525428
-67610547 60029346
33409972 -80593557
92864547 17895574
61763978 -71647367
-18322449 39565234
20024218 87346106
-2375859 12843977
48573350 -11235891
-59014176 51791382
-75513827 59201207
-84500557 22659042
-95368183 76006527
-21199432 68704411
-62980182 37459963
47600457 93959810
-35408635 -41732204
2996783 -26072084
-84382016 19801940
-28952029 64892705
12435883 -18639462
6781948 22452137
-95375888 -94811738
-94952456 13732989
49256838 -3539993
22929786 -67448884
-72482162 -96276350
42546925 13889448
59484944 -73048458
10306503 -64776167
-82062637 71360816
4982979 -44374883
-39608938 -26354980
68135158 51902120
52167516 -33276627
-24504410 71724686
-82969738 -72067657
-40684835 -65549458
82263394 50343989
-41602777 99278941
5089080 -3525134
24928035 -48356080
-5794996 -93132449
37016404 26552134
2181744 -3117504
-681754 51789383
-66791397 24952550
-47396561 35601185
94655147 -21951778
-81635628 46078540
26241270 6031165
48133257 -98936965
40278669 13845475
-51252848 2722175
81091367 -58327679
-75405818 97669053
42978986 16410130
-9410543 55884763
-53815412 59532260
98571163 -59940014
14833612 -70465275
9758127 -99684275
45635131 -73265417
-42359920 97672490
-1321208 86263725
-74944469 -26332048
-34345866 83048169
87687590 12315326
77191915 12037184
-31317800 -27045363
74354818 -47194443
-99487916 -55889806
40105362 92423187
95788743 -47264061
-99683822 81111304
-48733547 -29320308
-7529352 -18679335
40819611 -96175618
6657400 -65482530
29791829 -69212341
-6592536 94895210
83281707 24893087
-2236618 41933771
15779934 76802395
56614749 -67737085
-80021370 -38385323
-70715211 -49823916
7936051 91326065
-90579045 93995781
10772401 -3848544
80368158 31357683
-3725080 -75295413
7424115 -8894565
1204582 6982474
-26851276 -93942637
-99122109 38524648
-9881081 -65918549
32050500 -81254659
-13246516 737349
-57857025 54483161
-2657012 66457025
74019529 5034210
17601481 74151363
-46533583 1462558
-581090 -80310102
-37902018 60553759
-97266660 52989256
92991729 -23730950
39023560 -82712227
42576743 -71034917
-5513826 77598467
-99725267 93459264
-94617918 -92368830
-98760672 -51519654
49272616 63531824
79698571 92690272
-76557688 -620750
-19613797 69063065
-54727319 18310673
34246308 -53828564
73260697 89381107
-50902487 -17613849
-81695770 31542561
91281032 -42550901
-59682010 -60529355
-41044699 -65424163
-76391487 -95681629
23462115 91053223
-13104547 65859776
93919352 55507686
1790147 66614149
-66064576 -61567950
-2459509 70772273
60318044 -8576393
-31955838 -34707204
55564094 -59879107
35049587 46390552
88379812 50175809
-70271602 25218759
87069422 88088255
-83897638 -63207903
29245713 25373178
61486573 -20519632
89327069 95655890
36172706 -19693981
-5982940 -73442900
74889764 5388990
-98454643 42153645
-83337444 -48218321
-68817176 24253845
-61009699 77481598
-52010187 -81390403
38152374 -79830772
-250476 -42149689
-46237310 -87666728
-25923984 -73361114
-92569078 29210374
-40425283 52751410
-93895734 71829501
82188463 -78105316
15252759 -35442739
-38957615 -28742452
-78291461 43001417
47396806 18027504
94207672 -77795539
12340739 -52390913
41481369 -24190486
-9641601 1266382
-45571352 97245514
-60699402 93457275
-92015797 -18452789
-21428323 36560554
92113328 -37789108
-75522306 49321549
-76564020 -23360106
90327923 -61283648
11331392 97935550
60930463 -52498136
6718376 -60440703
96439700 -54624200
15174446 16364581
66411544 -74240165
-86730814 -56811864
-65722444 55568676
44629442 81215435
-6937953 45487682
-41946460 -65970291
-56995889 63668363
13875235 -57289417
61259624 58433936
-46528219 -7274668
75872020 39723806
-33703782 22857915
-93942953 -9303538
75901171 69488060
5653465 -48228639
54354985 74209729
-70060285 -95748121
2919382 -33601595
-69199680 -36422981
88367263 -49069246
48995387 95640134
-81833877 -68271120
34605358 25697032
-45358491 -60788912
99759148 34019347
-42966260 22456001
-98455377 97892709
63827926 -2624583
43124475 56918173
-14855222 28283459
77767014 72158798
33614160 -81273367
58706211 90365253
-72871774 44901975
-85321642 -84342924
157318 -46620409
59455936 12384728
12425519 -25622250
20579605 28567674
12040627 -60822603
90950500 6684067
-19804047 63874468
74411806 -25187725
-64884988 -63174585
-11848427 36703264
-81252467 -82028683
-8739268 31322600
96431743 46937120
-29842257 63929119
9377159 80705483
31027309 2015273
-77540196 -40464226
-30106371 31963193
57502568 -15307043
31778644 243821
95848947 8581182
-33103307 347849
-24410818 -99004977
1472708 12329602
-64103196 -13505721
-59133363 -5115328
-8052745 95820765
-74504693 -52714219
-77774133 -85599917
-30779529 -35843162
-59075487 -409459
48433036 -54960007
39382408 -30015524
2788595 -60096134
-1147691 6144423
-25537836 -1723850
7833835 -84947076
37811711 99327095
-25452400 51272418
62598236 -51833418
26666505 49529328
-28291183 -24696316
-30567005 -13689010
-59961592 -89256852
-87340712 -24467756
12218014 -96845140
61420515 -60024552
6095929 86807052
73767211 72769459
-9617860 64426006
-38521904 -50409089
44293230 72866749