677
98858502 -80930401
15291348 45637582
-22980170 18471664
35781304 -80501543
46667999 77557398
87884018 17092748
39490531 64539985
-50378159 45436095
-44903489 -72903701
-53712452 45785421
74427697 -53593986
69852936 -95887743
-92720537 6558749
-26728027 35446598
-58831799 -97409919
-20456285 -42417809
56436787 -51221946
-25729560 81585520
-53946083 53799760
-88169345 -86537576
-33972049 -51091604
34591426 -63779196
99448790 -71446861
-35460510 -54388247
-28925730 37354801
97098637 -21841362
97234057 27186736
20852758 21424672
30772881 -29443144
12646661 -21401898
77210161 33530820
85058059 -93112645
-4995686 13801273
-90152610 -13649080
-18239669 -63135946
-1485353 -71957067
37024297 22301979
50835655 17401305
-16731438 -68231002
64357067 76116884
6196645 -89843583
99485428 36875991
-48351818 83016681
-45943955 -38188407
67139072 66109841
88583933 61405166
-41659203 29122668
71092666 -80238749
-6451942 -92565073
69047871 -12221823
-99443885 -58733673
25993595 -30000499
-47114525 62342236
-1093342 -17805220
-77367790 74628800
38607678 21003901
73699685 -71352618
-57323358 -16635721
89776339 50259637
-38813047 -86216265
48859850 68252383
36853311 -40525066
-71694473 -51394721
72322893 -14501667
84268390 37136926
-65254022 65853825
-26093267 2348335
57429714 76289545
-63742380 -4318673
54202165 -78419525
-72755953 -64109934
15154415 -10999996
-36678207 82916205
-47841100 59231423
29920626 77659295
61427113 10328280
80762845 35382543
-28972013 -12492219
-60996204 -14762415
12421295 47126874
21346484 8755982
-1995410 -93187081
95628072 -35177780
-72047389 -26122106
-53745042 91925870
29953882 77633001
66943156 -75985742
2209780 68303055
86352356 -3800767
89606441 65275430
-88450618 -77613977
-48463847 -88369697
-77286927 -92663229
-91713859 -28698021
65223991 -46991234
34115167 -71210491
88171325 63237690
7416797 -81192514
-51647300 -59004334
-82322715 22945164
-36053152 -68745438
18206786 33050909
-94346339 -14560944
60725487 -23766019
13134889 7671595
13718408 -94561686
-95534579 -99377680
-35793418 2725578
-34600908 -96361040
-92202301 49474238
67888966 59405967
16595380 2934001
-61380791 84318053
23298805 64183336
58072418 86600765
2078455 25041072
65522497 -5953372
-24713919 -73636239
73439331 -34671865
67886175 71446584
61071476 10772147
57323673 -98963083
-1001717 -72084005
-77145472 -5985820
-90664768 -55244364
-96742950 -81397921
67185768 34725796
-47788158 -56154481
12988372 -69455114
-62162420 660191
7597705 -78889463
88080807 99168712
84597810 -23171197
-85197587 -54153850
57157208 -70060933
-43391146 -16258964
70034541 9772191
1972902 57541729
1772968 41907997
-58420185 64555870
38949089 -23147981
76491651 37283099
-27079196 78690301
-540530 57269607
50084694 -86222440
83001109 45503518
-31724624 -14579653
-52008227 16444889
-54860014 -24827615
475830 -98571871
-33523067 38141874
-32016939 -7256715
-44850566 78934650
75522336 -95680612
17834625 -90204756
83005986 -40110299
-42352937 51086759
15506423 -82724800
-19880806 -85440406
-33950247 -42235301
48798905 -27186415
-79858367 4940542
69156053 -40174298
29440036 -14738263
-25564775 -36576968
87484795 -28028682
90307854 74499659
-33746040 -90610809
-4039004 -6428899
66980433 -19815428
54129567 84944140
-44808907 -67009324
-18969809 95361182
86748975 -30838948
26242228 -63889671
-35764542 80532909
-11100091 -14880459
-60176088 -41188970
-49813889 63664129
44661055 66804260
35665259 81287151
24012217 76831282
-16062642 -12103190
-22492291 -25272396
56325787 72759397
36851102 -63415528
-94325426 81818327
94979406 77311205
-52556656 -1360475
-56525976 -69953669
98195559 59395152
-55442502 70536663
76184875 87095581
69575914 -45593829
84381961 64215639
44858448 -8248316
-1725456 96764851
62390887 -81551037
14759706 21285576
26484128 -31733203
-75746044 30879643
-3241502 48307093
10708550 51379715
54853972 65399040
40740128 62574511
37978414 48497879
19735792 -37351040
-9215851 58397082
-71608470 30098323
-47757220 -62242715
-97816522 -62914639
-75064257 -72179073
-81464680 21930128
-20562985 71349964
-48602193 60031662
30259542 -42547152
-46724237 -67619281
-23520836 -29972194
17719035 11709819
-84517882 -76456077
76315738 -19553197
65827454 -60895766
67556013 -47145475
47921876 43489781
-14588818 56413390
-17423962 -61887423
82088546 56316496
-51466932 -89436433
-41115786 -956002
-37916008 75411280
-99290015 80789145
-14905299 -17164102
-62139421 84636674
-48444639 65805165
-70459701 32488124
90004917 33823063
34640636 -74296127
-63159987 51953110
-78235367 97566746
-39193549 14135212
90175512 -61163262
-66068630 79386949
-65958654 -15023482
75228529 33378928
82938196 3575227
-66548020 88643393
48937681 -68614186
62456346 54541721
-51947989 -52289287
-53740380 -16594813
19704552 32382247
67127080 -36894809
-78573547 62794475
-77991130 82899960
-41849317 -90729553
-18365173 -66966808
55273731 87191600
55584135 -8498950
2826362 -77685669
56721930 -71013638
-62082114 -33469349
-49469423 -63550176
46686294 -98472344
-41062622 57916939
-74278860 -5323474
26611824 76440169
-13742571 -71710009
-38950986 10738619
-68295928 26289341
51632882 57155517
1015829 -25489362
-41123713 65179976
-4845256 88897920
43378277 55062267
-34092443 -5660751
93244402 12800420
26838612 84207302
59270 5715182
7131533 -52028505
-7359061 -18459669
26573095 72057576
-8050628 73297738
-27505350 47834919
-70954959 -6736661
12683528 -62903559
-49811577 -44359342
-41618980 -39920131
31404805 85132346
68583235 43346930
80693754 -78929437
4586531 -57402216
-93438066 77162580
87244374 43216728
-25264185 1450618
-50960213 -70347656
-94247901 -46942822
-9466670 -84498821
56876249 54987700
19078834 40685319
26776218 53820714
31166148 10775469
-74615772 90207144
-14767990 -18592262
16066806 -46461178
53143125 24300153
-89916436 54611357
-21978534 2334010
13181849 13882186
85868530 94304708
-76545887 88855953
21836768 62405121
-46094233 -30115426
32794115 54865048
-86715880 45900664
49554308 -91158043
-3680504 -18538177
89126486 93891220
-67758933 30980598
80817374 -1665253
-9950588 69406285
-67019032 -65612343
-943257 -78329001
-89173158 -42960172
-3987054 -77080922
43365620 -76626564
58056988 -11770963
-45351280 67846786
-78837439 -86428526
-87497857 66463831
-56798912 92642995
-85262805 2510822
46992221 -65702504
86383734 96489153
-67061654 -26131024
38779302 -80921073
24090788 70451415
-2870356 55742935
82222368 59336680
-24185553 31720735
-79486675 50029927
-60969725 78308041
-36040455 74726588
-29682503 -50782931
87547139 -34942213
37204536 50298027
57632600 6821357
-79809312 97369611
93061259 9481960
35536376 49567776
69615848 39052575
64930568 1035211
-77752151 -80761449
-57302017 -49500980
78387921 -33698764
-83825116 67555313
-2357073 -33757384
7330590 -85512920
-62198366 4173224
-48121322 -50321224
-28758354 -46383788
-11704139 91022590
-69101056 81786300
-5579066 66634692
39252170 7968064
58874571 -20130044
-57632219 1564759
46528115 83950290
-35175983 20683267
98706140 -63064949
50495475 55626155
64435777 -40177305
90934011 -4555641
-81193213 73990273
47040621 -86189584
868608 58362092
50126187 52968539
42545764 -15144186
89141688 50522203
-7808766 36498024
27165952 90736144
-20220658 -23937082
80331416 33093054
18024105 -27070194
16597182 -71046052
-87521628 -55030142
-86997349 -91681354
24388694 74167250
94889924 -65889340
64200420 -21272211
-71655396 78649932
43417033 -88393762
-70871324 90627419
-30652470 -55160096
-75817791 25556589
-69461869 7518810
48005780 95575163
-49110075 50429274
-87675877 -4367874
51813795 -71342584
93908517 -26942623
30537066 81254969
68297802 -27267446
91390740 21084053
-67007312 3409771
-77747248 90860464
-51116137 -92802723
21089218 -66769693
83950152 -15036656
-91350153 98200794
49152237 -77731721
47083092 -25161439
84608306 75164122
-26994699 -74118750
65775194 90656327
3862904 -9328999
-65373453 61046312
12838687 85016247
24849747 -93903461
51728388 86293648
-72620287 -44168628
89462096 -15530743
-64091473 50456674
-91612575 -76970099
61945039 -18946560
71894715 54040912
31480720 -87448515
34705200 66014318
69798532 30650041
47057343 -31556520
-31097380 34340438
-75420826 -14285261
-28032650 2911067
18707763 30714698
-22440352 37982579
-42368242 -49129908
80409814 54138873
48244695 -30952282
-31415566 38974914
-98745695 11143588
675610 -31379902
32353370 -56345192
45830365 -5537338
96518779 -93478982
-96380013 -47576629
83309395 -26080822
-65446040 -12396126
98063623 44283927
-46571965 84953246
-35630540 -66787196
40020811 -4607416
86028600 3468265
37608524 35056741
74862488 -87812421
73344283 91143004
-59049515 28757366
-82261307 47073562
-72947686 79144581
-47272906 79415005
-37246091 36465708
-82630390 -21380
49284803 42333399
10357201 -61652402
60708819 -81945616
33749741 26193276
12217628 48096607
-49617765 58855452
30000136 63501195
7853315 -75560012
-66904319 46288829
59020119 25424441
859297 96712084
42719638 97807977
93462379 -65299373
-10580346 -92532117
36671165 16344481
-30305543 58135985
73939997 17961295
-90445183 99318526
64611218 72251771
-22249623 18872911
-97804359 12419168
-85693293 94885132
56191650 -35826429
-11945006 63393699
-90327142 -65813337
57481795 -3840782
56362228 25046418
93619509 19054850
45557787 -1514311
-90764617 10701103
16467623 55165532
14315925 8535196
-42330059 -7390110
-90871283 -93567271
32741897 -12009969
31117224 20439890
76286292 375408
67252935 -67443368
-16135838 89044135
76611528 -58765310
-15876692 -98271489
29575666 -22051084
5870162 89200120
-82824155 -17267124
39699012 -1792433
-18482836 37226401
28787431 -66001721
96133686 -4780725
-49030463 -10047242
89711634 -64217370
64959413 -42665288
-80094384 39337744
-1516204 98272087
18421745 51672120
-80875169 16510500
-21338124 -38134375
-7579950 -35218194
50410294 -19672758
44032890 14466043
99871646 -64584302
68484024 -42952218
-56616638 -34762988
36532201 -26644349
-10258328 -11243075
15469656 36276717
-3215665 32149336
-74228332 -27473313
87090579 18268396
-14340201 -21649905
-78239713 -47394467
62191543 68775724
-76130794 3243687
89745491 62159061
-83716754 30446465
12319420 82382517
6912736 94100157
54488771 -8623337
33891297 74993247
82429799 31231537
22394294 58557677
-20581640 21636325
17159480 10904424
49645433 82141497
-42501841 32741418
79561302 47887481
92405883 -10884074
30214466 -47711489
-11528429 -42397056
-56316487 72567414
-28072717 93143174
-41868125 12491370
42206175 -33697613
-95155272 -20913824
77692197 -23017880
-20592159 35261217
40024782 -85190560
2761556 -76378167
27774651 -67820686
69378071 33319887
19345139 55208288
-94480160 9266948
93776508 -17515948
41360461 -99311056
47291640 -70172995
-28171260 34418977
14743146 -12504044
5509480 19760890
47438321 -51479930
-14148948 -77916832
92332378 41942465
67917272 -27963254
-63412482 -46353424
-42219386 -59984003
-40227966 30610232
84834594 73925008
7602610 -47746191
-32085618 75207645
-21809839 -12783937
-21400224 74638840
-32411080 25659905
85298644 -74432148
-33662290 -91765453
-66273929 -35551169
50289116 -2000825
-38534169 -98137263
-52252863 -16262745
-48406836 65550035
78826462 87337774
49881052 29998926
41555403 76748124
12793673 30990132
12397964 -32126837
67985864 39886229
83018241 77322461
48278768 17526925
-68778810 35328637
55536606 93833218
13684526 -82858896
91589953 20934210
-49249296 -6726875
-60294666 7774965
-13337795 -55268530
11977768 -82461192
10745862 57544664
-20557359 93087532
-79730735 -88156424
11392735 10181864
25450735 46175004
21769710 -94422514
40760504 -46373012
-35969723 -93044617
19078550 -73561289
-42168747 5196604
-22032036 -84865343
-89376800 -82477914
-12510827 -19226855
-19053857 -2020943
17973330 86391150
4922071 -89909247
32096043 74942311
-41422070 -31904868
-60903186 95501943
-39836906 57166230
85402333 58595199
35594630 -48563319
56070104 -39410010
48657435 -31145698
2060392 1089675
24364726 -17607471
-79833375 -27423643
72723600 49567329
-12764575 42738873
-9037693 63927269
53589297 95140211
30661597 30543255
-65616144 70045624
-40772439 43610643
-56721598 19989305
-17508400 -1678203
6459701 3789475
88153226 94025860
-60010386 -42955166
-88346529 2461192
-72151824 -59217861
-24032102 -89195514
44479283 62449955
33061347 91421769
-70551749 99536740
91659679 52415087
63888432 -86785920
32911972 -62484929
832756 -6443838
-84191278 -53810605
99369953 7567571
84335367 88706262
60297526 -14136706
82835052 -7985845
-97577705 -15308085
12821614 -88142115
-877048 -54244433
65465698 -5152247
93494791 25888903
-93130673 52513768
-74390447 -90548854
-82552871 -80007535
47451975 33107674
12241356 -15537316
81652497 -37481683
-84714611 -53497069
-90016499 -83281565
-28982148 -28798204
20148113 13916444
52252406 -88611231
25286537 -46073975
57942354 18560335
-28253033 47004955
61088522 31330296