1140
5736937 -70211548
63290572 -41886695
-6067568 -55727103
-25928393 -88517437
-49865157 -48701271
90855252 85551484
37116326 -10030959
-56121632 -37125416
-21160938 7874758
-65014393 -56016873
-52407821 32290101
-64489459 -90059448
-5601100 37194943
-17808920 -5086030
76889153 -61623583
-61634074 55591036
16027353 60996284
-42683544 20863991
-64294786 -30120220
30917597 -75261869
-42555754 -29547714
-47038021 65223585
68827101 42213232
-26400734 71128504
-62050257 -90042663
58745362 67911982
10572010 47734161
85308763 -69632832
75096255 -88874883
66051992 23529863
14975218 64196414
-5972508 -47642407
-43011838 -27273258
73099180 15114304
-56092691 3987943
33077772 -98167254
-32991216 41028603
-47494796 52185881
22421714 96651228
5439840 73629307
-77554026 89560751
-57878612 -28123923
-1766394 43036400
-23432053 -29571011
41136202 -29716785
-72945983 -30850553
-15614343 40344596
-86272545 66794305
-23960737 65043827
-24382194 -5981600
-26911632 -85970587
82996567 84127462
19829016 -60544831
86023639 -19877568
-72777698 53163321
-43492534 27811587
33507925 39507533
4274066 -23174904
-65503287 -96345293
70293235 16585354
53511982 25048421
-39988924 -80377434
18035792 60255963
-26818555 82245332
-43955570 35058781
-60260477 -10101938
23920815 97966355
97397858 -65523607
65411206 -47621591
-43980199 -78699911
95915416 -58545657
32286268 55519446
42809659 82649589
-21664211 49762144
38077824 91740901
6921829 -47007233
-16776331 -13095948
-86589008 -14439131
-25814487 13341062
-8748706 -90575511
-60859413 -26201326
24513598 70203789
-22171765 65228905
-8325283 -59329837
-13332932 4451032
41931784 27443278
-8557426 81573240
-40276637 53200418
9419242 -23804772
94144259 -19089135
22623786 -17126394
-52496874 -12495022
-18391722 32529111
78607272 40951562
-17062109 13356734
21172291 8105019
-31403465 93445350
81858640 85219849
18339455 -30808776
18107269 -91352926
37739756 94993799
35054624 -24184465
-93879032 -52052043
-337854 2273418
37475501 -50906635
-54218696 2313724
-74120383 5637497
-78578242 -65442331
-64651159 -74188608
58357903 -85031467
51953911 -85105235
-6382129 -60820258
-53131261 -12723746
29513167 -56206230
-57093517 51536875
85829571 -76364746
-10262162 -14826980
-85462437 89615330
76508101 -54989576
-61676661 -62637804
-61624575 55699692
50145113 22043308
7483399 70984728
-32770334 -78955143
-86716495 -26783024
35893460 -43252838
12943860 -78371050
-22631995 -36474067
94541679 -8855634
-14765447 -90614794
54055011 51213857
-87837800 -80456401
23914042 -79078017
19873228 99503834
13197787 85327053
36310740 60707898
2561001 -60332111
-75808001 80723690
18743945 -21061737
-58890098 -21733521
76468130 45100003
-86093167 -27161971
36459399 -31778053
98568105 88684693
91657290 71262197
-2210880 -86295950
92676635 19947017
-70535588 24017624
-91061036 75812033
2093762 91858373
-22223831 77983166
-35260481 63409324
-62113630 -76821515
42875801 89431072
7807139 27459912
-76176983 74311795
64259081 71041961
96366332 -41249459
-28346440 -31813134
-82161024 -30575514
-65398625 -25727124
-75893109 8467331
-32897551 -78509851
-99110410 81832549
-27039186 63560495
10000343 -71660278
-49473652 -22835565
-71624987 -42727605
-69364123 54402954
70391786 -14787417
-19288451 66146853
47958370 29827221
-46654755 -89869120
-18762776 40436812
-14410836 -77698865
-67261115 -53306210
-52756085 -37972644
-95081072 86764058
21972395 -8924913
40352132 -24211914
-18132774 76231533
-32133666 21007858
-71141313 -56961040
-14325264 -43848889
-42260497 77589777
91609039 78704326
39445115 69877808
-83710643 3761819
-20592052 -30874473
-36941419 85711606
-55395993 43643188
99520751 -95112001
-33976064 -71590139
4984342 87818923
-36735769 61170817
67186868 41734742
67053034 5451686
-33293254 30059680
36975913 5784926
-65995919 -66051253
36382065 -91613829
51041091 -55768039
-50623127 -76305961
30368114 95380333
-44101602 17381838
53863271 -79775464
88841133 -63187463
42965663 -55966744
-48262897 10309301
-79732629 -95738471
7039216 -58588474
61693079 4559547
-57058668 87982176
-974412 -68426688
16576688 -31282061
6512619 64353625
13393745 90169372
91649757 -63115645
3820664 62559832
56869264 82674661
-64047822 -17167733
-60868672 48938245
-93757435 6524900
-60763885 -55575199
66253804 33638514
-6992012 -55710435
44085592 48045060
6053577 -39023479
-13222832 50114622
-85136527 -46831089
89527522 89470804
-13101141 38230455
-35816009 -23260205
76378866 94023007
-36390772 -37365956
-96836626 -44723425
42575529 -33720607
57744824 96276106
34937215 80128899
20314285 -84994979
-71401293 -40472465
58158224 8393626
19493454 96620415
-28951270 52780974
-13662273 -83684393
-40120965 7511997
29793281 -63872341
7274656 3363332
-78594269 97729670
86348242 -96969010
73683832 -75032705
-36818249 19623561
53384743 -94519753
6270590 -58303977
-24856759 71553945
61895226 35176895
-79478183 -12598515
47043932 -93126854
1698131 12293403
-18493655 -60418267
21069414 -24903317
-58189968 75962787
-91327803 -79925598
-17927230 58026837
16830634 -53678298
69889784 80992826
87222134 -10060760
-32166516 56047051
-95714564 4530870
6510913 80957155
19413579 17937007
22406938 33015882
-96695665 6199333
26074387 67460902
29164697 -11712365
-26533384 -16890977
60473351 57469805
-94872773 -72670591
63321821 -99537817
-73965055 -38820039
63375404 72160055
75323242 -83708320
88944752 56547332
32213639 -86134409
-25795283 74144848
-17416861 -79897040
58162199 -80605031
32887006 35520664
-476078 82360838
-53953370 31009376
14653201 -59152573
-28618323 -72326590
-38315987 43071920
-75642206 35402927
11164845 -18519305
-53485723 -16563313
91951536 12720919
97653576 36880398
-87473808 73308648
-62439964 -83538392
17623415 16390627
-11443385 2842236
-163049 35396834
49117404 24995460
22620016 -63798284
-6385480 80589551
-42323331 85135684
-15445755 -74916465
-9320360 57748740
-25305428 -53320043
60020248 -6984120
381708 -81737530
12657391 -4059103
-9487503 52866815
-1872068 -88733992
45571096 -47314769
-80880870 53902042
38553554 -3549839
33504467 15473181
33774400 30550678
58296594 7430952
8698061 -46025886
-5591086 44544220
72573054 43943582
-79151024 -8897381
-55893007 -82263397
34913295 -83238266
-18356277 -10010988
-29883774 -57620667
57503073 67740589
62176091 43836240
5533466 -49963958
-75104102 -36045232
-88794209 57427689
-656957 27113661
-80383074 -42661836
49795520 13392965
61819409 88822539
-51593566 -18695652
-61937843 -95001048
-82015508 26952233
-24547351 40649774
63035828 21235437
-67293737 -61496271
-9427348 1092318
38629588 71974653
-48140313 27827802
-84381396 -47318155
59063332 -1400490
-89344667 -33272713
-90022379 1937141
-71080493 -91759026
-7585967 -33403613
59392808 77124760
-6084252 -58980953
-34035371 -27358435
42183190 67256567
-52311472 37060026
-67889542 -75183107
49429320 -933927
82162696 -65001810
79172526 -58492957
80667350 52104591
4854019 54656159
72603188 -69852706
46850048 87685599
88722377 83712866
80597317 -53005680
-3051468 -83130060
49273499 -87275024
-19556452 -71083869
-52523670 -23854536
-92316585 15595852
91490030 2095626
59250117 -19556165
-80746860 -85799884
-79370565 76235153
52690896 -67669540
33916146 71965644
29641693 2407786
-35966049 99515566
-46766869 -78271859
62077187 46672978
55281684 43041067
28148754 80940120
-15557533 6846914
-39513098 -65743255
55902072 77366326
17996857 -46892978
-23176144 -4613889
52656308 -63402577
65512071 28260995
35852733 -45872701
47334111 -15645125
97912189 23227153
-22796386 95463229
-95783667 9332281
71083411 -29013364
-95298391 -55108480
-13996406 76257870
62495999 72538167
-99657554 40657575
-7726152 97511192
5526454 -651484
20009289 49822280
-1622101 -12674930
-378548 -91402167
8030379 -3366505
-98120190 -91418232
69061471 -60182669
-13401525 59296171
-58023469 -74166499
36183626 5527635
-96222718 4772490
-86591382 24206390
49776208 -58799181
-10270437 -69720914
-68060806 37140595
73229642 -86706867
-3784929 37321235
-10852176 27845102
-11695009 10184407
35939417 -93286036
57116075 66898986
-1346148 97291030
-55945225 71305618
43213139 -10586318
11265297 -67250814
48631835 85529108
58173206 -27841119
-28363351 62535451
45874178 83726595
-20652971 -30757084
20251294 61349292
5448785 -69574222
13250485 38976214
43867142 8265932
25458572 -46653459
-59701581 -65053089
18448699 -84463644
-76481118 8426708
-36116180 -75656418
-87420128 -59100826
-37883416 91391943
72060696 34210609
83782689 -78183686
-33615307 16380280
36385597 73343092
-45726929 28337357
-45432172 7015692
19088600 41121295
78309542 -45276905
-36307365 67962075
67620063 70126696
60380477 -28479121
-99172072 78413639
-39680190 -277558
81542908 2103729
76651872 -17711699
-10427244 48145941
30093416 16996575
-30492462 72008637
-91607630 -3635864
-42263060 -15877458
50983630 -26450317
21933986 79025855
93904563 -1160829
30171003 22011758
-90898125 -26246059
-81566763 17297072
73027795 31734250
78105564 -47732902
40587277 -17670808
37487995 97934304
-74555583 82883449
-61872631 -66154290
736659 3051658
-30588662 23341921
-249667 -15458084
33387383 62381922
96223995 76493840
-68068163 -12244373
-76106207 61467772
-58548104 82342057
45588592 48282273
-71552869 -73312718
-20842248 -84084588
-92993190 -58365586
-81341459 97465898
54670643 -71598760
-334514 -62750756
65200909 82230744
-66526226 -99654707
-2241969 -63171962
-36216713 -27984962
83655079 -20616841
-37266912 58627487
-32845951 39258243
29112990 -63955009
-43626205 55527921
54822071 50787860
72108640 20547458
27001544 -69672182
8190608 -94378922
-30209933 -4765163
54516941 84602776
20342375 -39318923
90388462 80121080
-61972870 -41652013
-90859188 -94957201
65396870 61150451
49180260 -7362567
70137069 -54021145
-94354061 -51612411
92478742 66231781
-71026544 73503943
-49001138 -57004008
-55580019 95538407
-31244739 56585648
512468 -64622020
15953716 13966289
-41022371 -57613518
-7821384 -91040115
-39721162 -40635109
-27401618 94388269
40869188 -59112193
-72509336 -61227353
-56647958 48285355
59801951 87496834
-763182 -43156564
-56627446 27708105
12880567 26376563
22532136 82655625
36288680 62625514
-5767961 30968122
93152827 27730098
35002898 23812036
70289834 -79960005
74501021 11103700
15139153 49352799
-39511568 95005588
53468898 -82080581
-93982229 8216524
9998039 -2245986
84318368 63154358
13418944 -77525534
-45813410 66321774
-99113777 -13827564
63508782 69285707
66066057 57220642
-96045301 73225316
-78435909 16656222
48900961 -33524493
23702491 -73213589
49679509 -36048418
-72417797 -15943595
14910161 -82863583
-6792900 81224943
18161943 65568670
1322851 15583393
-27704031 -40657304
-10421875 -2291018
74603997 99505243
25418965 -64902560
9002660 -89133502
89123723 -39711487
93483203 -29082028
-74496624 -73206029
48988080 27999072
11530058 43925516
-47531031 -40465616
-62643969 -74295907
31788155 75371539
86309654 -11900350
-26254755 -74655884
26534785 11057914
-20430172 -26714504
-79891019 83636081
6670353 -52947014
-30029161 -72436602
3444992 11531927
82754157 56832421
-61088529 -6867638
-20045945 -74601522
78174357 92248973
-7773978 68658968
60258659 2483592
-30467650 46307885
-874798 -45449022
64203281 75981624
27921531 69865335
37496623 -82180056
23805709 -36083269
-88011065 -71084683
-49872432 -59734971
-97891489 -64130467
97673702 -95965619
51717036 3268796
96641065 -3705614
4683782 648516
-45136677 -37612749
48023071 -33621440
-22233191 -57572408
43144371 40271226
-35354379 99715294
86941096 -9985961
48801298 29651673
-74659128 -77701812
-32398510 26460895
-25361530 20075072
-57736532 99362244
-30902173 59222391
-68586126 -78009165
17169976 1373601
67403715 90891242
52224690 -37695723
-98217039 -21575722
-21084347 -43263352
-27067385 99482509
66550320 -50133015
-82695870 -75344102
-46305359 81879689
58096261 -56148074
-74736675 53328414
7094577 -65766394
58993234 -40696804
-31976157 -62410085
-35143343 59359067
-24044772 -78365082
3086518 -86013743
95686951 -19468841
-31893281 -19260194
8173107 99431434
-89735101 -11880734
33753210 -43321323
36653101 -14783311
-84685346 -89056311
6695793 54800169
38998782 -46251501
-28836611 33037021
24874198 1457690
1768431 84934507
-21967531 4406535
76894825 55101780
68303218 -97308380
49347941 -11719276
39137410 31003791
93928770 34878756
-89712886 -91310542
40498541 71690628
-31046203 -66219157
-95229208 -21677748
-92371012 10103257
-24044676 96596922
43595274 18542727
-27050258 -28142999
45698461 -33615810
-15700675 28762480
53060572 44300057
-54459779 -18483431
57901117 31828028
-74336404 79836219
-1824408 18047557
7468350 -45368626
-20909057 -6792858
-76795849 -12594017
-70752501 -2137915
19452170 29196953
98182797 -20800476
86254081 -37386500
-58303695 -27713422
-48302950 -8446130
-77702998 9105931
-23187143 66431094
81792272 -95955717
69628822 -11857254
-53198039 25604954
95693301 -79444463
51527924 78987587
-40376033 -27494854
-58980603 41498216
79251940 6647287
-69524883 -12555954
-6309408 -24997435
-97048593 -6560086
86060044 -27795859
-85845613 -78124208
-26999521 66879550
12562336 68905045
7681649 -12209246
-37778212 -82617919
-25902413 -48187095
-43130418 36659097
-79104997 -1200915
58979231 75594018
89723655 -77254851
63336490 -25584591
-9347895 38845904
-18403633 -86006488
6489607 -81256570
-30451434 -87054546
31694598 15461825
350697 -45343108
47905897 -45025587
-38336835 65115813
-97685152 24820508
83733834 34751389
-9481924 11170068
-18285333 -9627962
67247701 -11330438
-756480 -68390131
-94932110 -41281818
-40199272 -89252454
33796640 18541149
9173026 38088572
-69892957 38643719
-27098590 52752415
518587 -20729639
28426153 -16586483
-59247296 -66668177
710020 -87226475
-17043466 -28336056
-32865551 -9823745
71668090 90882075
16271947 98895576
93012816 -21510200
-1416592 -16780384
-92367492 -47598831
-5201456 48373630
48160286 86229513
-93520817 62548402
90370705 -56281752
67384304 -79610383
9965160 3001867
63770699 -64174023
-24515187 -94960878
32557906 4218083
-40411969 -67665747
-7981294 38719578
-39343555 -60848036
80238569 13921453
74230180 -56615911
29066385 -31766746
70292014 57052591
-50249661 55016336
-25076885 -82616333
39211327 -69286225
-43986175 -28614378
-69287 -18164538
67298286 34757987
-30201214 49137561
23014529 -84732126
66049072 -43376576
-36387996 -66635764
44513816 6932576
-21353218 99621669
78195685 95419402
6589473 19043305
33494907 -91550104
-67377193 10390228
-82814317 68538892
-52214166 -32275436
-15474087 -44846017
-67493270 -92197249
-19344685 65224000
19545289 66303624
28581032 -4808786
-74674301 57858241
-83093388 -97676812
3532922 43668174
66135569 83669607
63778755 7917255
2212596 25133169
85283631 -30719258
-39764875 91115106
39203422 -54052771
-90904618 -35126329
-88176038 93163096
-16612630 55561857
-8637909 11004120
72444878 89874211
-62873399 24174742
-57770450 26766495
65045424 -68931529
-45263313 -20704052
98633928 15049471
-73312147 31918461
98151079 20611264
48031655 32021927
-90780996 -73093110
-42042151 54973833
-88388042 -24584378
35560449 -21201979
-18587213 -33766320
1435238 -90069682
86436207 35906527
78377203 15638658
40977843 65352854
-61916616 -20208652
66722299 -39739989
-59505414 -7362093
52094197 -52309342
68434414 -18330883
-74717114 20830848
-53133809 -38180383
62567429 29745520
-17390352 87173977
15920116 83560813
98013217 -38550644
42284699 84627091
-12646991 -39092338
-47310143 75240532
64187909 98439784
-89659360 66034101
53652281 -1795229
-62440388 27480809
-28851773 94634634
-12284906 -40486001
97430613 -95538982
-84994595 -58160672
-21108578 12534577
60226308 13179106
-28325138 97555204
-61975313 -82703510
2092830 -16691195
8466029 39280223
13611586 -86387978
96337846 -70797556
-97251978 92980646
24975663 17296513
19332483 -13156106
95200603 -95776904
-12064019 -67521037
-83693863 -45634510
53562139 -51787703
-33186755 46137313
-69786772 -78554209
-96781064 66643867
71625657 816835
821552 82937855
-70567934 57845069
2860107 -21027763
-18183128 80250558
-72518910 -74093185
71019084 8288438
-87772870 -81090962
-87193892 18869743
23197330 -18005193
-53798980 51167643
-17530623 -98211027
33416514 4395601
29483220 46705540
18108722 46245099
-45656286 14766346
17223981 -6869057
-67834265 85596546
-47148450 -79677453
-94893250 31435586
-10380584 76590534
-11820749 -30791149
52570265 15095449
70448334 68622696
56847895 2053837
-98154787 -47929448
82043951 43557953
-93815761 -86423075
-37694748 -36013673
-86866750 -54503867
-24502613 -28482946
20081487 9080306
-75269339 8813007
4159742 -32600998
49751771 22251411
-7093921 9542892
78363296 -63965895
-18606523 -21359466
12419125 -4638254
-5763422 -98392274
88829972 -56751862
19359929 84392395
-31597628 88841481
98692222 92004822
43002313 -65681578
82334174 -63116733
19492723 32481674
53107047 11857315
79929417 -44670185
54830974 -86008959
47211637 -9927953
-54058684 -84023586
35217617 -25450348
-36162814 67436610
75032394 96649332
72702303 9948330
25993538 37851838
61746823 8308939
63570510 -23906269
-32490729 -72783837
10329366 -86179868
-40894248 94142959
-26217989 9710176
-77567639 62667231
-94815785 49831997
-92703608 -31760126
-81771623 -10953727
64022425 -41507736
-45775089 50389148
-93896725 33131560
86407265 -63016871
79126893 -11188792
35941737 80919220
58559598 -6170723
-47826631 -49880655
-54930069 -69349330
-34911923 88731673
-60805788 -93865096
-55450586 58603778
-60916195 56813567
-36450419 -32083287
-50875812 54530861
-2377692 74584793
-45432659 -19898449
6608111 7545204
92246284 -35561439
-8915928 12601672
-15321976 98526375
-27282452 -44731399
-46358615 59565200
-21049307 70578850
15214012 -32988901
-7571821 40731330
12505156 -80509689
-97398838 77602428
85294704 3186362
39582736 -14799861
37758103 -13210486
74942668 -80789344
-65340678 -52882968
-95202274 13638866
10098741 14409555
23066101 95091363
23906413 -75134236
-97990643 28494595
40810761 -54096866
96747291 32677461
81089974 36020795
-88774014 42309747
-1831386 -98554528
42847085 -95922864
74764360 36924057
-67258833 35143042
-54006591 -50873647
35528789 30996368
-3301381 -36752034
51264535 85939768
-83373192 18723042
46615072 -35351157
65150079 -99130534
-13446465 14925303
67493164 5168632
-17139906 70228533
-24799963 43308928
33702385 16407496
-25609876 -97491453
-93319624 82886769
-85273501 36656519
43874786 -52070737
-5096411 -91101150
-99946151 -53343894
94018251 -67509638
-52806001 34293871
-74092099 67500767
49168846 -56212279
56262693 36224653
-24592391 49809674
17044833 80179086
-82427107 -65262830
23273406 68413255
75897379 -61820075
34634794 -94447200
-21613123 89132664
-34139751 64029205
-62916249 22046085
11080426 71190099
53181870 66069118
85061393 -49958344
5741836 88131730
22460415 33653740
60648175 -26457710
70501497 72322990
49453537 -64526802
-36599638 -13318516
-86097100 70975771
71093760 88223
20962963 39907583
-48280652 -17907178
64569026 -14053360
-29512657 -54986224
11460504 -45204068
-540018 -3444566
-23264647 -8985484
-12542588 54137396
97280888 -46152873
-12855580 -69396695
16540554 72700388
-24578618 -3451387
66378908 -38141605
-84867273 -71522401
-10880687 -75449121
-70755857 44917590
-70355097 -78161591
-29090512 -19703824
18057497 23780668
-63355839 54079514
59912762 -25737792
47911166 -2538429
-96491321 33187666
-79144135 15622525
58967359 61588188
-31113796 -58669510
-92944734 -30299300
77419424 -16760068
-65336543 -37616542
87893018 42293941
-33723024 72191425
40544314 -77987328
54250913 43357819
44462867 19523530
-88685683 -41064378
-13952661 -86703894
99300361 -15088045
47040455 -33908552
-8954395 26427961
15359950 -81373410
-90201435 96128996
85067286 -3139191
-86314219 -91496464
26846145 44535613
-4156711 80125325
-66634938 13554223
-36472879 38392913
-72865650 93454533
11209344 37150502
-86327117 58216632
70402726 69932577
90547005 -7408649
71204273 -77258129
-86787307 77159479
29810076 -28692325
-43300772 35399350
39344932 -90224982
-38290794 62372262
-99674740 -15822533
31720864 89483839
92121272 70671515
59693696 60863842
-29505377 -27670870
-77665126 28092543
-96240559 17167355
-32427267 86739764
-15037243 -33320557
-9101405 76318868
45215603 11934528
-31898756 33508576
-32005691 -13381009
67516008 2941356
-66423474 -97781403
-2709908 -64836251
27018503 72291108
97709537 -9025412
63366937 -39778803
-88885313 -14986480
61394531 -77449677
-48682885 52465527
-61198005 -40088631
-46167842 -19482399
-50092172 88709253
-40646622 16537057
16015267 -53133316
-26882379 -12287084
-48130592 66722291
65937574 67295173
-77014800 -89025264
-97418614 81083109
-84448677 54726316
-64536010 -3125196
89925756 -97845614
-28073007 72891359
57668988 -98509281
21657178 17649606
-42683683 -30906516
-19597145 -58139465
19692298 -51426682
94979764 -75266789
75123250 -45213662
67356448 -23748328
53628269 74638384
97182597 -73695288
-78189367 52958242
-90888346 51283038
-87117530 -11315508
-69495888 -96663208
-50990827 14654057
-4538173 -18576444
-53870739 17210908
69125071 96106701
49867514 18014509
10328941 -85815890
61416878 87123710
42957190 30483257
43200138 61379476
-74154668 -1474299
27196875 -53624461
58602954 -21068050
-99321184 -89750713
62010128 21328680
-2997969 54329343
-55534252 -82410420
-7274255 77885194
-79185633 -4511406
-4049920 -33241678
-17875330 -59834411
6151796 -45524443
65731083 41626527
-92247188 23296973
68408689 -42270367
-6177704 -14302582
-97484677 -69802952
99789524 16912072
-25754056 95518620
-32211431 27023303
-18508243 -14501624
-69709331 35842080
78962057 79946404
-59951701 -26044366
61188521 -41148841
-61096965 93421300
-52524475 10765430
80823785 -26650906
-68660976 77532026