89
-42453243 25220182
9864517 78271159
73916376 -93609221
-62291220 72254127
52184831 -63453065
-42615676 57885986
65056826 -99043828
-46946636 48040355
35887932 4651689
43153112 -98489752
22056560 56141384
-77829595 7143442
36292754 14311762
92568770 -76158507
64349151 -47936638
-42023936 -8391099
20983595 39462229
97417142 -81209359
-89231311 37601046
-36775790 -44268897
37427330 31401696
70743892 96216029
-45880789 -73762216
-87085696 93860495
72365231 85238368
29807700 -60709581
70627653 99609232
48175834 56902446
68314333 91541515
-56415807 36415139
-78340850 -13464845
79366722 94412847
-27590805 -65069070
-54872444 568432
70434276 -93142912
34627099 -30565003
11015288 3328892
60364635 -82430880
14479681 56283110
39791257 6503936
53780557 34996507
-10439132 1234490
-37072133 18242052
-28990384 14581973
1251215 -10763320
55749853 29789398
-86641892 8086182
93130604 63428522
-76143597 -46538179
10793795 -93674747
78880609 -33143738
37299209 21352821
77225469 -74470209
-26673661 -45788800
-18889024 -78585335
38833626 16055776
-54167531 -61581932
57790260 -46060441
33315022 5306658
64050086 -52427507
84649417 41594392
-21774786 -50754303
-21659619 -89552888
7809124 -30849584
30486295 -68590329
83893582 -11752016
-56831678 27874964
-64600123 -34633359
38618211 -90790669
59198107 82501518
-53795459 15393485
-21180943 -57028727
-13684864 -30382397
-51744390 -50196530
44327623 37537631
-10895797 -6704989
-40596154 92950222
98971072 48345441
-97562568 -43932332
97178554 -74364002
23008672 22110132
21302297 670704
-90934323 71016485
80126427 24728060
-48649250 -3450621
37363982 69758886
-58331518 65730253
-66698384 -91133984
-97834838 7509455