655
-38020392 -45692527
55260201 46384245
-62509181 -44640217
10001859 27553480
-86020304 82627572
49371419 2005365
-48246190 -84367292
77939514 87973108
75380441 -37301214
39234940 6099276
-88438043 16372209
-79763878 23557087
-50123673 50718982
18293546 -93639452
36700877 81331370
-18749457 -98097006
-41534410 40588713
-90618534 -73063027
81588535 35918453
95605203 96106050
32423291 9191858
62255167 11368594
-68580046 -87270125
-3357358 -44813082
-11275450 43117593
11530787 -15324874
6439038 85606238
-17272933 11271160
-7958111 -22414079
89318369 25289461
-51440830 86170367
96849628 -4626249
-16141293 -48745
39293327 -620974
73455843 -81618906
45970918 -24328272
-27320301 -35097111
-76043249 -65132361
39457550 -35978268
28958929 -71673766
41874610 -57063442
-78253599 35972957
-67470559 -53998763
90520184 -32517976
13272647 -19913287
-86195163 -2163998
-57532697 56752977
65625755 -40673663
-48032582 495886
-45926689 -78346213
-96596962 66668105
-42032807 -24041536
75321333 81921653
-78854428 81936052
-9422352 62789822
16296769 17356498
20374381 73922043
-18829289 5261492
-17355984 88343060
78708518 -59248972
-62669113 -29938667
17553688 -91150635
37944609 -78638081
-60362834 80334451
84163397 64333029
97053323 -29587692
-82608077 99462470
-95408527 35305347
12177680 81227449
56552976 80229786
-86805495 -78333773
95140241 14430839
-40872831 18447746
89492949 -84887625
-80553535 70624079
-85559636 -89843076
-94804957 81259363
-11304098 -10503206
-56987950 -32385688
-31569216 66999168
30261863 -48819456
57165432 78054579
80024935 75835808
81408877 87965038
23036246 96211821
11694097 85547727
-54619784 30143533
85438178 -66317980
73080575 16243256
97891650 -40057621
47947651 -59671283
119153 79882876
84985358 -68075111
901494 42362074
42507134 -74784957
-36657219 50923930
-48680734 -82999161
66344395 -76316133
17292620 11969805
-26733372 -30523933
-76683505 -53240700
95320070 47627046
16535241 -74988970
39616026 64651186
-3484675 55283511
87751122 92654865
-65180925 211308
50292029 94734005
15301971 -34906965
-14915536 -55744361
77858011 27061831
-68834329 -14837666
-11157022 -16496945
-16984184 67453992
26911238 -52005254
-28475767 -81472942
94488155 13516643
-49212890 80149968
9812624 68628418
68887998 -55029835
-2711551 59525459
-81695784 30590832
-32853143 -5635573
-54119671 47768627
-32823502 44065208
52604356 43455436
13568820 31257835
15979252 82120876
26469957 55160525
46557319 -22899212
-7142672 -56123284
-67939694 71915528
46742634 -19210889
54828760 2022789
37412416 46579580
-15813079 -71474110
-75511098 -7087747
-76859026 -40392724
938997 -51514921
43588786 -86392020
55870384 -64353016
59244481 37360630
-28648788 -29832179
-79301694 93859276
47412329 63215738
-58356092 2899241
30927167 -59764707
35799364 -61445530
-25810526 -88557456
85665724 40272998
-55744202 9018536
-71787549 -81756600
52229812 -31771078
-86099747 33652126
3437790 20365900
63381634 66836237
83683682 99602531
62654447 87169365
3696362 38844318
28139805 38939660
-72324209 63910286
42650924 -93821603
-6431617 -74622213
87968575 -88771989
-32792261 85129420
-39957984 -52136672
-52937680 -99141699
74414899 80888182
35030821 33669662
19023626 -49655083
41881674 69355134
29431557 59246922
-50926141 42698686
81288429 4595363
23265771 73277568
38656896 19299360
72386185 36847243
3511080 23580210
97647243 88049384
-23714170 59030226
-78355396 45333289
85888581 74338586
-54249248 52156749
78811841 -34260904
23397435 -96832203
73066614 -60217059
-4371489 -16957954
15635326 -62105122
79747182 -40184419
39088252 -37484479
51647703 84819542
79797275 5139619
89865102 54027318
-10997319 96562564
45366548 83464812
95728169 91487528
-21970956 -44968258
60100183 -899617
-79799428 52882215
60539717 -5765673
-2256475 -24501844
97043324 -22950331
-4407258 -276295
-10743254 67345204
-57234377 62834321
39882331 7198189
-33459834 20286438
36565714 11899090
-67358871 92306855
-797080 18861279
-72768204 -48168021
9058575 45616726
226014 79673257
-64705351 -96957925
2748858 18498240
-75523358 -94848681
-46232908 -67572778
-3895534 67331563
82992136 15606781
-65031998 77559068
-12289068 -98376085
72439789 64266087
55192026 -33806430
44285598 53887584
59476570 54104626
89352796 75425756
54022645 -99174796
99452032 80591812
74395557 77706731
30349217 -69978055
-22354230 -48030280
36413233 31848554
-66321228 40663398
-94984583 70830669
69278349 -55101831
35065077 -85999724
62172316 -6082912
43278657 13300744
-6178173 81014687
-59308983 48477141
44483655 20469682
21812761 -58462836
9083758 -30248577
-6900764 37299660
-35533190 57406593
92774326 -7260884
-68633398 -74210788
-41224306 88695400
32071007 -85214699
-16859761 17430506
82124222 69607322
46871175 -57079439
39464279 16108072
-42100252 99541470
48336882 63825275
13145726 66046435
99536751 59383982
-8677124 35498881
-63640414 -57787440
-3258297 18200654
58090302 -49039221
16322183 -49706983
16205357 18826687
-60803849 15778809
-55431005 -48912955
38090170 50040888
-31704306 -69178667
29590062 53136787
59270709 -17546893
64648426 -22054622
-78427705 61405481
10125377 18370345
-80679018 -95018028
-39497567 40579584
-53312647 -97099719
17581483 53971049
-10423118 27643926
42278980 2650458
-73261475 48675857
16401901 2260917
-31325636 10630213
84490455 61093384
-8334982 -73803429
28085602 72369803
-67106912 -18489172
-43913401 -1620643
-89286578 98974788
-93771345 20328475
93671760 -12672492
-28985499 -1345631
-95156277 50265588
48790341 46435855
-43699048 -12255756
70342061 -3596447
-52027561 50449952
19839294 10251506
-49922603 3409167
-85733244 -2036940
86757983 -60203102
-74753230 -95045942
8070102 -13117508
-87792792 -42948465
74658569 49016575
-48431854 56820428
-31275860 -34293926
-37376016 -23901015
-41351760 42885619
-60886105 27484476
-16755412 85439663
-92398569 -57938304
18407542 -8649678
47705358 60597801
-39324196 -1734682
38615145 -72678437
99708480 -30865629
-83650968 -43101484
-28823437 8743325
5140282 41448670
-40098297 3973264
38139307 31714884
-34371534 -84610152
-48528195 78549968
-87090284 -88854866
-70958345 -21802198
38753481 25077877
35765033 -89608682
-19475540 -5890545
57864073 -67404136
-18540590 70479964
-60143731 -86303420
-35369365 42248015
-20092370 -74747542
73124608 -58489510
-50261128 -68907685
37706036 -58618457
-98777198 95505628
-26419701 -67567759
53177592 17502197
-68617400 -92707347
-48404376 -11248040
-2617603 41451961
61483629 31275626
-13195917 -85723441
-92045089 -50226825
-73828488 -70874540
-7073608 48603062
-75905581 -79771825
17457174 36281133
-47943972 31815998
10339051 59913104
32325456 -81958196
39755618 -98012651
-63344515 9379397
54382461 5940695
-7434091 -63749723
21876868 -39891498
-68509940 -66366231
-16416696 41710552
-41078757 -9477128
-84235292 -82476905
7752003 50903276
20920901 -7469787
-61271044 49232363
-96074031 91179650
99142766 62747142
-2726787 -43378564
23596308 69039056
-95651662 49652017
-50465904 38010789
-38636618 91692554
76213364 -90640832
-81928733 -17294327
-25212071 99976700
90369100 -71029088
-22321490 -98196433
25843217 1516001
-22910326 -96535005
31676295 -87560489
69789507 -15871378
-91016626 25082855
-13339978 88929053
84398850 86602812
-82184589 28760199
66625672 34689786
10094524 -33381519
47755732 18832212
84265750 -64425148
83044987 43174102
-7254423 -2894507
-70448488 -8634192
-52760175 65637148
-85477774 -95762283
21360361 3766712
-52838043 49618646
-82400706 -17883434
-29120906 -61330836
65681769 61374995
-87016701 84917067
-36268656 -23091861
2203780 -59640550
15144644 17853133
-72016779 25171472
-19632140 79953413
-27525677 -2992774
-2829948 -40186407
-26685716 -37738010
60533496 -73192914
-30069376 85361118
-79783851 -9640541
86700057 10186345
-69376498 88802938
9423741 -29074773
-8540141 20622897
17954587 -28668592
97910781 -85128182
-21821741 -84498965
-55444342 -53008633
-21171279 14007784
-95930542 -7940680
97391857 39344580
79043458 22144321
67107436 29234074
86666013 -54417004
78581283 96679363
63251859 -14567069
-97621843 -28135268
58021162 -16506704
57867668 -84341194
86537745 -74384185
-67865773 -81103209
57395717 -86916289
-78349423 -26021075
93906545 -97916936
-10315993 -80906362
61372813 23841775
-80050450 -53542244
-35647776 54725134
75941999 -66073169
-38163274 47503860
-87242432 -27071567
7552081 -12059853
91818193 -35233253
69132658 -27360977
-90232781 39891572
-70087607 61929413
67840819 44819879
-62526014 63584069
45479958 49018933
80106643 36235336
85819242 -5482146
-2671536 71157259
86261955 -11861115
-97367280 -13803148
-7782090 -13820088
-21264891 -49837669
-84243165 35535910
-20303004 6092107
34591633 -24525489
-46349586 87495755
-90386354 6762546
-40592746 30057018
-4033562 -20612528
43595726 87749444
14115818 72527759
92813169 -7083789
-88476913 -88145234
-24186026 24521787
10390743 -97937505
20461803 68050268
-59586445 37368667
-9429842 -43360121
-84216040 83080999
-24730126 -5580857
-70850477 32866693
85412822 86292451
-37228385 -37974119
45032668 -74220521
-5310109 -64991089
99819195 -55079753
-12858168 2567766
68514058 -75029999
-39611647 82295814
38730195 -46410736
-35753446 -73687873
-18850536 -31446980
46009700 86816590
-26394630 61812132
-22690861 5471262
-55578677 -64694514
73529624 -53576612
72254894 -48458222
-61487702 -37664919
-34437637 -86655184
-76472399 -43987846
43683048 -39732599
34788340 43641565
-40262342 -37871184
-87830535 -7297304
79403895 26008712
-6531445 27104275
-28240207 46308271
80078331 70227095
-43300178 55842246
83080853 38825522
-31448105 -10549869
-25556733 -58621813
-72485531 95244008
34664580 94275853
-5701944 -6551645
40151840 17235252
-584145 -16274532
31441158 -71475782
34647251 -90095758
-48340718 -8833516
-9980090 7348863
-19536015 27625653
-72418231 -91395554
17153024 677755
35513783 -93319533
-95387990 -10646469
-11167865 94838304
-88473516 -86535391
31946217 33031661
93407595 57363025
-66669809 -95104387
32836428 46960133
29511739 45076877
24871351 17713589
64682982 -55754062
78684265 -4782392
72306800 -99906490
56598381 78357681
85619812 66186397
21763811 -86244554
-87536694 89709234
10699925 86610710
-68785458 -1229912
-56252690 -78873177
543163 52800950
-60940354 -4167144
-88578067 664436
94333610 -18787887
-97085609 70583760
-22267424 59148194
24504432 -61012953
41091363 -41757829
83255876 99614960
-8257863 5397359
89225679 -66789664
-20540299 -8246263
60250532 26291593
-97664670 -28554585
-96941396 7151923
64934846 -39610244
22976410 -47716049
62331005 -23755277
-28708828 -61840949
83513545 80317566
30491978 50817177
-1487505 -37854123
44410701 -44522710
72586364 -86730927
7898227 79452021
92720397 23382280
-40618806 -5225552
-6598233 5829261
-13366151 67788180
80967777 -80295402
-96948192 -70715319
53483199 15464619
63307016 -7766181
-14029555 -5882977
-5017595 -15889287
25392920 78518754
-41963271 -91680465
-29018783 -40539612
-96448418 32745355
-60524442 86379517
76185240 -25854248
-60516925 51276434
93650137 80366812
40897359 -11186761
16446488 66981536
-95111065 -39914572
68509980 -23520138
-14420751 -91892661
-73081723 -92510054
49010832 62952155
-49105828 56857677
24800365 18963743
-77781202 -90970320
-95429709 -89586159
-82075224 80181273
-94633606 -53485038
-8896074 94582
29197331 -96534357
47178364 -43447585
-92083739 91477917
-79565732 12768392
6822691 18959956
-51629453 14219118
76184524 -66866865
62580784 57824452
62357426 42332263
-37893259 -293895
8706357 -64783753
10695497 -57949742
-79774721 1231654
-60036816 -14864293
-98285075 -40503505
2616084 -7607807
54378060 52536574
78283623 -30123332
30519506 19130901
-65798061 -22577078
34862216 -87284936
-52841175 76571951
-14753209 -78129436
-78982085 -73752115
-13342648 -9628254
-3293829 30936769
63353597 -14757018
47273395 97841625
9506812 -83720009
-30642983 -70236611
-83298023 -65856555
90486330 80750622
58033929 -54116158
-20878808 28854136
77364064 -58471540
42403683 22080784
-90325417 46294491
96282615 -34011506
99576577 25309348
-76274736 -12707377
68745124 7913746
-41418374 79882930
17196771 -14410510
39258107 12412076
-29236806 16571130
-45020181 8695095
-72142475 -70685995
54307541 72620776
-18391256 17458438
-19321716 -76663409
-45796093 -28214394
-67728761 84967509
-95302916 81022430
50024402 48574422
-72990144 -58662766
36641539 -53716301
-63691057 10466270
64989987 -44915503
93479160 24248480
6553081 -58177578