1990
-40023313 -93504635
44315819 -3011486
-3774814 70457899
55050151 -977115
48462223 87237122
29296199 37797113
14384888 -43439142
96573092 -34955028
-48099725 -86940761
-50455989 91062477
-19240091 -48577722
40503660 90979450
57896290 -69693934
19992056 18920928
-3682005 -18591725
-55294740 -43773047
80047091 70597520
-80088688 -24388281
63910123 72844166
58033842 -58607161
-92062605 -56391053
45150048 -61800548
69343542 -68090098
-96913724 82523242
6559019 10342212
44848936 3638229
-70930658 1735456
-43160383 3889808
-51411758 18402168
-6720416 -49256429
-36837426 10562044
18067465 -96114390
84880920 -44990678
68997316 -19603137
93348777 -59734435
-12144971 41159792
-47278469 30432862
-75935096 -26585906
86135765 -88768977
-11954021 -3728806
-39227792 7746035
59545297 34785302
30802363 46190434
-20821030 6663864
-64847455 -36680890
-16996152 24798083
-95162013 -22227524
12420989 -53459118
-34082873 -97980530
12832244 -2251408
-80137206 -38355848
44549228 28989350
69217922 -78038000
31656105 -97841175
-69716544 -99952519
39804798 -81654340
-48858668 24566426
60355373 -99612765
-59456448 -71877202
92226370 -58422834
63564922 15795358
-14496105 83721872
71819814 -91582891
-85769546 -89155106
44470246 99995245
24815995 13668869
-78969986 87738231
33043486 -94260071
-4511017 17964489
-88918739 -23024083
-1311899 84806796
-23684908 -24339661
53471174 8826929
-33214340 -39497758
-37076091 45486017
-74184816 66926169
-14242470 3057419
11565773 -80521490
64559795 23272489
22798027 -64978352
-96146751 -56979913
-22214854 -76235001
26952066 80862798
-68406278 59350499
-83181483 -4645832
-73982060 92508698
-69671221 18893524
-92712981 -47880460
-32013503 30874750
30048829 -76277818
22776932 36946580
29822409 16304285
15013669 91591135
61367782 10312488
-33970064 -21028628
10795351 50987067
-16951966 -93215738
-58845064 -77765046
61658935 -90860738
-81187428 -47298674
-95603409 24425419
-1217364 88331255
-30562311 22278854
-70325937 96962531
73830293 60076205
22565982 35612067
51506181 -91599464
-77242182 5977226
-66800081 -82781686
92534770 -70668525
-45619776 95596965
61811010 82722140
-45884415 48192234
-65409426 -64304372
-42593266 -2085438
53885290 3573983
74664611 69453296
45581729 -27291332
-45916188 16218014
-64881624 44712426
-43119010 36938263
-3235063 93127262
34430906 49257763
-45725300 -40067469
-64607930 96197379
-82091706 -13143692
58662909 -82025638
-5690008 -95427272
-63654591 -96277054
75469248 70918246
-53938525 -5538197
27403382 -34859356
43091151 1239021
-84026156 -94711418
-5205343 -74761407
4803473 16504376
-76999208 -87479023
23907177 -39444662
75024817 70722611
88625583 -48518575
-19240826 23404977
37028447 -41868400
44272652 43897618
96487153 53377499
62256866 -5937295
-30520823 -22860138
1950563 -56084272
73120251 14646147
40220399 -3277995
-9787819 -90192125
67469325 -65692422
7466953 -48556711
75177579 -80073807
-20962130 730129
99605130 -33985131
14166162 63885482
80145270 -48088657
-77504825 66925629
7289993 -25632382
-30630527 80391614
86723096 12407231
-2659130 28395010
-9069173 -47725309
-83553894 -1679831
-60703757 44793948
99919357 -15713416
98731645 45532361
-15449752 -49467457
-78607532 -23217763
60044426 -56019630
77989928 -89258214
-80205138 69881558
-81259462 41822769
-28426212 31388410
26690315 41826379
41531389 58729990
-90338726 35470656
93997334 -4114573
47836261 -53750172
25462849 -89658116
-37121896 81487991
-28287623 64409883
-79079842 -44193260
-12884688 -73835280
-84810753 83239637
-42498894 -14527475
-82240744 -28551614
-14045971 59062824
-6657003 -33636032
73427936 -71491206
-68174983 -45000304
-21034125 53723236
-73878328 90313288
89692745 -95199975
88618306 23507593
93304675 -29712783
-27088335 87070758
-12507996 46467008
-37518796 40659000
-3428504 -92213595
64885326 -90635138
-35690582 61175601
74498979 13360937
-97965387 38237932
59205163 36914771
32227422 -37202560
65399266 6012426
96110435 28022172
-90636617 -12179774
-4461221 -92967330
35767672 -70044179
-54778186 87002549
-93461503 -42196029
-69238284 -99927622
-13837936 37633961
-76316394 -78066671
26167086 -60240489
24423715 -58130096
-7584996 30411561
28183588 54426606
-15281793 -66106391
-71354862 33437917
60670562 -84761641
-49372774 -15548576
-93414026 -48038666
21782831 19869141
-55435308 92549365
-13265379 -92800996
-54667437 92978267
32466197 92447912
-86014160 -88987275
-9974906 -51429525
-92743781 94199681
76718101 -69413843
-40846105 -54389745
3631282 86852021
42565034 -46376229
97677570 99920392
75218248 -24031145
-21409870 64382554
-57515839 94875039
-23880659 -52965728
91928670 -52748534
-37632043 10510629
15247926 75382421
-46771755 44085498
-66095144 -46032213
49811009 7148055
-6955177 -76074203
76849743 84116600
99139124 -93157018
92412514 5158248
7701062 -31234032
48536528 -76958998
-47944208 -53744087
49650350 75496699
68981602 15583898
-14352648 -96375874
39240703 -25821884
60849469 -50618944
-23381014 -75534071
-83557740 -21799832
76090909 5308697
-71945442 -38373748
-43006878 7111134
70334015 -7978135
-57853540 11049478
-5967354 96624486
21645017 -44654315
-6214964 18131368
49370133 -32570938
-27965653 47201896
59082626 52608781
50889871 53253866
-62720681 -45246783
-13396568 -80693889
-19828496 -62806285
-80650327 42506878
-44478931 59008625
8514380 17243931
-35214388 91789561
99657687 -31406981
72988326 4065957
30793913 99581381
61621197 64949865
66250274 -9678102
276120 -124870
-46909771 -3681196
81762428 19256898
-73853767 -26414661
-34421663 -53873366
-71623440 91633811
-36601049 -48377795
70177042 -52735165
35508484 -14664535
32591845 -44907551
-16465218 -47935184
42416999 -32564433
13544733 16211764
-31125019 84627399
-61278500 -8631218
-49857097 32418561
12366731 -35975246
-99762 -40326874
-51174397 82387716
33896947 81085226
39715675 -43892909
-11569453 -82947405
32725268 -72986718
554868 33692206
15575484 98077102
-81181922 -81188306
20019052 -20277110
-25505845 21405569
-32933137 2386655
-12134909 804603
55994135 -48840492
34542490 51444124
65390596 31200125
-16142701 33274310
-71925304 -25408694
89803297 86124665
63060936 41400453
55553326 49669273
34084753 -77839510
70760679 -749014
-6999069 99833580
-56040916 89077643
-65428832 -89463043
-24339673 -75326981
-2485994 28688030
-835924 -19023913
-10191196 12364709
-48396511 -99599392
-89205014 -62260796
31574566 52896507
-50441118 44400530
47656595 -30236674
-44106212 -48997116
69473460 -85079884
-66969120 -69429043
-65836236 5676225
-38253103 97230904
-52588184 52221438
21262158 -6589872
-99236348 -45489490
-28481587 -5639239
-81803951 -74075169
-69491490 13354466
-16312466 125865
57994504 47985840
-75671454 -96946308
-76587261 50677206
3543559 -11826272
89373821 96936784
-77275636 -49909631
61495952 94994336
19643353 65001659
-17271930 -40686514
-1445488 85415238
98979273 -94728459
-61945743 -45299999
30350788 -83924297
-80618111 21139977
-12405015 31799652
19361602 93170372
5453804 -34265565
-37538375 2620575
-15261438 15873571
39807448 -21380900
51216938 -73858375
-12509098 23895990
12365254 58065407
70876947 -88343475
84081815 27377170
-29401642 -66981984
-41280410 -30100908
-46475576 -86615216
76817162 -63860816
-58401441 -83128931
77359236 36389657
-56551324 12006943
43753130 -17885341
53771636 59095020
-21800497 69387869
-89574078 61198153
97457392 48609368
38947887 10589616
-719057 93274590
53914899 -37660540
81117561 92149187
40472903 27338543
-28890477 23135551
-32348607 43426984
80470023 62109815
5868573 -59755892
2910572 -52901852
72191682 -20469001
40673181 73636608
-29812347 92482867
16656677 -45812108
48044446 80385619
-31200514 -76969919
90473468 59507056
-2800388 28748245
55858898 -72625450
-91873402 34506414
77483893 -24946143
-18313053 -17968683
15894311 59271406
39689610 11935725
-82514747 -76710133
-96812029 26160043
-65417917 60132608
71122935 99699435
-75604557 56684450
-56707326 -84531674
17828847 -26098885
-89160131 -95944302
-34327730 98381501
59610100 79917856
29364281 -29762820
2399057 -39645963
-48789809 -24380924
30170377 50030340
-99079305 -42704189
19074844 -2122203
-50524321 -5419003
-29387050 25577812
-64618547 -62912938
46516484 -95973379
95328805 69400249
-74529485 86140825
-56728214 -26360164
59874832 -24065824
17147213 43840697
27836097 67919552
-54324056 43426432
29017534 -73391865
-63041545 88202251
94724966 -1838230
69189665 -79467603
63550544 -46159731
31966493 -70910095
-95569675 -46062610
52891632 -69618704
-32829516 -36154747
-39496959 -61101813
-79098215 89246145
-52358853 -53316217
-92585438 57812770
72655694 -13411853
12036764 -18542921
45506767 41259537
67212790 3562241
1190434 92409921
9888285 71924541
-4571297 45655989
-98127336 -13581937
24238010 -67900864
-26991664 34327983
-73862640 32158445
-22452049 -43260509
60410269 -85942586
67460971 -46366649
-34309116 -8793049
-43203340 29005414
65645519 56257713
94488504 35811183
-9269870 -17262531
-76251454 -77300510
-31641546 59892193
-5264406 -32901752
-69991354 64487908
-2692021 92169165
7779363 -80751620
-98594086 -70802499
39891440 -50299343
44807444 -20018454
53677797 52726342
10094345 81150093
-7178312 20783202
-11951556 -80154895
-82016442 39825989
87050122 63555543
78330602 -60831450
-55566419 -75036424
68764921 41930586
37929713 -91229899
74002275 -50830953
3165238 -77597710
14391468 -543260
-36478886 14728393
-84467748 61707893
-7427431 80471861
58993805 -70819655
-98952180 -49087025
-91784874 -16243594
18189794 -23434199
40748 -86408999
-70225625 19549562
-37737398 -39014823
6387506 50161632
31904819 91718422
9089447 -61090087
-5620491 -50890027
56060930 -72688440
-19021737 -66504552
-92717772 -19477784
17898485 40801776
-39878 46212456
56903641 -569473
93544647 -36327070
14916971 -90019488
97279933 73629093
-64464915 -56562867
-13362962 43455846
50604255 87930530
69807451 -18084424
-23714318 -41035166
45182852 -47899571
-73431651 31385847
-79603123 -96032681
-61609565 -20017607
24611366 77113184
59901443 -95590835
64202557 -42278603
56891901 14062195
18193019 16891796
-30652552 32883697
98269333 -38190741
58282575 43676111
57547964 9024960
-52460284 48017671
-30114216 -20348922
79589912 -9939180
88757952 -20932303
-80160804 77076679
32656580 16645024
32330967 -57454002
-13311743 -86671537
20433332 97025887
8739014 -25519352
85779220 70798622
-6894650 68236027
30461906 16724808
44941510 2349512
-59139534 45772187
38858297 3409753
-73292755 33489736
16266095 26242902
96352375 -60875191
24656031 -98707619
93583157 19678793
60263211 67626518
89033130 -19402108
-42789545 62182072
97664206 60228632
-55505598 31978663
-1599793 -59915476
77140142 10660503
-71479692 -55228172
75897986 -12810579
-19448011 69587305
-93481435 -78262583
-21792964 21253325
5724653 6997062
-38290816 -42600072
29651191 8033125
39044447 44779149
-20878411 -83814472
50261649 -3248631
-7564712 -16949239
-21379105 -76353688
-47541252 -75516649
-51436655 97170871
-15593301 -66791764
35366917 98584243
16792041 -17801506
43455816 -43115569
-94916410 29982241
41339423 -48822593
-19964358 -39028942
-30894501 -64800735
-41156386 62253220
-84786774 -76573145
49273014 -64706673
70885718 45255331
-58674666 -12331394
56906820 87390585
-91250910 81250445
81296687 61808427
-50088819 96086953
49996625 33432044
-23436028 -97598917
18194957 90546794
-43262472 13895098
75788238 -28956930
51752908 72374659
70369414 -41587228
2670568 63380031
82097741 78931583
-64976678 -76781674
-42785781 97938462
69765890 -81008194
21409261 -96690207
69172275 5700592
77585510 58175740
-71384916 -80318296
-55326430 -82036421
34410525 46843182
73126503 36803282
71773069 -51392416
70183496 33629930
-29913305 37321909
70202155 3473784
95769303 11532999
18091435 88695343
94707785 -84045777
-62933613 25780874
98974348 -73089322
-88057747 92641365
38934091 -63818494
-80869872 -7504237
-76486514 57932792
-92458332 -98742223
-93173645 71478602
67109156 -84521732
-65563701 85129314
39791766 81920458
27272269 42842193
-18395280 -43061817
-20275903 48808773
68691340 83886801
-34757970 -36771984
44744948 96753306
-68298887 -80032623
1577745 -59974807
57209296 -96067437
98202516 38475520
-25719966 11509438
48133370 51148603
94318885 26019220
55682401 -1094079
8735683 47795227
-89722267 -9166362
-48065437 6414669
-64171243 -66383358
-99834951 43988168
-94884909 19747765
57267722 -12078660
33052800 -83221093
77253929 -75728950
-38648627 70546179
48703297 -45071462
-18654498 -40145243
43739994 5232322
72870545 -53566322
-13641611 -96629357
4528032 78149870
-30425777 -11757735
40195698 -22414301
-83540644 -58420177
8594966 74693956
-78814234 57641536
-51781809 -42879956
-8625873 98650951
65652056 1065423
-52860077 51657125
-87950774 -10609799
81075099 17561605
-24352006 65016422
-70659866 -54816048
-83915081 65874060
-19750319 17717919
60427468 -76645626
-73308556 21760647
32253484 14229977
-36055623 -16621712
70298543 23545533
-92307979 -26185529
65019661 18001815
71414223 -11550695
-91057408 64391672
55928877 -57839106
-80882803 8211341
33580608 -88914445
44455639 -58060514
-77240503 -77006516
-21408781 -20940538
-8892307 30155413
-34288605 -41669224
-72402896 45693404
46797094 25613469
46399672 -37329990
78356353 15489939
-46425759 -39892323
-36929772 69427652
-77219794 46001656
-29936325 -31721336
-98195679 55001709
-10919469 -55821992
-7226061 -32700052
-27057291 -305302
-58141773 -90480436
-56383346 -21295336
12334355 49597419
-23789728 -70369267
45936046 44603201
-1731549 22040377
80266887 -63031704
-71244241 -56808104
-8086211 82565833
-77089609 -31047784
43534763 -88273900
-60552182 -59530125
91232590 63068035
-73455439 -74778854
-31870534 -2596418
95942167 88661734
40963646 93361666
-2418116 -64062389
-72707158 46984751
38776235 -24902618
29069152 91875028
99234460 41179804
89289865 65747089
3754554 -28073503
-69487553 28189652
-77372268 -64229163
99745215 41676661
34843238 -47353239
-39520949 38520866
-55986237 92414415
61876165 -97744647
-49597182 -61664393
27372861 -3982781
10808648 -48616673
30169932 76333480
96829423 -23488542
73678744 49857517
77323695 30750092
81508216 96983050
14707720 -59440666
29578078 62780560
31055741 -31639975
76962843 2882569
78108688 -2036979
36849625 -20826205
37025492 -55518354
36005532 -37947364
-32002480 -6369888
-17947663 -76847599
75737632 96697232
28928189 -70448621
770233 39536847
72006150 70463076
-68340356 -13603647
-79659188 -48474281
-13304896 -62803800
-78192123 97389445
-52577926 78030242
1708778 43982740
-57729264 47271366
43410176 -10943514
51027687 3959836
-45111645 -82601651
-40879918 70476407
54666218 -45752412
26895343 10296298
99058675 -90501866
-23402085 -91897199
37137076 75825589
-9592747 27643419
-11535357 67693586
-14098045 -45479370
69935909 -75953023
83493823 -10585698
31231677 26782248
84666693 -25353686
-72307048 75600947
19584861 -48706908
-10789625 93205848
26967759 -43095394
-55338623 70047904
-76240780 20404089
-88310457 41505152
-76081358 -79456302
61288071 51884375
-20034387 -73944027
-68604052 -2946917
-67910226 91310561
-90358743 644609
-51486926 -74949273
-88448376 -29264940
-74103098 -6512713
33184797 99660594
10776854 -49969503
-46095619 91174835
19003071 -54182536
21807421 85164478
13325036 -69930825
21920533 -50870229
83220716 -20325157
-42111266 -34740923
-59445958 51997710
97208007 -56025292
84386112 85946307
-70434809 -6959001
-9267678 84397854
19243738 -13160765
69212888 -3862984
95498512 88142762
-98662770 -58979244
64396579 -21880880
-36849344 52158248
-37010234 23499073
-52446201 34829400
-64150017 57948354
1987625 19004899
59482710 -24038037
-63985372 -56598683
-3446158 -37230144
29579896 -83416170
-21997870 42506111
18282439 -84342267
81218157 -18490199
59986024 97356086
49082921 57520746
81091563 -47495347
-90524246 44571293
-61242847 51079650
64027586 -69278332
-37974551 53372876
93869379 78041877
35218878 -94312406
24872814 -18864892
82157767 87749493
39690001 -64844429
41404223 70239851
86853493 -27749487
-96574941 12582426
62487055 -1799315
1761616 25611986
-72916433 31150987
39500000 96307600
-29388103 -73018282
-79499674 56193251
-19843776 -56681026
-78756615 90844825
-31765236 -18077932
67236645 -3324070
-12942720 33797981
-88082553 -64863104
58931464 41879697
2717369 -21813040
49124874 -69291593
13848512 44337428
75531136 93419960
22103693 73285049
94915080 -61035124
-54705566 59144579
42813897 -55151080
-71485277 -89950870
-11834837 10134903
-50345096 41295681
3064663 -82438591
63877232 7447366
81493903 -7053712
78881226 51412649
-92588487 51949745
46353346 39751434
68746851 -17038470
-26035603 -5731575
95924262 30377690
-68750388 50034417
1778052 -9506029
-42177812 -41441889
-31956219 -97205091
-45121652 -31878618
70532360 66103755
14523535 6055896
47488621 -62650150
-24475339 -86213838
-17372561 -33524922
96593004 61431411
23141833 -98370499
-63662218 36234060
62873287 -93951903
17322527 16271752
-95068864 -90996676
26218759 -62311345
-99508927 58120236
-81552703 -77540915
-3671008 61922070
-7395146 -46289404
32914959 46419246
-83660379 76700424
-18109669 -9709418
-88242680 84945886
28819693 -71953593
-39784002 7221386
50938114 25273078
15114591 63074727
24461583 2856336
-81926344 25572605
28596895 -81656371
-61941691 -34558714
53365033 61510094
-62622138 40380051
-89530993 -35641880
-86554418 59366277
53701836 9592381
-36674129 92682773
54745521 1972883
-56606571 -72622233
-4905894 -4069602
-89008067 -74523637
-99895966 -75395877
-90707358 -79691705
37330442 87716025
-11328272 -48934665
-57223015 -10950297
-8340036 -86289183
-67107649 6217426
94485487 -44565328
-60840911 -40674301
19706663 -44493317
88460082 64379936
37331592 8213198
-45847619 -25846206
71116855 -55599776
-69174704 -42755648
82079521 -2998341
-1108056 13304662
-88616269 -51581474
-63953886 -34289767
13675325 -63494828
-45812774 29333344
-20487270 -53264252
91063273 49685389
-8093881 90044895
-63945674 -22987987
-58465337 208031
-68463564 -92066714
69681630 88796723
33615886 -98355740
41902977 50733428
90878457 54179713
-68881370 68142851
-80348231 -30502533
-76826899 -49026253
36426390 38745822
24980291 71018946
64468554 -74216576
-11370704 -20123414
69117986 -97063887
-3890596 -84213955
-88319107 43229588
21268773 92116303
-86867672 42668656
-33183970 -18199333
-83545869 -44550764
11978940 66395343
70604888 -12892284
-82391484 -71555376
-53948856 58220548
14291678 -50675658
-15981994 38241706
34277793 14472323
-75269932 44740467
57857249 17876408
-77784328 -27958267
62997175 65658446
43044498 -20207070
-60079758 97033293
12575952 -17479068
-88704624 -51074923
-16681254 -42647467
70620971 -85205274
6792273 41060925
58992998 20670668
-8862345 -36924712
40074912 -25661266
44986122 58331985
-65206042 39730200
-11439785 -91688110
19910853 -86559188
55693641 -28066522
53465786 85500279
48838272 -36528755
87428945 -5547701
-20441631 24526608
-64571022 -14260333
-1213926 -80538936
-42527951 52204305
40162565 -66854694
51634539 -19815838
-86401121 44278072
-19647831 -74214452
-90695580 -70125384
5890312 -69179180
-32442057 -81798240
-14469893 29033942
-57279798 47393747
19245362 -94350663
-49633414 96175973
-39710138 38015415
54136981 10785635
-54909335 9862284
46141111 -58740685
68902326 65505716
-93395143 -10317382
-76789899 -80188726
-13855345 -74978890
-72243502 -20128895
-89161628 53306487
9777906 -955573
2136066 -28004934
-90667230 -55927426
29654126 -19866193
58716716 -80141747
92750801 61219505
58316657 -21756573
-2666253 -9032980
-11323245 63058950
-88617391 -29372121
40744994 -52353909
-30871133 40615679
-19452485 88364440
44302207 -34389643
7740960 -40324862
-12761290 86392434
-50520154 20041344
-28590162 -85809409
66246680 -84621245
55040900 -2263024
-81803183 -81606898
22294638 9944281
2406281 77350526
66206635 83282568
-17094709 -35159476
85116665 89489087
-47682011 -3614434
8749755 90274643
5958017 -2903408
60179186 -8213192
-21717212 78265421
-83178472 -41692754
-61316872 52949908
52591474 -14979732
-91005003 81395106
67731640 33387847
32664765 -22338639
31495726 -92076713
-13999200 -50248069
23954431 -69738914
-7812488 -88771302
50251153 33220351
-56613622 39078549
19229084 60751688
11804015 33932481
-45313672 -39857651
70037836 61159406
45216137 86578479
-35258893 -35640177
-24474029 80204107
-54824185 -98552051
82451815 -83957602
29030702 36607158
-58193798 -22717271
-35346455 8432798
-37023276 71486251
87317446 49471664
-75500826 -30076313
-39855482 79750597
99943087 -35634046
42866917 26850648
-42795113 -25323061
-71994787 -57909622
64205617 12642745
-27379040 -13256215
41120500 -59279766
27978576 -76254573
22436500 -2377842
58495000 82649884
-63119863 77143496
-61964663 67532760
56939186 37279434
39934331 32518135
71879280 94327373
31213325 4751334
-54757159 -935849
-41241931 32247784
-52001589 -66558601
60389344 11336050
9180889 61389058
98712359 59193223
-63023743 -95507726
82943654 75315935
-70003417 -5855609
-53189628 81100698
67149254 -84600570
2928177 -82091379
-83290550 -20508452
51023083 85366241
-44353134 -87563755
-83683573 31174722
79979121 35621169
-15384058 31907163
-66673593 -57258581
-27462124 -97578174
-72091403 90170678
41020140 28450452
-38161306 -54160647
22143736 -39804638
-77731259 25035656
-43525096 14463228
52540397 46936526
-51013741 -61559029
98130438 5795741
-90200419 45086648
-67997771 -37064281
-30126741 -66369009
24346217 77818837
95870246 5916772
90550124 -82203068
16166242 -83726116
99459459 -71135165
10409887 74908749
19755078 32188977
-13610370 -42907739
4120376 87493182
-98227684 -37829902
-93820403 -70282391
-11095247 27304906
50229498 57457972
48718159 94281101
26827746 56554775
34962523 -33129555
13960564 -22495838
-98184985 84990503
23762591 69443782
59868034 -3131130
-19834300 -15762660
61896628 -43769429
-5440031 -56951914
-96296386 2128853
48060655 68240019
79425252 -68838428
34415539 -818707
50491486 76704174
80050383 -19797823
41616123 50785517
-17227544 22626378
52557856 -48409735
-55078280 89728131
-34050136 39187784
32060138 76935460
12813432 15772468
49397250 -43107391
-91392601 17261354
-67091275 -22253479
-11416107 -47379495
87021765 47435489
-8637731 -37515628
-35787046 74646701
-15974732 -4935442
76686877 8016137
52700412 -28065266
-5615942 28326793
18918832 -9673080
-87321508 -55492675
-59771631 37250944
-79119539 -52203069
14402378 76982885
8185150 95603036
35988324 -58980825
25494372 -94407465
49802638 -12391078
-40311831 -89221611
-78346232 -24730174
-75256141 -85415931
-45679654 45210008
-67821927 -78046711
-26403915 -97694866
-90804367 -92556177
3548692 27466510
2377230 55680079
15588454 57154413
-4910281 74170361
-63511292 -56570116
-30355006 5196126
-95641675 -72931191
72644203 -27386302
-96589222 76326291
75775505 69518179
-13517899 -4837734
64012173 -20576388
-49221260 -34446540
67880734 -643200
77372927 33687429
-53228652 -6629082
16643568 -60729781
76412581 28885285
-72993019 -84747042
39476966 -97898447
46526310 91142973
-78972123 -4796148
-23839548 80434476
88006274 43004799
68146324 35772668
-41334167 -4631366
22145513 2327333
-33977925 13973198
-27276702 92471464
81516297 79051944
-11174886 -87425304
92066459 -56809269
63977959 32148572
59395011 -51055743
23513755 24449690
-84824700 4967305
80244192 10238745
41646182 14256816
24606919 -77150205
-5309584 -43811221
-58488592 -7836048
-57418437 34142921
-38464736 39046141
-67463947 -4863739
54896261 52656485
-28440206 -91783000
33117047 5160672
-81837654 58905116
26758127 65577230
-45459928 32486789
-18387100 76720825
-93074876 -45894773
-62971522 -15399243
94118317 -62703268
-43114189 70616980
-30790699 -35424700
80075211 -68577396
-35809884 82627724
95973387 -69764313
-75310892 -23238323
73285727 -67529723
84279635 -74987464
69490552 -42506230
-94861802 82680172
68519046 -23477007
65918943 -47099185
43757122 -89653417
-84834106 61056641
43534596 -14859856
32236280 -57728112
43939600 55218900
30248007 -32203233
38992983 -54465333
1738313 -32022656
81538106 15204081
80679209 92714429
-75388096 40107064
-2824162 81646509
12053079 -33788584
-49953399 -13818783
-12510102 13128379
-96916423 -92945918
67346215 -38108445
72399696 71661357
42337875 -60582742
-82277920 -89890916
13468257 42484247
43345842 -2539906
87530823 -34041134
-17896728 54791415
67030357 34925318
71491563 -29814258
-43670908 36327718
36171517 2828031
-59325546 21897235
-20590901 -75787352
-89978990 -79126294
-90306635 95951850
-5258937 -18575880
70860127 88517722
-87054793 49063367
6265730 13813262
67303604 -88746423
58990604 -48610044
53610206 -71598589
26942971 -27161649
16726318 -7992583
9156452 46518541
-72661131 -8061729
86553460 -81094842
-81914261 78471996
-90132906 -63187641
-89230445 22885154
-20450882 -56515527
67040302 73073522
-3331952 64729350
-59678028 -45978496
52872824 -60086260
-13168950 35261450
95826112 -43463466
33311920 16297774
64147029 91242709
-61648843 70502278
-4542666 -69153064
-54650923 27601438
-91179770 -66618461
20899662 93216736
-85960506 10263053
-65020548 6459341
3011901 -43408296
-96202744 -84355475
16890613 91143313
-53042746 89582689
90531086 -49938510
4706903 16870449
-1129858 41497122
-37077054 91716251
-93492099 -49106685
-84095760 -60829561
639608 -28403010
-59653544 86050798
67755750 -74490208
50333360 89077039
-58440912 95628229
99524277 -4355344
47459895 -21748759
58757082 47466452
56993651 62239240
40911818 75783183
-53033210 -22040974
94193832 57544481
79780610 32314226
37503285 -6817291
-27750997 -25436972
76877662 20615636
22532219 -80885681
-68836124 -96202665
-73537716 84932263
43105138 -45213140
54741065 -94659383
-66665388 -27012303
19153457 -35915407
-44362993 28257752
-12802638 -47045989
-86983251 -96706334
64916494 -26479219
-11488579 78468066
48566486 33704789
-60008516 -71324478
57319780 43253564
69387883 98238896
-35091631 -92725084
-72208515 -60948345
-29605929 42117569
39201399 85698515
68747732 -70600551
555317 6827293
-48936570 29310346
-8517724 91439966
98300537 -33861380
-82202669 70150529
40357752 63230532
4753431 -9968476
-32405687 -57349536
-9044072 35186405
-39405935 33177545
-4832260 -92797342
-66124305 65437456
70441582 82689765
-16401869 -8407477
-73340898 37553360
-18123741 68176079
87311557 -86349203
-50710027 41450759
-33929720 -96336429
-40176657 -72184906
-58877378 52198803
-48156263 -63097697
-58591213 -62038049
-91174739 42386290
-45764600 8628646
8901624 17259726
18578649 14167309
-11961474 91332048
-58422827 -73570133
-58777391 -2777717
75446999 89851915
94604380 -46007975
73849930 -6245102
20860673 59558307
-1618770 4021664
-28684798 -6971821
-28928902 -95753670
-33146611 70469990
56991534 -63124007
93711574 55250207
71244146 -50342398
-74192083 10841115
13357406 1239118
-76876060 29781358
82507218 -80203993
-82361855 12748258
96002875 -12139580
-45386189 -53984026
-85426876 -2012645
49983218 -11640859
14041820 85390921
78252327 97165562
-96155859 -81897470
25838728 63068290
-898437 -80539902
23926599 -59994205
79016613 -35984586
-74894088 -10022966
-55233907 81283908
-2316274 26801860
30926858 -83534714
-17719720 -20658458
94589080 50912985
46997442 24979521
-9246537 21106507
96649723 -66774911
74200066 -29782248
7899363 -32524890
-8193214 98220870
7950700 72937054
9206308 -4820303
39053430 22577444
-1770129 -96318723
84991069 88797431
-93364064 76138942
-38683697 40219965
21711163 -99312886
82614426 -54847293
-19840869 -93593355
21845849 64253933
-93346157 -16030755
-36827996 -79568576
-44402468 -18198967
-53412249 -32631066
-96226937 64029607
-54709931 17219201
-94225887 -54257904
-65444525 38660386
-31670024 17891465
43877427 -23785796
55528680 -52627189
19983205 10854895
41252203 64530103
-6659651 -42174712
-94382377 6825563
58232252 -51258586
29141012 42336745
16606144 20589125
97236343 88538519
16883328 -7505613
1885270 14520705
35626455 24661911
-50913876 -52056259
-91943743 -61055809
-23480478 -53058877
61827592 88503364
2777919 56065097
27303255 83903601
43699015 12471749
21826772 -39120157
-92437266 -59444090
-21245200 52968036
-81256432 -55453906
91860228 -52912469
28425483 28216377
-27343142 35161806
-26953655 -68431321
54296050 1188017
97862645 -19813322
27985294 57234486
51278817 -75765119
-32955875 33855535
-12715890 -95721015
96862241 21728822
94525901 -24782206
6995826 96640941
99572057 47921955
-20704992 -73555413
-22382419 90991336
42317365 97659604
38272721 71043124
48693245 8628423
31325272 -59510652
48787652 21856447
68054192 -56017576
98986237 -95732400
-33518193 633054
-50819901 88400105
-71717790 58268461
37799061 22194725
-96075486 18322074
-48735334 -28918520
18321219 48442514
-72241470 62696621
71896978 -74973728
97300851 -31089129
2387520 12754689
-93861863 91032699
-83856179 -83606489
-6062978 -82092097
14624255 -75174152
-17766605 -740177
26905754 -45130967
95416985 -18031789
-83431075 19144723
-49681441 38541634
-62873478 44611489
-69516515 60439020
39339343 16257179
54915192 711587
92418605 43120821
-52421792 -89355860
4384425 28571009
-66222219 88951924
-44577291 -64317192
38538824 -4767682
96716465 82159302
-49218353 24107530
-44449689 -81756459
73716981 -12614501
-44778550 5828793
-83654357 10125844
71615936 73597612
47706700 -7853619
-23510256 -24156972
-41465015 37620790
61611952 81378373
-88750820 -74702509
-71640539 85088609
-55199007 -16324722
-39920996 -72309298
-62639193 62024391
54056570 -52825757
-1540321 -416316
-89313060 -35081648
-86807131 -82356054
76976456 91136138
93339451 8446090
-56615824 -99054150
22011950 -22685070
42372636 98915147
-13853905 -37318403
9684884 57927993
-82448892 -67672788
3218426 52987282
73749612 12894441
51950434 54376792
-66311842 -84288700
11734130 33894383
-66501755 -99721277
40285 77860456
-98544038 31991464
58797089 -7543994
-52111177 -21347863
36663030 95338410
58997625 -76795069
-66645060 -71999040
40514289 86400961
-18493862 -66069900
29450293 74021913
76010494 -93196723
33665955 -19936647
75729692 58292909
-18080491 35031118
25064755 75241210
-14275252 -25266253
21643374 -70581627
52240950 8942654
60370975 61198131
-82994149 85223200
11406659 -43059107
84604397 -13172167
-27819188 -54516868
80548393 37945164
-93940330 -25243818
-16148492 48004888
-78965348 82638501
76470808 -15937096
-33852018 32844816
3945105 79364688
-40144554 30086974
91469436 -75835784
-79025200 95254867
-73440363 -10078235
64188895 -48357497
-34472866 -26399789
57447420 48847055
79040273 -24632273
-24080175 -24300393
70716372 -7080053
45642894 -26573326
-95228807 -46001088
78946796 77585649
36015259 -44577006
30715544 -59575551
-57698332 68765146
-67417833 -73948396
98421255 -20703489
-38637008 -6681948
51356384 -15476256
-90982710 47313817
-58968794 40380580
-62575899 75968316
-95133928 -63999175
-30971572 -24539206
-56313099 49305973
74028640 89961101
44890358 -46169042
96055288 59093606
11269143 -63692752
-49863633 7828020
93015105 -4661304
-85524574 -61657209
40120544 -24597708
-78622030 -67004038
-76135012 -30490058
-64002224 -5745895
-18084891 26149380
-65793643 -18047238
23838864 -94358390
-77910108 22054000
-7953254 46516885
-35418187 -64443280
-8643677 -43879930
88939728 20811165
-10395519 -14804670
26822205 66857885
23888793 -62144076
-69907349 -20809191
-38706153 64356908
-73028285 -28475436
-21406508 -71704309
8720130 -74941528
-41442970 -83795943
87802107 3913597
65252012 18909766
85369170 -93204565
15851373 78902570
-26197870 38800956
48940819 -5584914
67304959 -85933232
79573 54528944
93674077 47757198
-39291623 -85262231
76494726 54574258
-25445578 -15351742
-65880201 50098087
-98246260 -65144949
11987790 -41097906
-80684048 13261944
-71328104 -4500124
40084615 -71331914
66812080 84415469
36456686 7435778
55947789 -51376900
70998126 30314746
-92678109 -5009831
-72994959 -59318555
66981719 53683024
-57257421 -22807460
-43940672 24105819
-76339866 -7081178
41833410 11657855
79103386 18364796
-65676963 15872997
75630982 -60812474
46531324 -55942841
-63796150 37809649
50139492 46842230
-74362601 -49254247
47921592 76345684
-45612712 -42527627
-97675312 -82911793
96473553 -11533865
11908456 -19351999
-30951313 21592038
-4349754 -7020157
41557362 -26126180
12709613 -56976550
61406046 77653558
-50064346 -70596761
54752389 -42634522
-91780827 17518485
91904553 85569205
76905580 -89504504
66056689 52157606
69799006 -89599707
-55081419 70134187
32476704 -49846435
38540001 -28704997
-70382831 -55980622
-18183452 -53963895
48886312 -4620880
28729828 -36884373
10118896 -15329957
-46476786 -68249799
24053011 -81358780
-35282737 -91686377
60726349 -97956028
78352102 68242336
-48181903 88371632
-8206595 45214269
6024948 -63450619
-13366861 -13727671
77544590 -70100815
53982834 -54988292
27795121 -57247357
-20557122 -66465050
66341295 -54883497
-54516519 41946536
-23205041 -84539926
-33880371 9162123
21751015 31782541
-21734984 -73964872
38010455 11984055
15082478 -27865234
24803858 66639181
79356128 21063917
-56149531 41193233
-59991129 58083637
45954379 68144969
-9420155 -24956479
93669854 87233951
46868448 -95115631
-39470181 53623473
52372247 -69985957
88463821 82544268
-87162807 -6601889
-12241935 21776373
54857227 48105337
27737043 -20454996
34652971 56372892
71172610 63609088
86511722 18157446
95153851 -30144313
-34533385 -25711556
-60763773 52772217
95418611 -50375551
-68001064 -39180253
14280520 56205484
89221993 70519085
-211094 7615965
50581067 49520846
94180136 -68965834
66709297 92350327
-42161221 -32739737
71433292 57025434
-42467630 -5439299
83385465 -86298266
89297237 -13413390
-61447827 -10459573
88213967 -95784187
-84337697 -96091810
1585786 69024099
54541887 52719148
53223521 -46574849
88889571 41867566
-65480393 47604961
-28270647 -78688959
27920118 88630754
60125630 7943330
30815130 7953017
32217374 40708340
17492445 -67566099
-2783369 43569279
91640230 85849049
43916417 -82631610
97197654 -19026008
57030247 -25131335
60353864 -18404300
36467694 14848894
-68728684 -18420174
18050795 -16021558
66154563 -7593653
-26884885 -35539317
-95857120 71226569
-62054056 -99528744
92983875 62140792
-81227630 -60773634
-95041614 -24840577
-95003870 99999387
20424647 -86376245
66153668 -14727209
46519846 -39728678
5794040 -48701708
35241922 19642890
31693700 -36183961
-74724455 3363560
87737779 -66417874
-61579289 -20453488
49561882 87723740
7571343 -79139015
-70608169 -91546402
-5962276 35652160
-69749269 42385874
-35102066 57393723
33442175 92806386
-87358486 81706532
-68200857 55536249
-33205304 -11148978
35536812 -48889409
-13786153 -83319776
-51919356 -58182470
18283153 67181945
-54904086 96828925
3319137 72672867
81345718 -17512416
36039785 -84074967
77796393 98529216
31325641 41018255
-65039108 -4731742
34435771 73878917
-91084646 65036296
97340097 -27016092
46908466 55637507
-56900313 68337594
-24657747 27317651
-83239657 93975265
42633406 42783956
16829335 98235193
36386345 89051124
-81390528 38112842
8943326 -44617543
-14736406 -40374383
24097540 -36666904
21197381 -56152707
31713297 -38326761
-79381036 -28029293
90959046 -17504103
38841893 -74904668
-39175226 87412451
78002818 23323554
86998809 43809057
-16391168 95245993
88983779 19917038
221817 -88047141
90933416 78722040
3515082 86307345
78098670 -2099480
18614365 22633123
-44069253 -91228865
89302336 943064
70112203 9273744
-5564497 -61702168
50313049 97581650
2250231 92091757
-85674411 51487326
38614268 4830364
11840721 -16792909
-73986715 83616397
-45200967 -19706348
-79318319 -303859
-25931074 -80153337
-86958266 -48651460
-15973333 -30674649
50901533 48982544
82755558 -22932249
-82226995 -68804214
-91787632 32164560
-80460174 1348215
32643126 11946466
-97314899 -28960815
45350389 71885978
-16603604 -97312874
-97690357 15629486
64055286 -30062223
91079813 -19005527
10041571 -42716447
-75913614 -84296445
98708284 -82322368
-88545685 -38319224
65140669 88662860
-59343630 -73686063
-55057989 -76843799
-87668091 -45905826
-91281994 -73504809
39248642 42382578
-45293534 56661090
-61509144 14086963
20979519 -4370570
22157765 -57593464
31623194 -81533608
37085493 -64883169
15108367 -12154654
12911988 36485365
-67454687 50638777
-74196867 3764919
-28195683 -53540491
30541206 -35076287
-59972079 57241793
64388948 -86554376
69395672 14254276
-96803726 61303462
28920536 -65289232
-6209279 -42395133
-55016584 7970016
72983920 -79092835
-11191170 8060671
-76272308 -42771941
-86575720 -22372847
-27354631 91762790
52379593 56707276
-39136470 22779434
95756443 3490221
35701944 89932269
15256436 -75565067
73123314 80578405
-67099935 -27856347
-24591569 -66567090
-73440513 -73814182
-42537063 -18828494
7284007 39573949
-13290012 -58512784
-83021995 -78227432
65736183 -49750001
29501193 -17256321
-14575629 -79732532
31475299 16737496
-98389530 98683580
21407655 -22898961
15721117 -86629594
30095277 -35779881
60954241 -56202572
62400171 98830876
61537723 -60794657
-73615210 98847945
62831897 -49236517
38739237 -81160057
1441703 -57102652
-67844680 -44321970
-98019858 -25921913
-50761644 72461717
-64167243 85180844
63077716 -38362711
-68732016 -21169745
-2927901 22278476
-86040521 2915857
64116142 87326728
-99641539 88771854
-15492509 86893040
68440854 8405592
88105437 -37887264
-69493794 -46247200
53000157 -84121309
-412376 75831820
10639099 -48235013
22855920 8304792
-77598047 75984035
5094373 -18646054
-63569432 -64194965
-82185833 -17999953
-15832698 -24896019
-42501919 68353980
-58646739 67028342
-76091905 86857219
15008356 82447143
32686314 -77905077
-94342618 55389302
-69204813 -66072393
-79756382 -77643517
57212936 87436704
12458857 32275491
-5833281 -32878668
-73632521 29762565
38927085 -59985563
97158659 -75170015
-3732454 -7086409
98498805 40056021
6927134 -81684643
-64299566 51116717
12660207 -95936663
86775362 46305065
88147283 -88971026
-40039079 86281121
-52690812 41089048
-53177712 15348844
-62133549 30856528