875
-10755753 37520202
42429743 -17828355
21535495 1489663
-97867536 -27718648
-40465775 -31072222
85845748 69642972
-33125376 -68752906
-11861817 21706298
82985874 45304830
57895892 -60274896
27039368 -15778263
74619266 50217351
59340615 22860984
-8813707 -99527884
-10002933 63448234
-64524016 77156262
76992623 -86500386
89744946 78453495
6388064 -63680860
84862669 -56167918
-35244554 -20413620
15566962 -55740760
-81513479 50993008
60486627 -43408547
96720711 11704361
28446819 88204973
51509874 -56644837
-80483782 71354526
-98667762 -20304619
-54890515 -16095817
-42467757 15555669
-16963249 -46248163
3296284 94930702
31537304 11227466
11089930 60016564
-8035845 -84322757
-93378054 -17167285
49132269 27645706
21222635 46534224
-71567937 -16600869
8681175 -80962935
-94106414 2488896
15101831 -63092562
51481089 56126141
89215625 15102102
-44564998 -57352867
-32606353 40416536
-98544431 73326847
-19677903 -47557628
-67836178 42351323
-37994153 -67390767
79579237 -53761009
98514751 -68650306
-55901653 -25381318
16130328 86950194
-77396230 72982390
-53363914 91064129
99825499 36380617
-22977931 30096332
-10954512 51334657
-33973988 51019330
62862443 -6894579
41877755 42412292
-44911005 -62492686
-74127702 -2628787
15019988 -11307672
93859710 34711202
16904652 -37030920
-78485374 28646710
-46414239 30475362
-81332069 77178095
-15670480 -33680059
79963882 57133630
-84751181 40966026
-23711931 -77200553
-19534761 75172636
-75729242 -26882950
36207972 -48053251
-40927482 6721960
46593418 -99687920
-69332589 -88760202
28995752 -17420610
17513845 -36839319
54487312 83224068
-11629965 -95097058
90400863 -52123575
-58784172 -2401202
65845437 22620787
-95895834 -63541434
-20143927 1332085
-3099727 29136313
-17468908 23079549
-69929444 -33896933
-46945194 -95627397
-58785502 -24062693
-69677778 -3153607
-58458580 -57474114
-21189377 -88056939
47319702 90195745
9142857 69548283
-56506207 76180635
49733752 35420735
17453010 -21258830
60221729 94088228
65800369 93012590
-20497451 6002075
-48656913 89453118
43520356 -26212931
48058679 -54819891
-982827 13179894
-61442978 -18812208
80901667 -55325614
29357517 -72581342
91121596 25059655
-83114328 -22120751
-53993805 -2827511
-44870524 55831080
85684351 67796555
-49264890 -17171494
-50098094 -79337578
38829228 -90605477
-8148282 -37179707
78292267 5598381
66902204 -85041270
10809498 -68038301
-89177010 -53863146
82505462 5356231
-13495646 -28120162
-23396832 -75488993
-10139234 14002323
-92228835 56758154
-15075649 -62845511
42850434 15065732
-40883233 -90800155
70650760 -4080270
53070071 -99885830
27413884 -6249981
-82548153 81146752
-61479901 90830773
70483524 38807264
-49530877 -10381400
-16695444 34369374
98679179 -33130274
57039639 67408071
32546408 40581271
-64874312 44541573
99836226 67435514
-55416080 11473610
-32612529 50070226
70248681 -5367483
53897274 -4298957
-48288815 -94757353
-88235763 24427833
-39270113 -37414534
81418321 -14033562
-27416152 54349196
-32164133 -46492617
717113 31916699
93932497 76880047
52293671 19540207
-7251098 43811226
16309171 51005192
-767722 -55034145
-46056131 36556784
50756414 22082083
60863123 -40643992
57031216 28180893
83620943 81826818
77001716 36777807
-61756820 -23211398
-68174040 -63865336
-59886816 -36120606
78086501 77370430
-44506348 46970689
26460844 28094506
-38718710 -72028837
58622136 -87607267
-12344426 -74431101
18300816 -3000361
-53957038 -30349025
21083262 -46287024
-90029885 -41901830
-30135291 54362613
-99984898 59802333
-51713869 -67769986
-73557831 72322884
-47122628 6932429
-19217757 -84519753
-54369801 -47444334
43986347 -11327932
-76633874 -97723631
11598557 -61405429
-87104143 72902128
-1041597 34590565
16323595 96545418
-97051476 22160133
34785705 66687711
-36123912 -25616828
-76940400 55777902
-86112547 -42766223
14700501 -66447003
77989663 77985417
-48396859 -84817797
-55457655 19125179
60379206 98863810
24125321 -48984341
-53267296 -11375196
33328413 77410339
82863607 -33300956
88160807 -41068550
34774077 79597915
96912340 -9428610
-33314423 69089144
81525484 -36100552
-53436275 -18833309
-66201093 -79314636
-63465281 -55391779
-34861903 -31972477
-55527884 -56896937
33232549 -99838517
85006948 63289142
-97192249 22434107
-7594742 -87250424
-15165217 74540789
69213243 -68402561
-89290221 78395398
-85752612 74472652
60831090 69784789
-50372734 823899
-15306156 -31130448
15518 -12412248
93462407 49331307
12467016 7947038
-10967369 27893431
28765798 67369818
31568631 41935311
-62405185 -39808541
-2768478 -5495758
-42591854 -56713116
52245362 69640533
-59187790 -51219206
16070372 95253239
-79351132 -59956115
-77684413 -54864484
-30029042 96706220
25799056 24490363
-75195833 25007193
-46363012 -12306748
27102205 85044093
3945617 -60076941
53145874 -60601563
29194382 40973169
-20499861 -22236431
11870819 -62695719
76291077 33633506
-88181818 -36585038
42063781 -68795464
79063342 -11151872
-70411044 -2582049
72167771 -86904923
45134118 78902418
89125013 -92470542
92266406 16682763
81037392 -8999420
64791057 41396636
-34501888 82976402
-63978201 -69138808
93275787 47893789
63776443 34644800
-21309224 -12998814
48293888 -74771428
-51447254 78738157
-3585623 -62379118
-68907943 82061312
-59192380 -87536825
-57258100 -20685632
24110234 -85366038
-65542660 -74657135
95005904 -75390449
9973546 -74345442
35054202 85508019
63957240 2035576
541206 12258966
-22847195 10199903
45851880 39395309
78059759 19509194
-2146717 -17443671
-43520330 -83798468
17739981 8614511
-63872601 77784453
8211825 -63439443
-59155577 -17625871
-17197521 49587057
8379745 -80190257
-48206570 -39551297
95748492 53716978
-40816066 -92010853
38586456 -1233689
-7049746 -2196434
82164767 -12321568
-5959144 76317833
68905790 -33724374
72573824 -29083774
-83338044 40402611
-15340330 26625272
59147185 39836290
-77239780 37107758
86835930 -76632245
66147649 89421512
22136247 93277876
-765703 23129938
-73026819 81362846
-14390113 82633349
22991816 -10288835
55507118 -68638524
-26966447 45853121
56925832 66275381
-70887560 53712915
-69758330 -27006560
75015021 60650066
98559937 64728852
90805705 -78647038
22376936 -95956734
43841680 56406121
-59505987 48285727
-44799196 -40863732
-26156385 -28498099
58826272 49745128
73166775 -85419290
36007273 29726913
4587767 -75395216
89013680 -67519242
-56334632 -75344642
-15028066 36421303
-87379929 64930307
-53540303 -68651896
66971116 -38590386
-58970452 -86815957
74473765 -56222073
-44489828 -33455803
53517433 -83429221
70067294 50323743
-18101373 44853073
-20614486 27739413
-29472338 -11969133
-78339833 56437421
-5477895 -37561448
-47100638 23669791
84004479 60110344
67027267 -89886146
56993892 17805884
29670005 41778859
-53499244 -60847863
13026287 126041
35203095 77992376
-80484364 -86352041
-19776898 72497659
32260695 62174811
34876040 53994348
-23525994 -51548763
12231162 74152766
-95520597 -33322150
66505962 34775625
60700316 -57677438
62599274 -9438266
89205275 -91378027
-38116905 27069470
-39449144 86937695
66464626 2379776
42508431 14003102
-78732629 37575788
65926458 97206277
-10762228 -54798872
-39651074 -26667562
37082090 46071910
2292921 62346228
46444059 3598567
-21854439 44505962
-72116539 55718793
92987538 26083496
-29694762 -17094337
-37642534 46654256
62014810 -74926266
57530222 20743144
-34556037 8712190
-24608557 314023
-13746357 90617113
-32719861 -81654732
53234368 -52564019
-75520264 -33875707
60363568 -58352323
-90276654 22442058
-45191257 -97373674
87946154 35307593
-57335794 53375133
45178968 -44501268
-42369776 -32682021
81460641 69823268
72562522 28655680
-93423421 35935092
-98483020 78312739
54010900 -98142648
59567119 42719931
-81704888 -5039771
-16315530 24906107
85338982 47482738
9908309 48481590
-20608781 54875498
99334180 -71953911
93274000 6343044
-77785520 85704109
-45668500 -26024222
13880358 93401725
-85358627 45093699
-88888667 63718679
-58287067 70305973
15963187 23540815
28691740 83077109
64711739 -65550710
-75528593 -47076223
-65093181 6762926
-53310344 -15587972
20785798 -18824849
-25243326 13549963
93913984 35522369
-14695664 -11682523
-10732577 28988521
91162729 -14245981
-27716331 -84005571
60542788 -58361677
20067589 61498066
-48136168 -96959478
40160823 28110120
79897827 -78244564
5216923 75887522
-71559618 -49704886
-10504899 -94745511
-45924405 87980561
922748 -81095141
-96594506 56083335
-66219512 -31122338
-90761390 -73150041
-9911479 97016674
-78930514 93301271
84096054 -37971677
99070685 39078333
11434585 -13167484
8007304 -12546016
25064680 79079713
2938917 -28718596
36920282 -15323516
48245367 -1282695
86527518 40072174
-50300774 63253414
42734655 96212789
89930641 65224341
11314788 -55448286
79287590 83448459
84992791 59102391
-82376124 -70489195
-11496953 2582848
-79438144 58374543
-36915088 30385021
29752842 -71455648
31306686 -3667679
21057326 -87270862
-67224647 -42854150
22464452 -68081495
39529653 -69726951
-64096584 -9764683
-12409876 9069369
87543731 83195176
84419221 48916540
-428234 62163315
1120137 -81342680
49103488 -76689191
62564720 50289263
-70747760 33780042
-50929179 83907458
52762375 -33594117
97292907 -14600379
-15769491 -7688953
91706783 7713184
63596534 63681707
-95701439 -41118839
7224328 -12101190
-10546114 92563694
27136330 19353093
-51623727 -13836782
75415132 46779417
-17657326 76853545
20840397 -24201899
38096196 -32044370
-33290822 83345922
-33559034 -8148288
-78164738 1414590
-43548789 -96842271
-30146442 12374372
-62710704 -4294187
-4187344 -92623451
-37360886 29588038
-63657117 29368177
8544922 14206848
37968765 80502864
-26323342 -78385224
-42929515 -58775530
-84466934 -75049336
-99984717 13088137
-77936518 11614004
73694380 -33861754
-68320467 79996334
-57771470 -89127065
28508448 17383886
67446166 94366090
96769031 -13764806
-86632445 -65082825
-61837828 9879684
-18663497 -87676284
-91134835 23124526
-72084113 -15065517
35932197 -15389536
-76844426 49062468
-88983740 35801586
88195566 -71422511
89658194 11287780
-17943560 97320534
89375532 48662847
53613527 43010867
-48170934 -92326209
18239083 -72131009
-39872013 4876412
-40043806 -92297119
40761689 91426434
28319486 -77840240
34420727 -97590321
43770402 40709708
-5345419 65535994
-6165995 74642707
-86608409 -79042241
89085319 95183995
50676794 60676808
-46216651 -79823103
-12812371 -25164611
8898507 -81175665
-1146643 -28363794
48565722 14438250
-64714875 59283305
27735159 -74482250
23022732 51982994
-21784214 79578488
-87228567 24676794
-79055778 -46321077
-95960082 -89018914
-71638558 -59838926
8491533 -14738334
91476907 -6145556
64709669 90908567
28588592 -26139495
78492606 59734444
-65214224 89859142
-42224788 -5374169
96348337 50223956
15882874 -69218743
6490068 15510828
6906420 80911731
7546861 50726694
44366782 10805104
-34753904 52405605
22931955 -64124883
-63091316 -94062601
67434987 48715756
-3964220 -60795755
85065187 98771963
-43412455 993847
-5343810 38663206
83731988 -20691302
81851616 19010154
29384217 -3045250
-78957999 28517402
-68373612 -34990527
52917391 40734658
13243972 -25689360
-20766812 -16845852
93860895 45507872
-82760168 8571986
-44702588 -47745118
-32659182 -623730
49637962 81873374
76638332 49676749
-1095166 -13435765
34922062 32270651
-19590333 -80681076
-61454681 -21674792
98694170 10202955
63496178 -34037542
-74034609 -54278613
37464042 49345643
-95024230 -67171135
56629967 56827604
-29851510 89879584
87693492 -20572676
72269491 -12126665
76986336 -3195607
70100900 7659015
-59648860 82422364
-40651836 -69057724
79292543 27189656
-26979779 -44131186
-55261283 -48548535
32292366 21136980
33994087 -70488172
-11655177 -11846852
-96121454 26826720
-86611860 93427373
-1111298 -81585022
35900988 95665149
26263573 60857865
-18957465 77866469
-4346164 -23383737
-43299280 -34972078
-60896663 81257662
15560085 -24962973
24060176 78330659
16967999 -33763559
7154466 -63971171
-59098437 -12103865
88861564 -84982358
9903183 26291205
-38038059 79999018
-89710595 -87977207
-57012781 69266913
23316701 -81003040
12377076 65976877
40820182 58155967
5557901 14319610
-82047648 -44813830
93004536 69240920
89254964 -17977910
-43575481 12984734
19157120 92433257
-15923634 -66823054
44258042 73013644
86770455 90369015
98257527 45513391
8104457 11315999
89032546 -8405526
-59234928 82407297
-26838240 -19275002
21718457 26576616
32733099 55977325
51301792 9100029
-65562511 -69261455
-64471553 19914085
-96762303 -35810573
-22394909 -71567418
77018290 14378125
258307 67548109
36572240 -73668802
-67991215 33367475
-36756663 -83143588
-6709137 13487058
54156002 -42190047
14673034 79054217
22923858 84310661
-76921878 2910793
39426213 19164052
17461159 -36611379
-69763381 87101686
-11393045 50314727
-86282384 -10508970
-64132575 -96225665
79849829 91698411
34156830 88133850
-15023940 85886934
-47145189 53697372
22304813 -11775999
85181275 -82369995
-28423237 63954969
30130949 39889484
-55883355 -60062853
-64517114 -13769206
-78166051 -3300249
95636256 79763010
28030254 -50586189
-53358047 -28090470
75693977 -30525676
-12796178 -37043252
-70928582 -90598342
-83601496 -77740410
-39598283 60182695
86793206 48593485
76176515 41479298
-67928126 79172605
-35392718 -2256608
71400904 -99647359
-25985113 83405853
35472417 -40756543
82325898 67654276
27809128 -82309932
-15046160 37781670
-78944983 61136620
-60947328 -58337234
-31045195 91983780
93567275 -1797601
-48760989 -18284040
63246611 -96084385
-83056911 92916402
50490844 38650489
3856711 -16296241
10786485 -55002673
52223439 -70965404
49980079 57290944
-83786868 -10074768
6900258 92542017
3584963 40746967
51743597 5860912
-70319984 -29275464
98505504 -97221445
69567212 -18535167
45741401 68429701
35168643 94283820
-84026187 -52476644
44870053 58602949
-14089419 27067765
40186917 -9370204
70772588 -11269684
-78475435 -42446583
-21236595 62726108
-77026884 -89232532
70630801 -49674395
39126403 72375795
28359824 94694200
98016157 -29954570
15198569 57592820
-32010866 84435196
-93908021 -23648160
87079000 29349201
-92435540 -56932617
50819961 27211192
70673473 37879651
7234010 70210120
-86612994 63764545
70717920 -37717976
-22792530 -97363954
-87756770 -68281086
89577710 -66629924
-45728782 -41804450
76850106 63564853
87879834 86978446
-88061165 -33101552
56434818 51532826
-77436745 12441276
12866353 -17265634
-93402806 -5859288
-66344922 -35276381
68633400 58299623
-17933701 1570915
4892666 -83104365
29353551 -71549494
42892637 -63782768
-96346404 85204490
-95239743 -84653754
-91844458 19418045
-92823810 50566347
-41596904 -31968691
-3854083 -11366447
30454907 -90062197
73529188 -64195707
40283009 40291874
-675565 -67419630
-32601459 34795473
60882307 -36631938
-30842391 -86214587
-84749612 -64001824
-74928395 48670656
-86373718 -20131900
-12931213 -87439230
49513872 -58855077
66273318 37629519
-30416204 7145299
82921385 -64335605
-31806624 -6680778
90227051 44191702
-54212504 47355034
72117384 -25215468
-81801945 -56309534
-33673125 23877964
-64486988 84154257
-23958375 7693387
81885521 96094896
54449994 -56258353
81385764 50957071
94642437 -88606515
40834261 89399514
-30654843 -38431374
34408652 79789980
17698719 -62655695
-52660713 -70996779
-68030461 54018026
22097084 -79444201
7660310 89995850
-78804432 48349882
-67193138 96071794
-50265460 -50068137
-98377840 90960575
52872074 96529743
-67455436 -47902765
-26718041 72086806
3227760 71692969
15194746 18108261
-97653207 91915274
-36032658 67739026
72177524 -16615688
18686720 -39141183
-2779557 59942707
78314871 -84799064
-2131444 8603147
24390415 42971016
12315381 38729320
47478110 -94635232
-49908596 89484677
-82191011 73805884
-56401350 -23521608
46373901 95733888
65822307 21492992
77944358 -81209934
49992879 6841674
-97223136 -35925450
19309005 -4990173
29920509 -99448658
30010278 89327446
87715613 -92190911
76889359 -85765941
-39855312 65165912
48647719 91796403
33916644 -9053535
59494774 -98416881
97642200 -58902491
51323999 58929610
-65608655 27001354
-25636043 64684886
-34026983 7038755
46281808 -26336524
-33117634 47657365
44328687 -73261833
53003414 -62870591
-69814243 72912869
-86256707 9437252
-6226571 -62003737
-41691991 -29367258
8748288 -29055059
54166793 24608778
-18222080 97990215
69164781 77622866
77467940 57020609
-14139514 17003424
-50074236 23982368
38714822 60592612
-73368981 -97751560
-39416285 -65721674
-47607216 57755109
85312779 25767171
28019362 -46323224
27445666 -237649
1683741 39153164
-82475018 -34068416
-20475868 14351628
48665649 93570079
74423831 36785678
-8247696 91621022
80199309 -50968236
-49914231 -17701579
-61952970 -59528244
-83347837 -49501503
69709537 -33629472