702
-2201914 -65180368
49330746 -54011752
80328447 45502519
47370353 94308232
19093674 98890968
15397107 -86999570
-40166539 -49959762
63658278 80455359
-21168260 61235395
10467607 -75758071
71246804 93599002
-75142901 -21740949
64555223 70504553
29221351 -61259076
65824454 45613830
83815120 -63042743
-22653722 27018001
96532006 -91784231
70302619 -59534747
-92878297 65254753
57694773 78560684
-69868184 -9802073
-73106178 -19773616
61727034 75047117
-34463496 -31920840
41346915 16581023
-22828055 37968247
88842021 10864579
2862249 -72008853
32519154 -49939828
-88261817 -52866710
6369254 -1113104
-2046094 97684041
3074250 99269699
-54493983 -43082220
-49757957 16727374
-70806291 94564614
15820853 -65157637
27779285 -55105372
-7085240 -38637416
-53522748 -82851506
-64182718 -15102175
83562831 88590874
30267627 2011060
-312856 92829938
75228647 5146894
88178709 45290890
47610776 19868277
-78837139 84056801
71261200 12646659
-21655678 -94722422
-59297870 -63123044
-17551534 -95559238
22585141 71562262
-77336896 -86005241
-50014904 -47067041
9751050 53161351
-27926514 -60176271
-4464621 14658722
-1162713 -23417446
-21601212 21588592
95424227 -1066199
90213912 -58316812
20173542 -4910535
-99663407 -40351370
-59022186 50956222
90565953 43933541
22224680 -4835833
-99624127 -72696618
-29505140 59640434
-76559012 35994759
83955481 -9067890
6986016 -27258788
-86996200 -56085183
8227228 -79804295
-62424681 81486911
31244231 53927638
89536514 83197006
-30211996 30296221
-49210208 -79513416
-1719935 -87492516
47709486 82696069
78298264 -65801128
-36773605 35570656
-56549617 93271416
-40373575 4876222
70165025 -44715000
2768406 -84081881
-99047370 -92904182
37448349 -29161683
17185273 -11671056
91938072 68540457
72367098 33562194
64442354 70423268
819172 93522414
-58490478 37084463
-25432963 -63295279
52544014 18336765
73538224 91045355
-76570014 -41431796
91755930 9164474
96087766 27308124
-30918733 18980465
-24460838 -61872099
-80963690 19968083
13570281 -46639623
89305478 -1761200
18103702 -3337710
95677473 57958668
-10256695 24799820
24710078 -51335665
76999564 -8409625
91751185 -25334988
-30012782 32515127
72877951 70591323
84696134 56930437
-96709121 -65561699
-77445736 28428790
80472511 -27789410
16776202 -22320994
-96812566 95695595
61298600 -68876318
-12683970 74455509
99169926 -40963518
21835015 41242508
13283187 -39299165
-40262514 -41298260
-68964189 35447391
23812395 -42661234
20434547 -41093490
16787566 61801061
-82357272 80265063
-79272467 10308288
88245179 -47468469
-69171088 -32739794
68159251 -98381397
61055193 51271608
-92718455 -34255125
-99892704 -63300430
-20404474 52430466
-38841200 -98182013
-20799959 -65334645
-1766598 56325692
64113810 -59859194
-48685676 -72951579
-79921944 -12397395
41151186 1815954
82287717 -66102154
89817782 25271427
-69524297 -2778048
98707324 43057881
15650034 -62367279
58893424 73373954
93952889 93632127
-96212564 88792905
44470371 28177480
-55831135 50787625
77670201 -7431595
18668695 69796553
47363426 57973142
-95922789 -48846141
-95474948 59635666
-76681408 -22628710
-53675476 76295206
-55321684 21760205
-65780099 79804411
-75792089 -87442213
74589993 6410557
76369343 55937712
-3778591 -48859224
89673645 50707058
-80909661 -29442155
-95380273 -66425885
-91397171 -59220867
6995311 -15098805
-80450419 -14285621
34861142 -72538208
31109248 -69870205
-96192628 61956972
89809519 -14586898
-62750157 -51094897
7286647 -61283696
11275052 -74924072
-40452516 -45873219
-24336403 99275495
-95614547 6271894
36756598 75972048
75729689 30344512
-25179916 50234768
78021911 60782399
-59468567 -36560461
-17851590 51528691
70405649 -86022536
-29030335 -86158694
26959367 17227094
-27237871 93687444
-45522681 55092876
16062314 83472974
63680971 -76517127
1595300 -98098079
-19559941 -20824593
-12554121 -52104486
-47904130 -20604823
4007746 2481002
8920898 75609150
13772258 43423620
65352560 -60947005
-710654 -73045954
-30973308 -32440329
-83598262 -9089469
76397590 86864033
-88346149 35595458
-2906147 98128525
22778098 17931551
-34147663 83715082
-87877424 -32072794
-65822907 61126732
49528043 40274099
-69119789 -80111919
31771332 -94375182
-41888572 48093780
29025594 -55859782
5347513 82704210
30754359 -50238658
-47131255 26679268
95746676 45030734
-77585924 -33196454
-82839935 -37832856
-95472332 -98138836
70222112 -59444108
69529225 42773851
9189661 -71026153
31518559 -22855384
46201558 -77300729
9582410 6711254
-53863233 46070596
61016959 -87740602
37979343 -25749338
48317129 71998484
-38886163 -66119937
-74112750 -5633844
-48451234 39010797
49700070 5119708
-1848608 67427633
-74395997 56287777
16667991 -30976183
-6279962 -3013277
-57279173 -39689935
31303316 -3955381
-62787062 -37328102
74988987 16882885
-39004240 -3054541
69570139 -58147822
-70564618 9207162
-59705405 -18180080
83045851 -8730692
-86172566 79021771
21218221 30759286
9418543 -19027932
50120821 53228668
-19264904 80910466
-19667591 58284215
-6772532 60835618
5113688 -92376129
50647655 -4118045
16915425 -24337503
-95049116 -66396812
-93467884 4078195
70948450 4240564
38192416 89942947
-11274238 -18489522
91605455 -90691630
60732478 -4500927
47069058 35802900
-63778343 -85095909
-29416097 70781917
-47254246 81529127
-29740939 36573131
-8165398 76982356
-19747849 -21744543
41402344 3681632
48854176 9831052
20368969 46581621
-94209473 75267286
72835688 -16931571
-76335324 -28265192
-81773656 78868195
83630247 12567064
-76720255 9604379
-62146406 -28231774
52989253 -25702667
-54832846 -44343400
18163666 24666718
-54118408 -22171719
96473462 -83938073
-28447274 -23097211
-8038222 58515581
88824641 6752567
74274074 73664360
-94556812 40507496
9273150 -91183777
-56031697 -52620052
-58473616 29730418
-36581497 -46688965
58566892 37478679
-8440215 -96891986
-33627978 78644375
-1769900 -3540118
-82718770 95065255
72068641 7160740
-9203409 -92528250
22124523 47529307
-27818711 44856677
95651962 84438209
24931511 68888256
-1643557 51671412
-41558264 -28959371
-84602748 35957826
58524089 -38151646
-97124504 -57272314
19450655 53882284
-94084866 53403131
37644314 -15490404
44727169 22201239
58583575 -43003648
2847830 57183169
85278002 60994503
-81345512 -41961068
32492295 -88351324
-13230025 55105053
7484219 54166534
-64430106 42387979
-93077603 -77571306
58666493 62070311
81942984 36481768
-8516399 -76360696
24896063 -88300181
-35033157 -83497630
94348038 49211374
-40041933 -11234969
64294044 35577464
73037737 98637900
-7362694 -98368004
-43785351 -65187686
18275201 -17449434
-9038916 -1860992
98349663 99499566
92458906 -56829734
-982020 85016652
-51684758 88895498
48434652 -53238150
18278176 -609737
91873242 1895513
-66855846 -57682601
-79726190 64112208
26404180 50473369
-83891826 35837166
98398989 99063895
-91514931 84482174
-31700912 17192719
-42079009 -16271446
-54459551 -99310542
10313489 30840334
76029045 -56367273
-92269388 26031143
63990118 56818006
14402040 -5608681
-52030594 81048475
55045763 -58166274
26036996 -94993237
-64434876 28003864
90719490 -93340622
64821233 94127056
17941542 67534893
26020636 27248699
-76829071 -52624980
83224963 46018414
72261590 28279019
-88005600 -63543059
64926844 -80972196
-46801684 -18099782
-98074712 47027200
-83928395 -93859706
-57467289 -62233122
53380151 51320528
-22688744 -23618896
-85442882 31087267
-72991456 71872233
-27982431 -92399462
75302720 83122789
-22596217 -79921989
-63182310 -73765018
89945966 1533019
-76515558 67396073
-87475691 45959564
-61151410 63624679
-52834621 -44431148
85615769 14766710
-47087545 60866426
-87185760 -11367860
55499791 72463970
2756028 44392744
-85149841 -92775829
-8521348 -67476911
77452908 89669334
41556416 -83529949
-38787996 41627351
26982518 -56171892
79333606 79448567
-79842115 31681651
-38129578 83641700
36343268 -53915618
49682875 -42693217
-98526911 82481719
-91550752 -81585055
-63212786 -96653834
-51651624 -62651129
-20041656 -80568743
-73951698 87372654
-21013546 82508331
7157240 -84431441
-65130507 33096705
68365936 -9623904
55327785 -57054354
-59497406 -44381080
-62397685 -91092577
-12103415 -94794171
-63411909 26396990
-27030824 -81889686
34654996 -67896647
60188344 -26143636
98397981 -37464934
-92168881 6329335
-87656807 96124144
-93795682 94439312
13622530 94306393
-80657174 13390363
-90574705 -72282260
864574 -62733740
-87989267 50601548
18466969 -2299021
77022580 75529357
-78513501 -77393025
-3287503 -60885643
-28003832 76152736
-81183269 -16539702
33306617 77309182
441570 14138699
-7837126 -62597809
-44158556 -5160205
29214761 69212404
87110518 85145412
37023436 88174714
7615123 -67409945
-70394281 64740559
62872566 -30553896
92484282 -68448590
37891050 -57677686
-24434466 68280714
28192898 34448377
-99283495 -79269468
90728247 -89631033
20650278 -74254610
-94893584 -58908921
-35123906 -83227210
72516370 52696411
-97522510 39062310
72571897 11209737
7321855 -70615397
90566936 16252734
-3675643 27095177
70586560 26049749
96456563 13854368
28719794 -43470453
8487845 -24305231
47276954 -77755525
15054002 -8882020
-33112221 80781224
10271949 -6773318
-52161970 -67839175
57624551 -36549698
94144857 19422387
-91094043 97521535
51160991 -50035643
-11198177 38686171
-62329147 12352932
25770513 -93030812
-20229764 77052366
-76573751 -96441823
87076896 72653689
-55691897 75457589
42315435 -70478564
-1413518 -14708502
13230015 -16356676
38945450 49572252
7091953 35180668
-61166131 45077832
-48317137 46026507
-92850176 -64568181
-60074633 -65384002
-7016635 18636394
-46057874 -74242381
-50522795 -91071494
-72934539 -67709314
-17095109 -66499505
-64994116 34482574
-92669897 67802389
50693509 -68314556
48099273 -36190254
82125147 -9837350
32817598 21779461
-64024839 25549168
-91955011 -72540256
22405070 -39820624
-57930486 15484193
75499488 -32377994
51551053 -33763305
83642248 -89295849
63580884 -98154764
70201758 44861315
-12423099 42585749
-66731436 38153507
-77759638 54628135
2342368 -67105197
-39991189 -93473489
-24929140 31341963
-88401693 -56763952
-77063866 65836352
36707076 -38105905
41933433 44810935
-12442646 10737531
44303829 -86098467
-68992962 -50143489
-64565892 10157641
39474649 42685206
-96542820 79180153
-35014317 -35152803
83402361 77606607
1677981 53574323
5392574 -58434039
-21011611 88613174
57861829 -71298271
26163108 -82165199
-35983889 -66324435
62528201 58520197
97659473 32634685
5341483 -82563035
96782937 80117908
97540599 -43495730
-58709594 -80148531
-53593164 -60633737
-73023785 -45237219
68412896 -60845257
22573006 -78596126
-76456658 -64898079
-60989620 20549094
49169915 34932866
-89477752 58414866
-69436559 61459029
50386997 29698465
82279723 -91127106
-29678101 -92785170
-58830919 -41063799
-63005307 -96154801
72291022 -94676580
-78736673 87034801
23230274 -45592307
-13593840 -91096892
2660195 57667142
-97193015 -6240337
57827218 95958291
55492644 -45092600
41295361 -82462768
37805108 -81753752
10211017 97636979
-71147039 -11355513
11920454 -54169370
21052790 19305621
-43237566 88812976
98925294 -49357229
12303432 -21933436
84993481 50352024
-23529927 87926636
-3442004 -5188829
-11069357 -67756824
98603675 60422632
978109 78821222
26479678 22216369
-21948428 -15471088
23794944 -75422181
-49801231 -17414251
-66319693 62124979
-69923652 -43248452
-31822940 56393198
43779885 93447985
53529861 -18252448
-78145002 -84845408
-32373393 -32855998
-10004036 -44224182
-35384341 91625805
76870111 76125053
-43026012 -46697914
24205638 -36799238
-19742432 32499893
63275659 -31032868
-44833434 -73317889
88996895 68330625
-81753895 22361225
29087326 67582622
21251843 50952936
44363065 -92469932
-2847636 -80391152
-79348701 58910264
35367143 53619526
-39626894 -80481273
95009391 65283874
-47254682 -44741378
8727413 -3680276
-54243471 -98475183
37912797 3910311
90492960 6676629
26463123 17146867
-9536856 13298096
85524681 -68151703
44746621 -27207396
-42141268 3353375
98343478 -42740553
-53553157 -62945093
4477223 -72212222
-47420617 -45542152
-15309593 82359515
61594430 -13740333
-17330300 -24002392
-87510187 40094203
-35872958 -31208941
-15124472 27820927
74461158 -53858646
-26231680 66627520
-53136445 -66968977
72757493 -41157259
87209482 -32530315
3285737 84092724
-17792493 -47967336
56005570 -7716675
69101370 -89718339
54450690 81992037
-82955202 46975794
-14963538 84398843
-90272115 -74985003
-95091118 16290575
1145160 63715457
-76498651 -3823305
-27532302 -46446055
-96550543 47031264
48188741 -13038584
61801503 -17737261
-34648257 -72439978
-1743353 39905946
-81605616 -42165054
99880759 -31297085
40382545 -92028133
56408409 23024030
-3660650 54389905
74431455 -47437791
-15557887 -49013577
-57681225 30059603
28792463 -38566532
-83228628 35046997
-73712592 254254
-20808273 21622288
-6743374 53941168
-19759385 64219986
97554849 -76807669
-18707470 -35538474
-50801739 79862264
29112028 1202051
-19262741 49201074
71715097 11594445
22535943 54561165
-334395 -10304446
-31727180 43405526
61018234 98585690
-39369877 -32344630
-94703153 -46194108
-49751267 -37616413
4458607 -3595698
7998157 -99772673
16773998 29763448
7211454 -59123111
-52266516 -96874829
55413845 43981242
70044956 46534946
30655062 65010133
46397122 86117668
68011821 5642610
22976955 95111301
-3024586 41129629
25311332 -77592822
-51923629 -40041384
-34885119 41757154
33917659 11017239
28953735 82382596