276 371
5 135
236 141
102 118
202 214
69 164
188 212
115 243
4 223
48 67
132 244
159 11
233 15
170 21
122 44
211 125
16 35
196 187
200 174
68 48
93 270
97 127
252 55
121 166
273 169
187 230
103 72
198 52
95 267
88 56
117 259
20 69
211 155
88 98
36 112
216 205
223 231
241 81
158 273
42 264
196 244
255 125
112 257
71 70
208 46
27 197
50 231
210 53
151 40
202 15
244 232
192 180
26 213
207 91
46 250
251 5
47 67
59 230
50 55
242 51
150 54
29 143
22 193
104 139
67 138
130 238
247 203
120 177
196 35
166 17
63 105
212 58
44 242
80 104
63 217
158 107
59 164
96 82
164 5
99 12
7 224
236 172
240 8
30 191
211 100
117 275
67 202
47 1
122 173
263 139
178 69
177 224
209 271
168 170
204 224
149 190
71 218
234 198
232 60
42 11
84 153
60 206
174 166
223 275
172 231
129 260
145 45
171 276
127 146
275 119
79 125
256 200
210 61
20 137
5 86
258 210
207 172
260 177
209 178
224 53
152 265
149 200
239 26
178 173
40 65
172 51
43 171
178 4
57 192
239 221
191 79
217 104
114 131
213 193
115 3
263 18
248 165
69 4
177 49
240 204
109 210
186 231
261 176
97 105
152 201
146 193
189 124
170 23
90 156
78 171
145 168
73 254
210 28
85 57
92 271
235 222
266 184
141 130
84 185
247 81
244 97
234 239
36 175
168 55
91 95
143 206
9 185
263 193
192 253
225 131
107 204
146 41
114 245
25 51
208 51
49 267
144 210
18 184
43 37
87 131
155 39
272 230
256 169
150 119
239 172
70 52
102 248
75 114
242 125
257 1
255 94
14 184
211 159
33 188
225 219
92 54
121 194
15 255
74 117
221 267
228 87
42 185
213 217
264 130
193 214
74 204
207 106
224 1
53 239
114 82
100 156
108 40
62 4
214 20
136 115
7 24
12 243
256 34
141 42
120 166
120 24
249 1
146 54
240 229
197 94
251 259
250 67
179 96
154 204
23 30
105 247
248 118
165 3
46 190
146 250
142 115
43 133
181 119
62 130
149 151
233 258
9 248
58 141
187 219
160 192
53 225
239 138
102 158
224 134
164 239
37 168
125 237
274 28
172 162
164 103
259 151
102 254
85 1
152 122
161 78
189 257
267 6
254 152
272 205
156 242
14 1
30 240
244 24
194 59
84 132
237 173
269 163
23 149
223 242
82 144
30 43
40 255
154 70
191 56
102 236
168 221
142 268
82 120
53 97
254 142
177 134
10 127
145 41
64 28
202 13
141 142
247 118
32 276
85 253
84 216
255 103
71 101
109 35
132 44
54 228
127 253
194 173
178 26
152 161
218 268
90 71
81 124
13 86
79 208
29 273
206 195
52 232
90 104
251 2
35 64
179 225
211 210
205 211
147 208
220 166
98 152
37 239
161 89
268 154
89 149
168 250
40 135
66 97
25 218
137 126
2 75
7 236
101 79
193 228
7 230
56 108
179 153
260 130
165 163
266 210
193 165
121 153
262 188
138 25
228 219
87 45
102 166
161 106
115 195
76 184
234 133
150 218
221 197
100 199
27 184
129 266
193 18
248 51
123 169
137 135
46 272
90 274
250 176
53 45
123 5
136 141
184 160
43 1
153 257
56 259
273 149
241 132