100 179
75 50
77 13
21 62
26 43
6 93
60 98
82 56
64 79
59 27
16 77
88 53
67 15
58 48
48 67
58 99
8 77
22 1
60 86
9 67
42 18
48 97
91 87
67 19
43 37
62 100
97 20
53 94
68 65
11 66
96 88
77 92
45 77
54 9
8 74
91 31
94 29
90 88
4 34
44 60
42 53
63 14
78 35
4 76
38 60
94 47
21 32
93 81
69 95
49 85
40 30
76 83
24 76
93 38
27 26
23 14
75 47
39 72
21 1
88 6
19 10
80 89
19 6
28 69
6 43
36 17
2 85
37 69
20 54
79 2
52 46
16 11
37 81
33 59
89 9
87 49
3 82
54 57
92 9
38 65
16 12
59 2
64 71
15 45
22 64
58 19
85 48
92 18
11 32
76 51
82 84
94 24
98 17
20 39
47 38
59 37
53 20
76 94
31 21
68 74
18 23
29 36
88 84
79 53
84 60
68 26
83 47
46 64
19 97
86 14
81 82
1 8
61 39
27 96
26 54
79 44
88 46
76 9
26 11
17 66
1 34
34 47
90 76
11 61
39 34
86 71
37 12
41 1
76 56
38 10
90 25
75 85
25 77
83 90
82 75
82 65
74 58
46 82
13 48
80 67
45 49
17 24
90 71
82 89
31 56
4 13
99 54
30 12
15 71
35 79
47 97
96 52
70 62
90 13
69 55
80 85
61 77
61 6
23 59
30 59
2 97
75 38
30 47
14 56
100 39
22 30
55 3
45 52
100 98
48 50
18 94
83 52
62 75
54 22
24 89
2 44
7 71
24 70
36 66
86 85