381 430
97 106
171 363
189 198
124 223
209 348
253 377
114 170
172 3
251 206
240 204
378 267
42 217
134 340
13 124
32 214
309 40
316 158
213 350
232 143
297 202
150 33
14 257
314 53
254 268
316 361
324 222
98 82
134 297
81 22
203 329
12 37
326 89
228 55
202 252
212 309
75 209
155 273
98 132
326 182
262 17
276 50
43 56
96 149
357 103
366 83
216 31
82 233
147 290
84 122
107 314
258 186
218 298
80 85
295 28
164 349
83 128
193 296
90 189
108 90
199 227
337 28
348 12
202 75
146 323
88 355
217 146
33 334
23 189
286 377
80 103
276 181
12 339
171 245
21 347
356 81
172 140
192 156
144 152
132 334
57 100
377 219
224 141
203 55
87 281
176 77
212 63
174 108
181 275
139 62
72 4
375 294
132 243
237 233
28 128
312 178
211 146
49 251
251 36
178 317
66 221
371 159
137 179
99 65
273 157
348 346
82 232
200 352
279 8
68 280
144 157
192 294
222 347
259 195
173 236
329 94
260 239
312 161
278 36
340 11
88 294
60 223
371 328
219 2
301 375
122 76
42 260
277 254
109 341
185 34
264 297
190 270
133 282
269 361
176 360
83 332
361 39
299 44
381 107
40 220
281 282
171 110
377 369
144 196
59 338
355 207
315 211
5 187
338 1
251 131
55 158
128 287
165 292
211 268
145 347
268 317
37 330
223 366
4 239
369 139
303 104
36 158
208 275
358 49
189 252
90 236
36 303
224 56
266 254
179 66
367 287
40 273
167 179
84 309
326 68
251 285
62 293
80 59
220 308
296 136
261 96
264 150
204 271
79 334
338 183
103 373
334 348
2 56
203 358
362 150
286 12
323 313
351 287
154 264
183 24
59 379
22 27
373 80
147 212
50 351
112 157
88 354
144 229
236 247
256 79
226 137
179 100
211 118
198 224
155 160
278 101
255 194
121 276
39 7
56 378
175 171
246 193
314 115
212 177
348 260
338 30
235 227
345 202
162 87
231 217
310 104
62 306
89 197
375 49
254 154
349 79
106 171
242 74
15 271
77 331
138 129
188 154
3 182
243 120
14 110
132 159
50 256
115 162
212 359
98 167
95 1
231 161
249 167
48 288
252 170
278 300
320 144
253 252
17 90
50 139
2 319
127 223
246 126
304 121
72 374
294 173
367 325
51 171
283 91
125 71
19 296
58 147
342 24
149 295
23 202
179 262
311 112
377 23
302 269
30 334
291 58
281 208
252 164
13 312
272 299
275 306
370 205
177 139
80 211
157 118
225 34
329 106
367 50
239 130
372 338
51 272
333 107
155 220
330 240
357 174
292 270
191 340
196 88
101 147
242 49
231 36
152 267
180 378
161 216
154 87
168 240
185 164
351 164
302 183
332 97
55 282
59 323
320 97
43 34
309 106
130 37
356 95
166 33
191 53
109 144
108 31
71 15
156 174
365 348
377 52
177 107
80 131
161 169
371 337
222 93
66 13
66 258
348 89
41 219
289 4
174 93
281 130
73 253
202 223
63 276
294 258
270 137
88 310
76 38
336 329
285 341
176 86
170 3
68 299
184 352
60 181
97 88
34 346
368 65
324 322
66 163
212 355
173 54
204 18
255 370
37 283
8 307
253 303
230 186
331 373
352 250
298 339
66 305
133 22
58 301
271 254
22 103
318 122
182 354
102 82
196 177
4 337
259 37
316 65
169 145
190 236
280 25
256 34
52 223
379 107
141 103
282 62
286 239
246 183
87 226
61 376
161 260
165 376
277 363
322 381
233 77
157 140
22 147
57 108
69 338
72 146
228 170
140 44
37 291
167 55
212 162
16 92
250 113
369 77
226 197
82 376
35 28
360 324
201 336
370 355
114 121
289 154
271 52
269 266
58 103
194 135
117 325
351 74
134 339
94 31
340 215
114 16
343 306
145 163
117 68
380 375