420 473
109 61
195 45
369 204
284 70
5 302
383 269
373 266
107 331
242 151
126 272
391 288
34 112
334 330
113 165
2 77
243 177
347 207
284 148
106 219
118 141
80 106
336 38
52 389
225 233
170 136
172 325
273 57
102 374
171 41
40 36
94 3
104 366
16 189
123 251
366 263
46 162
116 50
154 159
100 280
280 348
283 89
144 183
225 201
42 75
6 380
156 306
192 236
20 26
340 259
134 60
3 373
239 126
308 269
293 196
152 9
279 408
262 117
142 328
287 344
371 214
263 319
209 49
59 157
194 57
279 176
289 161
332 319
371 9
114 8
374 332
321 311
258 189
344 322
8 408
65 254
237 394
83 289
34 302
128 144
130 198
322 254
187 200
259 6
208 112
130 18
201 129
55 280
4 26
168 407
340 18
380 375
109 157
32 201
193 325
419 246
131 26
243 45
324 384
25 274
272 223
169 247
413 281
110 193
60 240
99 29
162 314
85 266
20 375
22 77
300 70
368 159
354 182
372 224
299 24
348 361
397 210
320 335
215 139
186 270
261 236
93 173
319 187
45 149
375 67
344 2
305 126
80 372
170 325
274 324
5 367
153 198
315 151
393 144
35 215
163 253
37 295
106 382
110 51
169 241
137 167
221 180
341 328
405 49
333 283
182 356
382 16
172 20
387 260
90 73
85 367
217 71
211 224
352 405
77 122
354 176
157 206
418 187
386 208
19 163
58 78
169 355
309 389
141 339
68 232
264 51
4 107
374 81
417 96
295 12
359 334
298 19
130 129
281 151
368 248
271 302
261 15
367 177
284 169
167 319
163 69
25 61
160 383
194 126
248 62
220 103
287 322
312 313
413 50
293 318
38 18
68 304
261 48
391 33
80 51
295 75
159 292
244 272
232 88
109 89
412 27
55 204
366 398
52 293
337 23
154 77
88 360
60 249
297 58
316 129
410 46
330 141
401 233
381 177
30 219
210 278
171 278
70 255
173 203
307 383
240 299
365 380
258 254
43 222
34 252
225 146
69 30
207 303
418 377
290 380
9 188
249 78
144 129
164 342
89 220
348 212
368 249
277 179
137 108
399 215
403 181
145 7
178 284
356 236
390 191
346 298
366 295
276 322
361 113
105 332
161 388
378 420
192 95
66 163
293 211
202 261
15 262
61 22
1 88
375 314
209 336
153 254
270 21
25 44
170 197
357 69
319 2
149 187
341 97
107 215
39 388
149 373
271 400
261 157
234 188
164 199
356 114
239 65
235 198
342 395
400 253
393 245
156 159
109 137
100 244
25 180
200 164
349 304
19 200
6 165
248 339
134 299
134 229
257 282
251 324
119 83
373 23
17 13
277 72
335 146
377 202
72 282
119 233
251 193
16 302
85 192
96 291
198 204
235 224
151 43
179 200
279 192
218 192
100 45
281 226
226 241
150 377
128 56
118 259
386 88
123 357
122 387
236 387
122 414
43 194
117 158
277 99
77 190
103 60
203 45
314 203
385 178
287 35
34 117
47 322
327 17
306 255
161 287
49 389
350 187
241 172
106 369
68 404
168 228
311 100
192 327
10 236
170 307
406 333
369 191
25 161
139 145
281 257
54 265
55 175
51 401
134 241
390 346
294 365
391 188
311 214
111 128
260 323
131 39
358 385
405 402
119 51
56 13
11 153
357 187
124 382
272 36
107 208
306 384
10 167
15 233
258 196
391 193
367 121
171 137
88 287
173 164
111 190
156 180
210 112
347 402
228 288
386 95
38 335
150 185
404 406
340 85
272 275
414 248
86 283
248 203
353 98
77 216
298 247
119 242
237 332
397 38
155 38
155 288
294 340
270 244
230 172
38 264
309 405
33 184
57 241
201 189
417 16
262 127
266 18
179 413
132 256
74 340
151 356
140 309
241 113
170 142
381 295
346 196
248 138
216 11
200 326
219 258
146 51
288 243
285 257
275 105
407 161
27 227
60 393
265 370
290 210
145 25
224 324
136 129
357 244
87 179
297 266
159 184
349 415
91 367
192 39
105 136
323 370
234 356
277 16
96 156
394 202
193 377
293 238
108 56
42 150
325 403
172 5
153 191
181 263
340 203
122 22
360 401
100 409
244 402
310 318
162 377
344 63
401 206
156 254
93 359
115 402
298 72