475 533
32 4
266 357
144 54
452 271
457 27
226 146
397 84
82 354
287 106
54 413
325 297
44 446
376 452
392 133
385 291
145 232
147 396
297 307
225 413
153 143
436 400
50 446
431 415
203 430
416 215
191 213
370 335
291 289
187 74
214 278
422 235
337 76
118 429
371 69
438 444
229 282
345 441
427 373
150 326
151 440
305 58
327 361
204 466
153 388
31 47
459 47
90 261
271 192
433 411
237 24
284 184
335 115
4 46
27 263
375 95
364 27
275 221
400 139
68 230
371 31
317 468
289 307
241 415
43 45
193 473
307 259
294 271
241 381
135 238
384 293
15 157
191 245
401 106
162 44
207 165
409 296
332 287
202 73
425 401
220 465
141 67
403 115
269 343
375 7
262 263
12 315
8 392
427 191
453 448
221 63
145 94
336 294
247 366
21 375
456 133
6 281
335 113
261 4
190 1
313 278
369 11
324 107
425 188
285 362
310 163
19 256
26 15
295 271
116 76
34 228
46 442
337 385
447 409
162 41
71 309
346 425
180 261
241 116
84 399
293 437
42 198
144 150
95 202
382 307
341 103
367 292
221 104
346 62
215 240
245 98
361 94
41 338
127 62
472 194
417 176
224 332
38 143
340 168
6 178
337 7
55 202
422 50
314 372
243 342
195 106
245 274
368 23
32 305
11 412
250 19
382 422
289 9
134 178
25 230
418 212
456 11
50 296
290 167
245 70
164 50
362 204
222 408
320 174
108 468
13 1
156 111
87 101
153 447
82 60
223 238
293 99
458 275
270 449
196 73
137 120
368 253
355 160
159 94
437 408
327 70
436 201
275 24
432 7
234 111
251 447
429 418
388 209
72 213
220 221
429 209
204 430
409 57
124 135
134 352
276 56
474 178
2 26
322 368
408 232
315 37
337 351
268 429
146 449
347 111
78 263
326 327
233 142
150 189
420 173
297 186
345 189
405 143
363 428
332 270
327 456
444 446
69 194
298 463
411 33
337 356
133 188
80 226
464 429
29 268
39 267
17 83
137 325
37 310
256 318
274 309
434 209
95 209
199 192
207 184
230 44
32 362
433 393
2 30
144 385
52 1
185 156
77 333
337 27
214 446
456 179
284 115
382 13
152 46
27 12
279 425
322 356
97 314
317 253
217 295
40 244
70 365
25 37
219 287
49 225
161 382
132 460
175 171
105 469
345 31
182 299
375 237
14 431
101 313
373 226
344 9
236 37
6 315
205 454
187 171
59 455
198 227
297 411
99 87
33 4
116 466
325 90
345 148
163 57
329 441
472 447
471 148
445 133
370 317
296 340
423 434
368 455
307 254
258 175
393 14
261 355
321 44
53 190
358 43
67 123
233 204
68 456
139 470
261 130
45 98
59 50
50 105
311 264
441 266
195 424
86 195
246 408
45 187
363 55
472 174
119 129
251 315
280 132
379 447
110 145
174 368
4 312
275 73
93 227
54 318
355 206
319 105
418 32
134 385
421 97
13 439
425 262
423 224
435 136
224 151
21 437
1 107
228 14
16 364
165 177
171 152
58 319
302 75
257 329
217 293
310 32
36 25
461 190
149 441
156 271
443 175
324 23
229 273
316 126
173 58
258 286
126 109
98 340
65 452
150 91
364 445
104 123
338 330
133 378
364 34
299 137
170 46
271 232
207 63
262 405
175 54
394 411
407 306
346 251
217 21
467 194
386 441
49 128
270 327
271 56
316 307
267 460
192 275
457 392
159 402
333 43
116 231
159 202
411 208
203 259
259 20
187 10
58 10
352 71
100 320
376 162
379 465
410 266
69 123
79 353
375 422
234 347
262 431
300 352
264 267
230 235
94 96
307 97
181 407
178 304
130 139
74 123
358 401
326 31
420 319
32 345
346 419
113 281
277 170
291 27
362 12
376 128
67 278
468 437
39 174
55 193
291 441
350 289
125 423
203 4
40 269
376 44
455 243
291 310
156 218
219 446
41 441
277 58
320 122
310 184
113 302
307 78
390 187
49 234
468 263
412 240
223 436
273 176
110 204
203 440
145 268
432 142
59 323
27 307
252 87
325 327
82 4
116 393
162 475
136 64
108 135
44 186
417 17
216 273
473 191
285 221
458 373
43 159
359 105
63 331
471 102
405 469
435 360
49 89
333 234
41 128
319 229
250 60
451 145
91 81
124 121
166 204
352 471
416 100
401 314
332 358
307 452
4 96
380 225
103 403
360 76
346 95
305 319
267 105
263 167
376 316
206 197
267 260
193 18
324 175
306 237
36 254
334 274
214 359
73 117
341 224
150 386
460 10
337 117
396 339
475 415
99 93
120 193
171 199
195 318
383 367
204 164
33 141
470 236
406 55
56 61
42 214
217 35
28 388
347 21
126 239
344 250
144 12
84 111
172 197
345 132
174 47
144 264
76 4