66 151
63 57
27 36
14 36
34 59
42 11
24 7
61 21
66 16
61 60
33 62
6 12
16 24
7 9
29 10
52 56
37 28
24 17
9 24
34 50
6 11
15 39
23 59
57 13
49 66
5 6
44 24
46 8
20 33
61 37
35 20
53 38
64 50
22 40
40 15
27 30
25 52
58 24
29 66
66 56
17 20
46 61
50 21
66 9
18 21
7 14
8 62
38 65
46 59
25 11
54 7
5 2
33 11
36 54
36 24
16 47
49 59
53 4
34 18
62 7
27 34
56 47
5 17
1 39
45 39
14 54
63 35
51 26
17 58
31 17
37 16
58 7
33 64
46 17
50 1
60 64
29 55
30 49
21 30
1 59
29 26
47 30
26 66
37 22
26 12
10 11
11 20
59 61
61 9
17 1
54 43
15 34
62 46
23 48
17 65
50 17
32 2
53 44
35 41
25 64
20 18
3 30
37 15
58 8
53 27
54 47
59 37
17 29
25 60
49 55
49 65
33 45
43 52
23 37
56 22
18 45
4 6
48 38
34 8
4 39
56 23
16 55
53 8
49 58
7 55
46 60
29 4
24 40
32 44
51 52
54 21
51 32
45 22
65 53
51 13
40 21
1 40
61 19
19 38
63 19
1 54
28 27
13 22
8 51
31 53
35 32
62 3
10 54
22 2
35 61
40 62
15 32