343
4456524 -3157700 4801204 248070
-3783904 6529012 -503052 3789292
1869440 7563692 1198976 7024200
-5690318 -6086393 6831004 3006528
7029448 5351004 -4063328 8725252
-4381060 -1808688 -4644877 6705904
5392668 -7386436 -6757005 -7769652
-9932112 9782364 3031464 7357502
-196360 -565048 -4285200 5778024
-5224706 1436617 8030684 -5201950
-1371336 -3566428 -2917108 -426030
-9565970 -1715336 -9171664 -2727272
-5936126 8125344 -3907784 7081016
7812444 5707806 -5816356 -971776
-3872960 -4931130 2002264 7842376
-8120167 -4455206 4069396 4353224
4400656 4599619 -6012332 -4058592
9780800 137772 -1179924 -8471024
202468 -7243384 110656 724376
9002544 5548676 3734496 2583718
4472260 2335793 5458476 -1890476
9260700 4627670 562100 -7408116
-8186688 7555010 5838332 1556432
-3099684 6938541 -7486684 224220
7124838 -4715884 9164328 9746956
9886312 -4675776 -6884949 -1580200
-7891240 6445672 -8489912 -8328201
-7011641 3439484 -7870576 6429196
-6142328 -5442728 8810712 7475168
5974776 -3559768 -7957680 946264
-8181980 -5749536 2213820 4983720
-3610064 6401412 2185308 768732
6289802 9745240 -5531852 -6524644
9221264 3351204 -2968180 -4993520
-9259508 3319540 -7668548 -5497060
-3104252 1645611 7283412 -3087048
5639756 -3205336 -4143856 3160376
5243346 -2516644 7273318 2167854
7226867 -4723992 -23232 8752276
3990948 -5291582 -6881318 -2231343
-9471984 -7452506 2589036 -471634
-1077764 -8785793 -2067790 743324
304628 -5846518 3276572 -5399030
7187726 -9632040 -4353732 -8546600
-6914520 2971668 9607351 -529040
-1866254 -1956679 3371580 6129128
-5496708 -2811533 8544902 -6547396
2316366 9010757 -9121880 9551976
5539804 7033478 -765336 6082852
7849596 5856100 -8482044 -8604456
-7994453 -5722184 6728832 -3175830
520665 4488642 -870070 4548912
679190 4451538 6003240 498432
-1730860 5360410 7353104 7898268
8764003 6444244 -163639 -7510130
-6560940 8696318 8108706 -8179150
2766752 -9589656 8697812 3073272
-5779082 -8387723 8158957 7748138
-6645910 -6480376 9482102 4826082
2300656 -9923830 -3832900 6108152
-4165564 9099442 -1616940 6619652
-1973936 -7806864 4905622 3099084
-8866452 -1057686 -2751863 -2250608
-5962272 4978211 -1906076 3593356
1852307 673716 456561 -9834240
1287750 8330500 -1828728 4309766
7719344 -3832378 -7256684 9282020
8802006 8653108 7656818 8118936
4734716 8071302 -1651696 1368809
-874002 8693240 -7143485 -1637328
1503362 -6168898 -2207330 3065969
9146060 8371549 -3099104 1944804
-399128 -3420638 -995736 -666098
-6140602 -7344176 -883904 7209130
4080368 -8403856 -3930808 -2991104
308742 8907913 646397 -5852618
-3913792 -4428126 8066324 6250864
6395664 -1633944 1637252 -6326838
-6536864 -4127127 -2663838 -2711290
-1268156 -1137532 -1760354 8325430
-2535860 2304228 -4905632 5329424
-352924 8028016 -5974432 -7919042
-5268536 -4517480 -715568 1503474
2088320 2024372 574197 2822280
-6980052 -6871795 -4285324 2340720
-7870704 4306448 -7614468 5981066
-2846632 6301300 -7867036 434888
-7277978 4903273 2196344 2512268
-9026592 -8367022 -7792035 -1676706
-2243808 4092584 5852288 -2059564
-9453814 -5077553 -4106920 6385636
8678514 -6221372 -8841542 1789758
5090242 4254944 -8226038 3310716
1949412 -1144451 2317216 5271604
-3913461 -1685854 -3236076 3422744
-4434778 -4774828 -151221 9533797
7376380 -4370928 1886596 -1471544
-575284 9728764 2292678 253844
-8440089 -9995732 718800 6952936
-3769654 4455248 -9882446 658324
-4902553 5208428 5681500 -6177740
-6593746 -6024814 -5369480 -5712029
3194004 3980896 3976084 1102620
564372 5763790 -565291 1657304
-6013646 5194892 -1027228 8764516
-8829148 8265686 9129124 9848630
-3988320 -8624560 5873760 -2510836
-6132032 7251732 -2080704 -632052
9978099 8146660 -5795392 -3374752
-1367460 -9920385 -1186992 4409462
1753108 8353773 -9438426 -5804088
-4131133 -2183120 -9110380 6122800
4720944 904836 -4543756 2807473
2641840 8402208 -3053220 -5283604
6765488 -4333076 -2287216 8663067
7360640 4674658 -8138200 -9096008
-8508802 3292938 1630834 -2091140
7896082 4631046 -3280472 4738060
-1889160 9800926 -3878588 -9977324
-4657436 7518496 3258064 6260092
-5390900 -9042856 -9009301 -1803460
3373226 213610 7007796 9559608
4989093 -1027432 -1080800 9408768
-4766636 9027527 8185343 1734088
8995133 3879812 -4075656 5108160
-8921200 -6753972 7607007 -516356
1798236 -7321108 -7591034 -2764002
5844176 128292 -7758284 8277808
-3725782 8501650 8866280 -4096348
-6584136 1689208 -259120 6639252
-5775484 -832698 5398135 9332576
9258340 4296201 5156260 -6899776
-3653984 -3653755 -7341792 3352284
-8990008 -9862324 3453832 4909404
-3128739 3375026 3401120 -1665052
3824540 -3816764 -3666975 7392736
-5896882 -1788496 1724756 3993661
-7598968 744554 6757108 -3199668
7969612 -8890484 -1395464 3579752
2215532 2173755 -1049964 5031340
9449008 3842166 6411868 6394028
-9904472 -650620 1569604 -2416122
-8690044 -3973774 -4542773 1073368
-1226576 -7717512 -9092256 8333424
8851048 7336480 5599572 1260548
7939534 -1389750 4451964 -1935196
4202328 697949 -5021585 4539936
8484032 5724064 -2397292 2618312
-9498048 -7242568 6041696 2007336
-1667768 2345766 -1635720 5622262
-5796668 2723754 1796858 -8242288
2028894 -1357864 -844196 3902352
3421500 -9489748 -5770852 -6038786
9736276 -5710618 -6252508 606452
-7431624 -9339892 9587804 -8939748
4778770 5113820 3179520 4726592
3194466 5625168 4705860 2811320
9485116 4451040 -2581912 -2717296
719199 6387984 5614366 3053784
-2190320 1737922 7105556 -7416636
-3533914 -7985200 -2036606 -3491800
-7377620 -7885287 3175360 -5944549
4012720 5917356 -21668 4721288
-3519032 -807659 -3305472 -4232776
5968764 3754555 -3654692 3059560
1445568 6868835 9482213 9194692
-6025412 -8783300 -2575264 -3021951
-9457294 -4645804 3215764 3198732
-3344940 -7605694 1879616 2413212
-2006816 -9917004 -2581872 3608066
-2872804 2405121 2382996 -6716598
3359828 4950732 -7135180 -93744
-3136100 -2844532 -6272696 -2206344
-5400932 -2896400 8692336 1026268
2864729 -5894924 2906497 6855126
8577880 -4677684 -3259631 8489693
-9099052 -5981666 3491158 7230188
3673132 -5765480 -4851196 9398976
-6515990 -1497681 -9556536 -3024207
-871320 -3247626 -2420375 9893712
7410116 -9040018 2160375 1125455
-2046160 885876 -5025122 6807786
1129680 6795109 -3640946 -5662922
5613600 3825740 -2333758 -4902796
7915500 1314932 4393320 5577892
690840 9653456 -660360 -9177286
-445320 -2555408 5060518 7726942
6688256 -5385812 -1791668 4734276
-9846656 1180964 2964272 6599148
4948352 5956346 7493440 -9265354
4639544 1325224 -3659940 -4827192
995252 3387000 3162656 6796384
-1560323 -6528668 -3613384 -9669320
-1362984 6708296 -8394684 97366
8807644 -1292626 5789036 -4436144
-747032 7988228 4918928 -5248712
7220467 -5253212 4933072 -3229276
6387608 422412 -5477168 -8644117
6546294 -7870196 -2157048 4404068
7598836 -8081698 -8769332 2267364
-2089444 1795432 -6765500 2818928
-6204672 -4542098 -6835075 8838948
-7090576 9602124 4777228 8015486
8960456 1789272 8481684 -3748324
8283684 -1629374 -676912 -1339528
-8608630 -680708 -2980597 6442472
-2444544 2184042 -8877576 -4258708
5535674 -6499324 9943059 -6673014
9990436 -5279456 -330567 2269312
-8427070 4265388 -8710006 3370753
7310872 9737206 -7839036 -6691180
371566 6829044 -4775908 -1406412
-6027876 -7914300 3183238 5151620
1813072 -4538343 -9900697 6840932
721692 -3923764 2449584 6286712
8379070 -1158467 -7907900 -8920456
-3075724 -4302100 9581578 6242413
-2608268 -6283440 6866680 -2688154
3506547 5847375 764648 -870738
-6567708 -991966 -1974496 -3637605
1543396 -8806830 3959460 -2639860
3033142 1690300 2795472 533324
-2835037 2675792 -3764190 3351872
4418440 744434 5394356 -4453976
-8114828 -8480310 -3602823 7222728
-7158780 5129272 -9142528 -354623
-6240044 6282286 7359984 8314280
-6255116 -6076048 -9965160 -2227640
-6941040 5281720 7043559 1613606
6338872 9018692 -2507702 -9773560
-4915258 6403604 -9903620 9640810
-5656416 1188296 9361934 58976
-2716136 -8064074 1986408 1552320
-5994694 -7404768 9463752 1762957
2876694 -9467316 4099676 -8647748
-6739182 -6206620 6947412 3295976
7851740 8865312 -1976354 -2188938
2216248 9703356 -1443822 -1245340
7919772 4472412 -7560691 9023076
5250712 2209602 -3777088 -6282114
-1203740 -7969976 -4474124 -3993324
9269966 8035400 -6472806 6447823
-4396556 -7391356 3028968 -2313428
-3050024 -1180202 -7413592 8598829
-9508807 4726723 -3052720 -5395892
-3432050 -7496995 -11152 -1856217
6891632 -5402562 -1718044 5925249
6664351 3695652 1985924 3177056
-6442481 3388288 -30484 4180124
9944068 4786276 7390712 6458068
-6596148 8038340 -227784 -6393906
-6318868 1868528 -6664780 -3439993
6097984 -9937004 -7907375 5638348
-7802649 -1571274 4175676 -2338168
-9298684 7239680 4518606 -1176220
-3246732 9078496 9018786 -5830737
6567906 -76865 2129190 3726600
691840 1495329 827408 8778878
-6352783 -4861517 -6967120 -9234365
-4219208 -7654952 4114384 -8236902
-834324 -8035052 9265673 -8499972
5733064 4554513 7352504 -3260572
-8249712 -5258892 2729153 2603012
-5876524 -1891648 1666892 -6189268
-7430356 639564 -3647780 -1117286
2285276 -6240274 -4478287 9583706
3282104 7347851 4361512 -945792
1089012 -1483080 -682452 4108672
-9724846 -1162859 5899088 4691366
9432884 1058639 2668916 -3658196
1491072 157892 -2686592 4999636
-8955728 -9487970 -8784544 3278236
-1156036 7028728 -2459920 1362240
9919012 1185524 6028288 -1840368
-7139900 -1149088 -5802680 -5990228
-7714000 6652040 3472572 -6438700
-5197984 -8426704 -1942508 -3975656
3967964 -5014040 -7347172 -8040160
5309808 -1904392 -7369960 -9984950
2561858 1141690 -1597232 6794368
865152 9016016 8181606 -7436496
-8380192 -4852984 -8693576 1052952
6314752 -2931100 4876472 -1078200
-7493340 -4541204 4139564 -6509240
2771424 583366 -2355404 -2671182
-2020489 6993200 8743560 277880
7336858 -6392357 3916220 5614688
-8247472 -3428499 -9146744 2806426
3738460 -1140914 -6876048 -6152435
5742004 8712952 7704860 9393206
9732318 3974386 -8870647 -8091472
-9455418 -3900540 -703972 -9276148
2319840 49264 -972914 -2272184
-4673108 726122 5913188 -2617295
-4308104 -4498046 -9900306 5855492
8551788 -4148276 1175312 -9090100
9420260 -1201828 -3474300 3347744
-7439660 6715330 -3437604 4609608
2135468 7490268 -5364572 -3136416
4780624 -7118180 9921540 9673332
7379476 3169808 -1928776 -1390322
-1369926 330648 -4044728 -1807352
6903442 -2874666 7405384 -963364
8893700 -671468 5819636 6513384
3372227 5922703 -4014152 9261480
-231210 -2915652 -5927192 -5963884
8240496 -3632261 2954916 1895366
6409216 -8138714 8380800 -5324592
-5717293 1808288 6497632 3369276
882360 -5306666 9153856 4556134
4663535 -5163660 -2922276 6157132
7615865 1453976 -3515808 1407528
-9530520 -3268508 978812 -4652928
-9871724 -6681164 -7808066 -9477508
-3796800 -4384684 4431068 -7899920
-3784877 1305360 1240972 -6864028
-7491850 -1308082 7783140 -703540
-6852651 -1282612 4052520 4972156
-8439584 6343749 299372 675128
6247419 1366676 -9017200 4464600
340592 -1155435 1354839 -6065446
-1539246 6121800 5557780 5155584
-6929876 -7562246 -590367 -190668
-6491172 7955594 -3211076 -386845
-91882 3859044 -9148072 5717256
-1576142 2074340 -6703306 3648912
-2019552 -3370150 4638892 2388708
4074246 3902240 5710168 2732174
-3929065 1200252 -2539952 1139440
2396061 -2193490 3355096 2294652
-2311016 1680496 1534794 -4835457
-3475780 4010376 -3307328 8364576
-9378556 -9114564 -8635527 7142136
1507884 -9796866 2357806 1769040
-2296202 3286268 9056484 -723522
-7249056 2845480 -5204396 8044720
-862720 -1780796 9989188 -8452382
8052384 -7044620 -2669068 5423112
8266172 -4833468 -4965600 1532176
-5274604 -8258928 1495548 -5214912
-7292908 1854564 -6201984 5023100
2194836 8229406 -5686310 3938584
-1417876 -6889854 6319138 8104732
