373
-5626898 -9806890 -2618216 2909808
-4772869 -7304852 5564788 -4667656
-3948348 -2141076 5010016 -5729516
-2569560 2250038 -5379363 8236925
1916544 6668252 -2835124 -6753390
-8614955 -5381498 1673448 9879907
-3544660 8615576 4584328 -8658323
-3983394 8022314 -3194188 3842704
6614508 -8294528 5692468 6946208
-5024280 -3789032 7315231 -8122132
5871736 862934 9092384 -6392590
-1810688 -5425012 -7140256 8329352
-3927688 2894588 2709368 -8573276
4624763 -2683000 5107217 2667654
4845132 -6515144 -282298 7284904
4551604 340632 -2314476 4481113
-8893996 4002450 5456781 976359
-3391227 -2231213 9783736 4045664
-3503202 156252 -5965324 -7891442
7291604 8203585 5748448 -9108324
-3458260 4845127 1812645 -4864420
5872108 220865 8767235 8038556
8218105 -6803804 5720308 948950
-7146116 1215284 1343178 6988992
-2679632 -1847569 9380545 5895538
-1559700 7410762 -8946412 2990567
-9891018 -483040 -7946996 -7542814
-2796912 -3443440 -168452 9566679
-4813380 1391265 -1111440 -428359
9239314 -9699304 -3106328 -9638252
-4416492 2042540 -2578543 2921508
543214 -9316955 -4232752 7571419
5652739 -65918 -6646769 -2534148
-8819024 -8110024 785602 6490696
-6322908 4092124 7941185 -1574552
-1956232 569651 -5196162 104202
-2276364 -2906376 3283824 5321522
3287540 -7033237 -2840246 9471159
-1705980 -9938687 7778496 2793542
685168 5090144 -2652001 -7947985
1610604 -1278028 5369565 -3739060
-5527916 2648884 3669908 -9764098
-2107144 -1023392 9200556 2057860
-2309248 -2656188 -8309624 5894896
9926976 5805034 -4778408 -9148095
7752780 -1923849 -1580280 -6114930
9965416 547080 9811820 -2020156
-6951202 8388992 -8727856 -495358
6503369 8596172 -4463477 1926288
-780968 -6326380 5593638 3556452
6163100 -3693164 -9502856 -1133827
6661020 3908228 4598040 -5314132
-2860600 -503096 -8504591 -3778716
-8270104 -2602484 -6143256 -6508908
-258453 -3495592 -2257052 -1250956
3976934 -5822481 6672727 155008
-8876016 9561305 9675224 -9403746
501107 -1389816 -3229316 -6722512
9173062 -6156149 -1441008 5197976
997114 2952862 -5648903 -6816906
3078524 -9593716 4528174 -3733400
2911363 -9799738 5189480 9148940
-7437552 -9466246 2657768 7526540
-7378092 -8772013 5023144 5915984
8266186 -3582292 5408672 -1169982
9915106 828018 5071322 5363031
-9648964 5246316 -9523356 -2140085
330580 -3451245 -4058356 -9368108
-3748045 9091532 8234916 -2983672
8511264 -2822844 -231886 -1034687
-2329848 -9720664 6450364 3008700
3986836 3820696 -1266473 -6484276
4211388 8181974 -1822498 -3385200
9614702 -915032 -4966604 -9711468
-4561324 -751284 9894092 814976
1432355 -9704552 1203490 9062692
7786832 -9653712 7266128 -3856860
-3944868 -7282422 9897552 7836952
2308142 -1037420 -3268340 1590336
858704 -4054968 -1343392 -8859356
1557754 -3748132 5950498 -3307983
-4674748 9602086 9314326 -5340548
5825022 3048796 7465832 1223920
1669388 -1101492 6981284 1599464
7967468 7356480 5346237 -9843797
9368904 9683049 1686045 -4325052
704624 7059560 -581320 7028729
-6635828 9951074 -493646 9552302
-8068118 -5303210 -4986876 -1348301
-5830764 8843968 -4703942 -4195224
5371800 -4869728 7442496 -3016708
8321134 735320 2161732 9447492
8196880 7632202 -1370264 2183733
-7360359 -5584456 -3204370 -6772960
5242104 205520 6802219 -7032000
7737068 -1751749 5771616 -5274932
1175108 -9082024 4417908 1938012
-9703836 -6508044 5763396 -4287296
8506740 2786407 8489940 -2469600
6571392 -7803560 -3236088 1959880
7913492 6603892 4391112 -1829840
4429350 -5703793 -6922530 -6388342
2641338 -2387474 7245916 -4029016
-9071988 -1740524 8294382 5693792
5581532 3386320 -6885696 -8798538
-4034740 4358672 7646502 6561874
2711096 -2462924 5261172 471409
-3521896 -5660508 560896 -8260336
-9989088 -506664 -7991614 -6469404
37361 6151824 5817664 -6826952
-4373884 7721972 5624960 1658592
9512236 1491836 4222522 -9506822
6133766 -2780808 9456180 -7992152
-7969522 4280696 9836888 1430004
927312 -7624632 -7617784 5688600
-2453904 -9015016 6910152 -3616716
-5019045 8190172 320531 -3590964
8907080 -4551476 -490164 -5028126
1876788 3892191 -1036148 -8762228
6968742 -2232636 5733594 5631170
-4763468 8998848 3479734 153512
8245024 6114006 -4583864 -8837972
-5978668 1914772 -9177358 -750163
2977720 9143794 -8967936 -2465420
-1772200 5367936 2012020 -5415032
4553142 -3205568 -4537672 8396644
-8593736 2904342 6522744 8311448
3594045 1615771 -7209121 6965436
-4600784 176236 9546304 5162760
4847765 -6622670 -3978006 4791100
-4418736 2755728 2499816 5370128
-1037208 -5384604 750216 3279588
959282 -271688 1786340 -2205524
143704 9709896 9959440 -7144348
-3967448 -8218548 8795376 -5875052
-1145694 -4215774 -8621124 8599440
948062 9802204 4336060 7259120
6213364 -179666 8100020 -936433
-1347692 -4731852 5746088 6332472
-3046148 -5310916 -8329336 3860284
133672 -5611908 2635364 465948
-8738436 1141352 -6267160 1769008
-614824 1288384 4483147 -8021712
7742404 4115022 1692840 -8085204
9186728 7369116 -5966286 741866
4991168 9875920 3534848 -1691724
-8416478 3581583 -8066440 -2523582
6675620 1095296 -7612332 -958248
-1493052 9852400 -6891163 4404664
-5949420 433840 5901280 6369296
-3691117 -1672204 -9706177 -6696880
-6133640 -5417584 -1908690 -8314654
-507400 -96592 -6354420 -21036
740035 5883176 7478040 -2709964
-3709044 5514760 -4647538 9953527
5620780 -8967112 718612 -4837652
-9330992 -4442078 -6009609 -4101800
-8923188 -4465086 -8017280 -8844096
-8262192 7560328 -6473612 2634262
7559538 7480602 -4359749 3718200
3065544 -9113144 7029070 -3279988
-6790956 -9944588 -922944 -2788277
9691050 -66072 -8978540 -7225936
-5543092 141172 -9671124 -9025124
-7742724 5297132 132318 -28404
-6201404 7658728 8591818 -4958196
-8789148 -9495688 3395755 5411484
4249520 7953024 -4051915 -8475540
-1938992 -4929696 1890668 -4187337
979606 -3844156 -2706142 7322276
7716540 4514812 -6242696 -4418492
6979328 6905632 -9141396 -3695924
-7823164 6985467 -3811480 -9130780
9633340 8447916 7862296 -2066642
-2652165 302344 -476928 485136
-6062884 -5221356 7553206 8884244
8140816 2690084 2328624 6700688
8165414 -692626 9081336 -2998942
-4306072 -3915296 6482256 228564
730160 7454956 19418 4848388
2305180 419108 7969337 5007328
-6799250 8269657 349520 -3727740
-6930195 -5399492 -7291172 347124
-9977676 4028968 204560 1652165
7062460 8962808 7524933 2325720
6079168 1379736 -4608751 92696
-8320442 -1504516 3671552 5253764
6519460 -5545259 -412084 6912804
-2049192 4072460 3069712 -8549440
-7060304 9353072 -512616 8052544
-39700 -1172804 1514622 5652635
-2032641 -1792672 8785158 409624
6637840 8924034 -4860452 9436804
-4788328 -5184658 2753820 9472324
3576560 -7346566 -3457600 6619956
-8132408 6995004 -8934751 7883518
-6316344 -8617036 9866358 6964574
-3307132 4958832 -2223100 -2168310
-1979280 -2032600 -8166400 -9070336
4345030 5812676 -6950470 9461916
-8474907 2660364 8158473 4168356
-4094338 -8378164 -9329784 -9349254
-1146271 -2966464 8584596 9601820
6235036 -71274 -9521464 -5918804
280980 9421679 6372530 9641532
5681904 5905288 -2552598 -3132483
9323376 -5439411 7678488 3991350
5806540 -8316408 -8568823 7771028
8614680 -1075284 -2155423 1737848
5477628 -6483172 1438244 -598876
5202996 2448924 -2712972 -5558288
1503124 9824132 9831552 -7028532
-8194008 1710818 -279384 8595500
-7391512 1804804 4245488 6454420
728324 -2857248 -1277748 3352382
6918263 6622400 4639175 -8854980
1251464 6126680 2209534 -1523300
-2537132 2380226 -4062112 -898876
-8749734 5447047 -4555019 8292738
897520 -5479392 7189516 -6857672
9157676 1717410 2080200 -996364
-4450468 19154 -9969392 -4582416
2719267 -1879124 1347616 -781509
1025104 2892913 2584072 974716
-9906052 -1531186 5506988 6901878
-2453918 3329393 -9760476 6584580
3969313 6474868 5256928 -372854
4454008 -343076 7584688 -4369689
-2000560 3943136 1550680 7944452
389928 -7073500 -8242768 -8971552
4595342 -5312160 -257802 1630620
-1395116 17172 6312144 4693664
6780244 -7121422 3548014 8177068
7822050 6288294 -6339912 -251254
-1515564 -3838184 6470679 9444540
-596328 -4583488 8035282 2886984
-2666224 -536888 7662852 -4831170
5494984 -3647544 6368224 -8077979
8531316 -5449696 -6867537 -1918292
-8302456 833088 6425416 -1293480
-5695096 7816416 -2302102 -7006824
-6237820 -9527662 -6501966 2763756
967302 3027116 -9383982 6024464
4525712 -6100302 -4233048 -3288412
-9061464 -1788604 3627910 -8698232
-6659152 -2216993 9561279 1914080
-3002704 -5715612 5954062 -9520332
-15163 6039340 -7369666 663784
-7706908 -9428457 5260280 -8158832
-6844912 4139660 2654593 8577368
7279544 -8996448 5402318 1097954
3386144 6930640 -3361892 -1581776
4582208 -3618618 -2413260 8557556
-6551168 7162384 -765008 8293274
3639903 -2245990 -2518976 -298624
360620 346136 3076312 9378420
9158384 5898460 1517755 -9982280
6781292 4247884 -8614700 997051
-695303 -2848796 -5200356 -5359092
8415987 6608186 -9960712 9364708
2770116 -9302972 7936660 8334124
-7066832 7268886 -870686 5839340
4298348 9852636 -2895564 -3678380
-2700904 9677084 -5545083 -8095356
-3944316 9310192 -4306550 9506736
-2339688 -2618744 4629752 -4926580
7315901 3685072 -5318620 -3370242
9838632 6305620 -9477672 9144740
-2672308 -3199504 -2390040 6023084
-9417254 959779 2531824 -8423466
-5769238 6420900 -4076536 -9770072
6976527 481948 -4074844 -2981488
-6304508 5122642 9036 -6902866
-9422632 -6750890 8809496 -6886026
-4775048 -6621442 -6021268 -8102574
8737469 -9147563 8123536 -4140426
-5389422 -6922412 -7160800 1545558
9790622 -9236628 2153276 4505964
6216637 5521260 432480 9955016
5459622 -1571216 -6583476 7307327
8653268 880332 -1776192 -1706400
-1053672 -25874 -4921948 -7176006
-2951020 -2575336 -4347680 -9786072
-1944508 -9830320 -8405568 -6600574
-523656 5111674 -7211420 -2721472
3869139 2284568 -8110220 3228880
-1209996 1552594 -8370972 -2582864
-812016 -9909536 4657692 7588728
3213368 4356176 -3014792 -4482328
702612 -8655398 -7483508 -3198052
7184720 1322516 2440896 -5625394
-2910756 -5600513 4769116 -9706354
8886736 1095812 -8346277 9818544
-1439677 -980 6297500 6941732
835200 7238372 9928232 7980452
5777340 7147676 -618236 -6112958
-2295004 -542697 5528400 2272496
-5958800 -349208 2373134 -4521210
598076 9557984 8971647 3401079
-5965292 -5463856 974492 9795916
-7269336 5951392 -2885972 5549800
9245884 2000352 9878965 2495172
7521620 -9304248 -5040292 8035028
2944800 -3796608 6819692 7837016
-5862868 -1784235 7776172 -6558104
1563856 -7452476 -6071524 3777620
-4467428 -3615973 8124552 -2346976
-1858692 3645262 -1434412 850380
8732164 6262204 4220604 2519468
7593644 3987690 -1155985 221384
5690287 9997814 -2303420 1345742
3379198 -7697720 6384316 -9697675
-3316370 -4489476 -2947144 -6443816
1141634 -9963676 -4404932 2278960
9182684 7012960 -5889518 -5223002
-8319588 4930424 -7301888 9996918
-1654498 6879632 -6605508 1135388
-5727156 7687404 5736032 3092308
2557940 -9943411 9149272 2836346
7862932 -3000076 716221 -3548224
-2017976 -976136 -7874220 5531262
-2951232 8748168 -2583664 1486912
-8515456 -5535602 3170532 8523182
4325487 -599789 -8567732 6588898
-9745575 9131284 -5778215 -5421718
-8191737 4947742 86748 -5042444
-7160332 -5440488 -4042840 -6147892
-4713188 2673339 -381916 -2019276
263368 6133800 -9823176 -4092852
7736552 -3637104 5701531 8443826
7282112 1048024 -3084472 -9556357
6009500 6550064 -8277732 5292408
9558468 8856976 5451132 3451554
-1466078 5391312 920486 -6307266
-7548660 -1860482 9088132 -1834304
-748064 -6416821 6909050 -8565373
6764592 -5711800 -3436544 -2830436
-9838621 -2766484 -4778174 -5241880
347142 -1641025 2319642 4448910
-9966550 -4059818 6016152 -3633068
1101924 -6206288 6086896 8207464
9677028 3484964 -9080244 -6643236
-8148456 7667028 862840 8334690
4139016 2482062 -7831056 -1458028
9580518 -3876050 3133228 4547254
7045104 -4447752 -7239368 3429454
-441120 -3831342 1411256 3278768
5149668 6755920 -2439916 -9749112
1862879 1320226 -7557049 9262396
-2413492 -5923879 -8113456 -7731204
3140432 4925810 -4926148 -8963884
-9645280 -5094820 7039528 2318360
-1927904 7294587 -3106680 -8848725
-1279230 -4754722 -8368151 -6433836
-3472922 3331266 981028 2573068
-2847274 -917038 945184 -5225658
7905110 -731612 -5385372 -2692376
5655912 4564509 6541632 -7341812
3308028 1495456 1370560 2425740
1475340 -977004 -8556542 -1815211
5848066 -7894180 1859612 -7932644
7087734 -6792140 -55896 -9277140
9242228 6442500 3501356 2326626
-7716108 -6807846 2084754 332712
1055487 8024992 5459818 -6642303
6363356 -3049840 -6261466 6007892
-1147342 9066546 -2954750 6624252
449512 -327433 -5984204 6529262
-8537468 5981988 2287280 -8074388
-4764012 -2826904 3706864 6915364
-8074116 -3095083 -3345176 -2633660
4737592 1172148 6515444 -197212
2488200 5609124 -8776280 -2811815
