792
1954451 -5300943 4614424 -111396
-4097800 9984444 9212512 618254
5112430 -4775428 -7414476 4011290
-504748 7539004 9022540 4920396
7500540 -228816 7671408 -815372
-320028 8910875 7474464 -5758436
-4387260 3378324 693116 -171890
3652037 3450108 3789329 -5945974
-7014080 90639 8529664 4854636
-6508602 4617222 6796518 -4911392
5152200 2027075 -1002927 6246294
2233720 -1229251 -4540584 4497212
1166948 -1163316 -6045748 -2821438
385000 -3497713 -9110529 8676015
-458984 3033408 -3647954 9984212
509416 -469786 7825432 6760350
-6566916 -4182768 4395588 246160
8261464 -7020678 -9387870 -4080928
3130240 3968376 3354932 4066876
9615380 879286 6264900 -9281288
-1236496 2217000 -9523356 -6215796
7649216 2343876 1458532 -3164708
8256180 6488784 6983284 4164340
-9084078 -5071876 9299088 3183668
-4093680 -8409864 4632476 -8186040
7099650 878756 -4777652 -9690428
-1610266 7470360 -9149656 -7153752
680388 -3475916 4148034 -8279112
2608920 -1976186 -3423868 5471846
-1378248 -2624760 8193449 5728152
8850403 2540120 -288724 -8498012
-8555212 4192932 -8363107 -5273444
5081268 1802932 -2296308 -5210404
-4080738 5242024 -1149652 7772437
-6644348 -117788 -766600 2295556
6356068 846764 7948476 -4091872
-9235606 3647658 8292954 6857188
-3687096 7139380 6782100 -8247840
-4156564 -8987080 7266472 -4734808
-8682958 -9741766 3401417 -6653132
-9505312 -9227904 -9582044 -7289078
-1488765 -2698047 -5757993 112588
-4848812 6250488 3648868 2822746
3051704 -7294736 8011420 -7348080
9938908 7563422 -271477 942008
7983212 -8020303 -3238738 -8653584
7935004 7752868 -6934044 -4998888
9691138 6055784 -2985840 5405001
2796380 1933884 6093012 7730484
574448 -3429035 7361996 3798424
7019252 4904355 -8956548 -8441788
4616778 -4207672 8134885 -8363440
-9212017 749673 -8604737 -1105882
8443692 -4101792 356674 -1066852
5851008 -5293274 923204 -9453328
-9189988 -2298844 -6382266 5105428
-8488222 -6842018 100212 5940606
-4931834 -2273000 -5188808 -2045078
5925216 -8029320 9363752 -2146415
-2699475 5940768 -1082028 1407800
-742288 8581448 -2990894 -8372928
-2435368 4288808 -1845064 -3427432
3058217 -1528805 -4311196 -1386976
2763300 6481368 6150744 -6412588
-4650460 3344088 2923688 -5264404
-1081656 -1794602 7900444 -644244
-8010047 -9990848 8079676 -581968
-4793202 3110168 -3566052 -8158486
-1875944 9024592 -3077900 -7288596
5310600 4428820 -6613821 9350467
-6566060 -211206 -6563798 6670612
-5273600 1918430 -3801084 1899032
-1368996 2869004 -4944474 -7106476
-3004904 4376520 -7268312 4047636
-5096684 5854904 -7358790 -8765756
-6032226 5107984 -3200864 -4543856
-9279586 5861610 7572412 6995784
-9885300 9497884 -6769008 6967308
4005568 7786036 -7873270 7359472
-7810072 2543868 -3601010 1204608
-3736008 2986532 4553742 -3457668
4315956 -1024150 6671404 3038762
-9610336 -6654795 8481032 -8841376
-8756764 -2274716 -5722856 2458190
3774230 4640781 -8056732 7328368
2481328 -843065 -3754052 -8518076
5571158 -3816552 -6833070 -4004892
-1481336 -3765970 -3492786 2622048
-6797025 -8227284 -482840 5566010
-7256848 5026050 85128 6196193
4520478 4942981 884000 -3967312
4021600 -6910564 -4884652 -3905444
-213756 -3019681 -760990 2003024
7091388 -5746028 -7982442 3262244
-9419510 -5568920 -172820 3662406
2313408 -2959408 3626305 9157188
6221125 1645982 -5544358 1048184
-60444 2142996 6120244 9822287
-4031928 5459364 2415404 7997967
-5415932 9924096 -9365290 4889654
3663706 3600374 8158028 -2023882
-555716 -8990860 -2110887 -7984236
6228150 19652 -9107112 8858318
-276268 -7971716 -3864676 6491237
369912 7267036 -7607280 -7609548
3216208 -6533616 -7454596 -9844932
-6835776 7750040 4884992 6858860
-7294560 -1488239 -3226826 1609316
-4583916 -4809464 4437116 -1912458
3622324 -3154548 2039208 -629860
2763736 9439204 3772300 -4098492
-8885831 -4444632 -7551016 9439638
-647844 -7765480 3339296 -5335956
407715 -1901176 2097832 9338857
-3279972 -7894364 8714100 4398792
-9794372 5316038 -4118436 -7474300
-656684 -7033120 2439760 -1424644
-6885496 4344952 -7463344 -7367784
8547948 -6562845 -2484891 5119448
-871416 -2897404 9126410 -8294752
-567092 -2096870 926328 -9734276
1268285 3739788 8452256 -7979116
-5600782 6144462 -3324251 2330981
-5056098 9578920 -5551496 3818136
9019684 -3189912 -2818476 -9433276
501236 3538289 9337248 1124943
6020240 5188268 -6524816 7702260
1272874 6103448 -1779972 -8421081
2276472 -7717904 -9931558 7510476
4107340 8909106 2101372 8638796
-4165720 2427340 -7820464 -588873
-7663832 -7950184 2664104 -3607304
-1246860 6929896 -3405522 4494480
794244 -1779184 6089668 -5723492
8019008 -1951050 9409842 7452903
8286136 -7815214 1385591 6482178
-8961044 -8365684 -3623772 -8373156
6268152 3605980 -9523052 9675788
-6325240 1781992 8309788 -9858424
-6490242 3745937 5097508 8170694
-7742540 -3908008 -9837888 -2069043
8741292 4804177 3004548 8177072
-8454800 3689360 821312 -2021768
-8638420 -1885578 -5206022 -2799408
4050992 2621740 -7887640 -3320995
-9589324 -2291656 -8293624 -5722986
-3689751 1823452 1506596 7822992
8581864 -8642844 -6640836 6091102
9999186 -1848124 -7506203 -4944296
-5869152 -2224706 481451 -6844972
-201634 -2789880 5736032 -6174872
-3613400 2082172 8678224 7515592
9614958 -7809754 -6825764 7495074
9232160 3013428 -3775826 -9501362
-8813077 -2971056 -5950986 -22472
-7389938 1779864 2475824 7395948
-8727392 -9784788 5454904 3836880
-4724152 1726260 4351972 5595428
7945280 4973532 1839476 -5498482
-6033134 472516 388768 -3265408
5969852 -3792697 3614163 2684988
-8054944 -8082787 -7403036 -2053098
-9280388 1298604 -6457268 9773946
-5214900 -9841380 -2686722 7210416
1354504 2597206 -7621284 1233792
5162392 2600564 -5975080 -9134316
9851557 963780 -1536642 3650479
-1228420 9746028 -13457 4279634
9919455 7836168 -6642671 -3068222
9678284 -8171864 -4177714 2122134
-8112072 2784940 2118234 3537588
-795672 -7176456 5737420 979352
-422191 9464970 -3191572 7965116
326652 3237368 -859268 -8510928
-5889132 649708 8241119 -4930716
-9587368 -7420860 -3618953 1768536
5879676 -633273 9108109 3635908
-4698270 1198080 8964808 6625430
6353698 9389312 5749692 -4642108
6478064 -8911747 -6655464 919764
-4310282 -9934844 4972828 -281820
-4909802 6042552 -5781596 8852072
-4482924 2147414 8181952 -2451541
-3290472 6971500 -4834958 9004692
1382090 -5821636 -7676948 3430832
2044756 5660814 -4522564 8274496
-911556 -451104 9384176 -8605052
4091060 -2924682 -6874019 -8498714
7768260 -2966640 8725002 -63934
-6082200 3778645 7030790 -6495864
4793192 1790898 -909095 5950476
9462581 -5844904 -4096 -5869506
8245388 523089 7192784 -1224641
-8237352 -1943836 -8955260 -6372352
4440560 3897636 -5617221 -603332
4042842 -7950744 7719487 3318149
7518012 4592056 5938504 4515000
327928 -2129588 -9290808 -7158608
-2218840 -9704712 8384902 6671186
-4601128 5915060 8858112 4355536
-6737744 2146520 -3055352 3485358
5318758 -4517865 -5081688 -9008217
-4968201 -3565198 -6585488 3554613
-108764 6655476 -1717916 -8561616
2483448 5907926 7505976 3321018
8333394 -4277318 3546612 9014060
2035940 2756920 -9642885 7697252
8933206 8547856 -343008 1791570
-1583920 -1993068 -4718522 -6529354
-7787180 -7684129 1817192 -8901551
7217148 -9679580 8509680 -6295272
2089706 -5839426 9748647 1848996
5094138 1223232 -7207261 -8472867
6391272 9822152 -6068424 2622996
-1817904 6319404 8044972 381620
-3173968 1448268 -6980886 -7392860
-5878244 3234696 -6962800 -8991418
3903464 8754576 -438656 5108940
6188388 7958984 -5606720 8370260
9062968 2282948 -3515236 2184296
-7763034 -655562 2612199 7590208
3898354 -2114696 600194 -7198359
-297232 1238830 205244 898248
-6673960 2367944 7915356 3872060
6567656 1601356 -2449908 -4665987
2469097 -2551204 9150860 7714680
-2140668 4030262 -7917964 6909936
-4933296 -4632984 6043924 6848644
-1685608 5140352 9392560 2613652
-9654952 -6358382 -7509352 6427028
-4878817 -787712 -2689537 2055896
1207884 9651390 5892772 -9196140
4437442 -2969338 -4308812 -614056
-1576214 -318916 -2890496 -3610574
7849984 1098384 -1427088 72445
8231136 -9320091 -6966018 3622523
-3926164 6857380 842772 1582906
9428868 1400036 -3300234 7618450
9712444 -2211976 -6297478 -2687084
-4163225 9016732 9657764 4813728
-8420980 -6418992 1155322 -3162760
-6819268 497344 -2066524 6949684
4965710 -7164388 -7406170 -5781820
2642632 -5097740 4723984 7417308
9563048 -5108476 4775240 -112460
-634388 6098826 -9202442 9088224
7430200 5035610 -9121708 4876626
2349614 -2000060 -8688246 -8104730
-779665 -1198144 3526492 4603740
3459328 4339604 -8292568 -4654846
32798 -736132 -5428868 -5594720
-2375232 6677552 187378 2743288
2161480 -5868113 -1227884 -3245232
2859086 8312362 9973654 8961673
-1675809 9488844 -2785776 -1280324
-2857392 7770708 -9602408 -4179948
-9674824 1425344 -6982932 -2856988
-7242532 -3665048 5163792 8683564
674212 1544040 7729608 -4370224
-7048152 -3315530 7623928 -4999223
8272236 3498124 -8120274 -2265816
-9362181 2783051 -5940784 -8992454
9991472 -4794808 5640438 -525968
-5888968 7046842 -8505783 4247444
5252252 -93580 -4327676 4424015
9675606 6597608 597688 -8908848
-3118542 -214719 6384961 4093820
-2159520 5503070 709810 -7685798
-7861218 -9287924 -9737408 7817792
9762290 -2800292 668568 -9494204
-5635092 7652460 7821724 -1442168
9236452 -148396 7195884 -6644632
-3100364 -6234896 -1368486 5089396
-3190940 -430526 -6799738 -4847004
-6150384 6707876 8871168 -8758736
-8076587 -9156616 6680374 -2605308
7410976 9346608 6458804 -2357784
6848937 5657688 -2971294 3943060
3571832 -8319364 -6289804 4902455
-5650762 735032 -8612348 -4573836
-1112118 4676648 9790024 -8972612
7158472 4829979 9619080 -5706728
-7452308 2204304 -6834076 2620604
-2956622 2754476 2819768 1846408
-3809862 -9022563 969592 -3290602
-9921084 -965288 -469215 -4530356
5874344 -5777576 8604718 -5427824
1838966 -2490538 4013935 -3391817
1514216 -9273560 3058674 101744
4302372 -1896360 -1317464 2601544
-5570018 3995110 -2600353 -621668
-2068548 -2601988 -6266916 4877540
-7507344 7445629 7058684 7418484
-4049356 -400364 8189920 2613320
-839271 5906432 -3759980 5709825
5836240 -9272688 6643173 529908
9446166 2288507 2851984 5057168
-9773474 5421160 208466 2934368
-2675128 -9923020 -5447022 -3590160
-2371346 2881004 -6800830 3888464
-5132452 88136 4965200 6344752
-323068 -9545814 9102312 -4036364
5322440 3053208 2099560 1121681
-646984 -9881200 -3397096 -9666960
2951124 -3042740 9513240 -41864
9572317 -221224 -8452768 5748760
-6834668 2308826 5538889 3330858
-287176 -8343424 -6242712 -6164694
-3395644 5600396 -8022276 212820
-513360 -3208050 7643848 -6095204
3115798 -7812660 -9279744 -3166180
-7857992 9737394 5061262 -9958075
5238066 934512 481320 4554124
-1612252 -2742394 -3206264 -668574
9996432 4141824 7700708 -9012585
642469 -2174326 1125035 8460753
-1799504 3978655 1441416 -8170772
7939164 8584796 3781616 2973892
-3460388 5866066 -7154720 5246914
-9434127 -4218104 6937869 -3640510
2063245 7955572 9616960 5671910
586551 -4380784 -8152440 -1742828
2729404 -103196 -1192792 -5568596
-7470828 9962866 6925652 6952580
1617742 7715340 -6586376 8946068
2540056 8176130 6884904 9568416
8220636 5255768 2043266 -2774016
-4524049 4119172 6910652 -8063893
-4464548 2912532 6702184 3979748
-4914968 699183 -5691992 -8694530
-4466152 -2385592 -9019034 -8169840
8137612 -9814260 5626852 -5888712
-1408852 7893374 -3839468 4495797
8643630 4883940 3468410 -6163308
-2527028 7323332 -2427312 967371
9173676 -5696764 -9117036 4691540
9395484 -5286168 -4077572 -5726175
-6768936 5926764 -2119156 -7190872
3622472 -5493662 -3435928 -1183116
9800912 -9386134 3769085 7410031
-4707104 456356 -213192 7325608
4285178 -9441422 -8899634 -3389772
6595688 -1256180 2864774 -3923164
-6052676 -1466380 -4331106 5132284
-8811516 2832936 -7561628 3156204
-6649544 116202 250468 -8379748
8293566 -9100609 1028464 2201324
7767980 9965956 1313440 -5686348
3011080 -6393236 2945136 -7603912
-9974192 -4811918 702412 -7929134
-3963344 7705668 -9352099 -9167140
9414816 -9874832 8974043 1725302
-6396636 5624996 -690992 -4635399
-6415924 -1654828 5072638 -4302572
645846 7414946 9006284 -3253542
-4243888 -2366036 -9740256 1231984
-9610316 3894846 7683338 -6681137
-3773640 -6818492 2753648 6379348
-5938557 -3198095 -4977306 -4822753
7798326 7452622 1938676 641731
-1934794 -3660496 7257392 -2531557
-3689620 1703256 -5537328 4152289
8374719 7454008 -8869004 6166706
9565044 4293272 4209872 -307394
-8472444 -869148 670384 2552776
-9644908 -9548824 2101384 -3900050
6119584 1997229 -2243576 8197276
4131820 -9395880 4090160 -7523731
-1098164 -6546284 8778700 -2461220
9406608 4815144 5404207 8103048
288316 -4493800 3031601 7190442
-9830925 8203946 -6892086 -3986468
-8745664 -9550339 -7482376 9946354
1411752 -6072820 -4349718 -203664
1062136 -8879460 -2332002 -4429232
-4255736 4956504 -4682870 4583280
8130032 -8216940 2835180 4995090
9693280 3736128 -3151665 -3038341
-4024975 -2794224 1840834 5844664
-3936022 351464 357896 -7696858
3716752 1453592 -5415652 -314912
9920948 -7228660 -4170490 -4250258
-7024468 -3782770 595952 3145304
4288184 -298521 8986096 1187864
6851472 3623280 9009994 -4972816
4274936 -3531836 -7017105 3110268
-5670044 2287668 2630864 4849907
3818548 -3841088 -5009560 685728
-7992 -9199052 -6433272 2893604
9620220 165020 -9318296 -5410529
-3548576 -7501728 857780 -1585296
-7423559 1322444 8608283 8481488
-7866099 3255596 -7705552 -794977
7327064 -824364 -9621844 -7416804
-2162948 6908084 -4816292 -6132952
-8129948 1962763 -4866210 7834698
4624478 5694536 -4309316 3016890
1148188 -9562838 1184340 -7991352
1248355 -5580064 -8526035 5382008
5113712 1553228 1193660 -8830988
-3599272 5234986 3627899 3370224
-9624452 1705704 4541668 -2209812
4409192 -1151148 -1740604 -1962788
-6382374 -9080228 -8760012 -9398384
-2811064 -2974125 -9884656 -7019440
7823763 8033698 2933720 -3492664
9654376 -1598336 2967984 -1338318
4547434 -7562960 -8997716 1653484
-4285888 -8432824 3191951 1615768
1832256 -6816662 -1750048 -9438418
1611166 -8311624 3151004 6237894
2314776 -5314860 -9227828 -1466040
1810024 2130927 1449296 2744316
4625230 -4806668 -6741589 8293508
2023080 -7796894 7036532 -6893292
-4799384 -9110281 2181436 -8041800
4023629 275820 8699248 -930540
-1636316 -1451648 -1798691 8732232
2256948 -2986630 8981446 -1820700
-9658216 -7922211 5401488 -761777
-6352840 -8467112 -5450820 -4776288
-2587754 -3067688 -5070848 4636108
2336818 -5865764 7051430 -3385968
-8383380 -3517492 8493007 -8183920
-3771054 -1502036 -6975072 -8787232
-8222012 6787292 6239562 -1855893
-7631072 6122472 -5565000 1178008
-7793158 -1890432 7468301 3662228
8713640 -6310340 3553037 3313176
-9461220 6613612 -8930928 3031435
4765040 3304655 3388764 -6708516
9768056 1625058 7622397 -698958
-5160704 -5284416 2426932 2934496
-8240028 -8791272 744184 1972154
-6157340 1070808 -5178904 -7543638
-1644072 7746650 3456832 2712392
-6387570 -6559270 -3496513 2134960
-8730605 3568292 -8488266 -7659058
8366372 2633304 5705546 6584916
2161076 -6953332 5366786 2441450
5268360 -9042408 5228235 1177648
7118482 321600 -348476 -6853424
116606 6886506 9364360 -9258812
-9356016 5758964 -9428844 -8715236
1459278 3886990 6940124 4531436
-6209094 6085482 9975490 -9783704
2763460 -1219868 -2606980 -6429852
3114324 996756 -2276148 -8844212
8006621 -9542250 -1724840 1152628
931703 -5836096 -5594296 -2394728
-8898085 7133736 8251900 2329582
-3701991 2176407 -7316228 3596188
-4641034 -3527766 -3396801 642194
6514860 -1635934 4329336 6942012
3578952 1150676 7714166 -3441060
9573300 -8340458 -9207456 4977563
9412424 5938560 -6290616 2157872
-9043764 831112 -7296360 9383942
-7226736 5176973 -9626888 2179803
2732576 6308372 -5234692 4905422
5895360 -8909670 4548037 6229588
-3906188 -8020915 -6588056 760537
3308472 1548882 -17530 -1825092
-411816 -7489800 9082188 4897116
-429736 2540308 -6098581 -4065814
624364 -7819552 9209392 -8623628
7869796 6506464 -7529532 2496312
3036976 -8882824 8033072 2720076
-3816119 -7121324 3232088 -354135
-1687020 6348356 6496304 4720872
-2764624 -9574478 -5081216 9388796
-8389882 -9202701 1954238 -6306650
-2278736 -2538068 2863909 -8714384
5962632 -4885407 5537100 7298516
-2254796 -1334832 -168951 -9002236
8105291 -4794398 7355460 -1604528
-4230166 -6089548 3465488 8605428
403632 1501896 -6546580 9747104
7329661 3764510 5302922 2284593
8321616 7960248 9348404 -1723846
-7434900 -1014864 -1671920 836764
-1240044 2528753 -8742672 3078156
2971054 7717590 8531008 5819498
-9108208 2899416 8936594 -3263815
-7770132 8814632 828296 2055320
-4351376 -7037058 571360 1798062
-7408948 -1630074 -6828308 5248124
-2806920 8536796 2734828 -8816533
8852294 808116 8106862 -8757668
9901603 -1325988 -9392304 -9325704
-5150512 -89011 3637796 8057787
7074347 950955 2125028 -6617700
4137647 -733202 -8807288 -3206678
9042036 -9265759 -9425092 7382181
-381186 -4976306 2125532 2777478
1584112 2704948 -5001048 582508
-9870060 -1765417 7147240 7291920
-2665756 -1053166 -4368560 8718905
-7816535 2616032 6970939 -6407918
-1700370 -7714092 176008 5555958
6908 6351592 -3684145 6380768
3887476 6476582 -4170053 2860334
-4041378 -5231148 3136366 -4351486
2382844 -8287928 -7380446 2867468
3985902 6301800 2857668 5737392
-113196 -7598112 2713520 6501776
-939212 -37072 -5436968 5668880
9498888 8373240 -7281684 -7762748
2364650 6426322 5688022 -2748548
-6614768 -3575740 -7993044 -582412
9189048 4464221 -1168892 8025432
649062 -5945092 -459042 -3059196
4794060 -3815592 -1447592 5385502
-1454276 -8765982 -6071472 836324
-5370564 -2649990 9268696 2273540
-1409768 3151412 -4885352 -8183296
608352 8908592 8128816 3000498
-4886572 166328 994628 7658068
7253908 2062773 -4169242 883100
-5393076 9112326 -948859 -5244540
1538560 2951732 -8689580 -1987956
-5476468 4380016 8223252 2887646
-6091528 1137527 1659412 4753612
3104980 6477767 4022220 7684448
551104 -9568809 732674 5483293
-7447568 -8629704 -9454516 -7072791
-957908 -8699928 1620620 6672796
5870716 4777756 6292848 8121639
-720004 3912474 4320976 8967972
7602028 -4316008 5976985 6782176
-5181938 -5965252 4190352 3581000
7770422 -3463733 1140164 -6947112
-4497952 6371456 3278060 -3153604
-4988452 -4104532 -3395804 5915948
738488 -5275504 8572400 5743640
-9732572 -2914140 -9072708 -6228820
-2275571 4838400 -849620 660126
-2870466 3116272 6744312 9594708
-3073092 -7670908 2849256 -2862758
2414868 2782230 1178103 6981184
3519016 -8348772 -8749601 8577136
-7931844 7539840 -9641736 -3417932
956949 485766 4945920 8585274
-816088 1342052 2472813 -1395784
-2036387 -2340064 -2521552 171760
325972 5866916 -3755620 5567728
-8335706 -9032346 -7544946 -675264
-6718596 -7532800 -9885332 -8366300
-2594420 -3096764 6852694 -7629577
3328576 1715048 8471272 8076684
-9995718 4763890 -3735452 -9110212
1002931 8153688 -4893207 8455912
-5207672 -1336396 4806832 -8210974
5505268 7932010 -8763632 -7766348
3191524 6958710 -5992901 -6134540
6954478 8175656 -458892 3270201
-2332614 5656136 3533023 9681856
-5447654 -8094536 -6849776 3639631
-2364408 -6560475 -554118 9373340
1829778 1286000 -9403824 9404552
-5274688 8539016 -729997 7853359
6129804 3418462 78132 8064200
2865220 -2738994 9252531 6195484
8073752 3738860 3567994 8791994
-7323540 -6036956 4280682 -4577638
1843868 3530275 -2210564 -4070740
-8782240 8773177 -645700 5094054
-404972 -8187960 6903278 2372990
4069138 7648684 1426400 5905767
-4856408 5815536 -695872 6939516
-7622542 -3824912 9520750 -2747156
-6316878 -5935010 3974960 1728976
-9494672 1554806 -2989680 -8084788
-7525960 -992900 5696675 7990776
-3162386 6048452 -8420208 -9306230
-7356452 3164008 -7364937 6277108
6993256 9410236 1762448 5889976
8450450 -5016312 5860220 8299592
3714212 5724820 2387297 1743540
-3374473 7854272 8873252 4975056
4147372 7630980 7601960 738088
-1319504 -5647203 -5450856 -4318587
-2333028 -2802904 7131902 5748992
7375512 -8385180 188380 9473788
-2616978 -9646740 -1349805 6513108
-6059996 2522003 2070406 6856108
-4428300 4033636 5050220 9208573
8738390 -941408 -9685334 -1476260
86722 7328728 -6154392 9249954
-6433112 2129496 -93816 -9140267
-2958148 -5341422 -2999016 -6319438
4832252 1525972 1407462 3509674
3082436 -4415172 2909746 4150276
686542 -4458468 -7497972 -9077780
-5150616 1186886 -5971212 -7397304
5995712 -7472136 -3165668 -910982
-8244396 -5441796 -469037 -6239416
-2033892 6819508 1381172 -7250552
-1180407 -9401274 -9635645 -326059
1255256 -8023176 4856106 4945911
1526796 -6633760 9000 9349714
2133064 -7097872 -4145600 -2278208
4715360 -3260675 -5316336 -1277262
-3174224 -309980 9806880 933248
-4804268 -5881980 -3418212 -5509952
-6522728 -6781396 -9583312 -8792892
-1626616 93593 3847806 6358284
9540836 -298960 -2480075 -7891484
8287220 5419260 -4972986 4598936
-3941736 8715720 -385638 -2491756
-7283812 6151070 5502092 793004
8122572 -8145472 -4920 1028992
-3026220 -6952104 -1024068 -2812705
-5188448 -8834652 6029544 8806000
8096792 -9493376 2709180 -3561784
3271176 5644520 4036580 3149344
8750424 -709386 -6403309 -1046156
-4534280 2689197 8978808 7091654
-2170144 3255808 -2377191 8260636
8584352 -3143156 -7001104 -6762704
6308476 -2983661 -6260310 -2796894
-50208 5880272 -1364533 2525910
-2885704 6005758 -8464948 -324656
-1356560 -649343 5271478 3931472
7393752 -1706168 9618116 -9436928
-7163528 1191406 -1087973 9949684
1534622 2329820 6883486 -8205760
9511802 1475958 3788084 -1367012
53646 4953164 7604908 -5835264
-1040337 3705884 -6591716 5838728
2291866 5636210 8166386 7528082
9697216 6583436 -6378222 -1827416
-7055160 2791240 -8315003 7819384
5762128 -5686666 2403633 -8912498
6225128 -9548996 2843140 7236592
5114245 8968 1258868 -3243724
6031136 4420977 1875732 2295674
-5668192 796632 4439533 -2011548
-2836397 2890400 2078545 3618972
-1813734 -7698976 -1784952 1683000
3979336 -2023884 2360692 -4794220
-7653068 -818960 810488 8882600
4705095 -3144758 -3516140 -6025284
6243823 -6099644 -3823384 9857728
3365824 7763873 438768 953772
6457792 5410058 9559736 -1117603
-5739008 -3553456 8155438 -5626416
3654332 774320 -2598841 -2800312
-7455718 8858424 -3598448 -4498232
-4602532 -8691444 -3288020 8779000
-8353158 1532956 985976 -9715336
-8317210 9987516 3461616 -1154288
-7916912 -1613840 5102162 3913072
-2915762 -7783916 -2630688 -4740351
7608736 7099304 1162336 -4122926
-954264 -2407998 -8120338 -1068214
-2610868 7906108 462944 -7410219
3916620 2816916 -1782168 -3628046
-9630390 979448 -9976616 9950956
-8122361 -765976 2045474 -3890416
-582550 9691547 9426953 -4917057
4422734 -3177308 2931680 3230472
-2778776 -9232188 6460416 282260
-3394428 9117221 5548364 2996554
-437120 -4331468 -123326 -750984
1004736 5484526 -6000964 3177516
4234930 -7867850 6026318 -9796260
1912980 -7185181 -4953132 -8415620
-7608848 863052 6325188 -5596952
-3588160 -6005844 6066624 -8803938
5170892 3250228 1906040 579882
-2031422 5061642 -9822808 9512080
-5579524 -6978372 -4422778 -8033828
-5280592 -4732808 6306168 -6577398
2009056 6727618 531134 -5816484
7979844 8928290 -6733723 3011680
3778660 710152 6800674 -5351940
-1201527 8509968 -4494496 6232960
-8252113 -9316068 -4950336 1628816
-1887652 -394400 -9735653 -242590
9631228 -3875928 6861004 6833668
-6494150 -8140996 9772344 -2747116
-5726617 -3210186 8688218 5004200
7665360 -8257556 8376692 9299110
13104 -2297646 2912196 -3855596
243966 -1877492 4544538 1794264
9391732 1438696 -9994592 5413476
-7952756 -5442214 -1259473 5600354
8581680 5372196 1055836 5927189
-3306350 -9254465 3268656 -753644
-3612570 1443684 5660966 -375367
-2981584 2309896 -3195184 -8973992
9217020 7364788 -2726584 7545510
8885546 -540360 867369 -8008555
5315940 7052258 3202360 2420948
-2735852 -919068 9710610 -3180611
3735170 -4396350 -7646035 -7350848
-8285388 2269021 7348196 -3109003
7785160 8461936 2154092 -3581988
-7337692 5192802 -2241945 -2997856
4212010 -3952292 9084546 7086042
4291848 2393064 878756 8112142
-495914 6271832 6430264 9151917
422976 296068 5051484 -54048
-3686958 8729368 3291424 5320880
-764548 -3744250 2815214 2665380
-4322962 -3046667 895428 8561007
2075506 2265734 -8182816 8422628
6422138 5605890 1554102 -7023076
7272706 -3461848 1076336 -814416
-5690496 5145481 9682939 1796314
2965479 -7043960 -7450552 6431668
-7365032 -1124805 4955338 4468488
-6802956 5800947 5881002 3309808
-9237921 -2911433 7236525 7069588
3860517 7425708 -8068748 6149183
-9776842 -95880 -1030908 -8056747
-4026882 -7268488 3790574 6380729
8864244 6882864 -2462512 5164280
-7280902 -2322812 -5189136 2769032
-2741864 -223477 -7343848 5673168
-2221658 4565608 -2369050 2347476
67364 3886017 3572720 6207237
2681188 -9209328 -6000091 -7403160
-3763228 -2582212 4352982 3034058
-8805180 -1854196 2407834 -5978642
-4998932 -5477316 6319476 2689473
1363102 -4313232 37101 -7768312
-8606632 -4872176 -5621392 4049465
-300288 -7565392 -2815933 4249191
6253312 8477680 9631636 9080123
-4003657 3594181 453654 6086256
7648480 -87632 -3225788 9667390
1372840 2102140 3917396 -5957640
6783416 -7873280 -6186560 8247408
-5969896 7504085 4646876 -431426
-6980090 -601386 8922940 -9820040
203433 -8761176 8838834 1650040
-5270024 -8187990 275482 3571516
9672552 6626322 622256 -4136244
-4349596 -2928396 -198600 -2185764
-6581780 -6694316 -5186076 8459172
4501257 -5417064 369176 -7321216
-4488504 -7909719 -4505952 1672846
-6319858 -7032372 2352587 -3467992
1266410 7676306 9476604 6941676
-2499456 2849055 505772 -3647828
4653971 8743244 1899805 8764804
-9882212 -3550760 -4810380 -8515328
6268954 -7849708 -8078808 5429036
2326904 -2173048 -2221484 7412629
2163520 -9981344 -6999736 9996728
4271202 8796360 -6926663 2360829
6958566 7072378 1525542 -1330216
-3568444 -6336856 9784180 -8048792
4779177 4922788 924211 5032040
9432502 306893 3995516 8185588
-4454968 5710952 9155584 -1533220
-744944 9998256 8215192 4514092
-26556 2803880 -5984534 -4609370
-2096460 4959332 9572854 3235212
-9800992 1260772 6190764 9911944
9620328 1460818 -4613900 -9687280
-6664020 8943448 8716124 4997723
-2120152 6088392 3551474 1383056
117054 -1137928 1126416 -8795948
3350308 2730076 -7785320 6454830
-5934084 4423808 -574236 -7298119
-8051178 -8368763 -7816641 -4119956
3713186 -2869702 9378240 -8078768
9597836 7028491 5729280 -874960
302481 964328 -607326 1699930
2404505 -3430360 222752 1381912
-3346172 -8050784 6605430 4001216
-919456 -3714072 8539544 -1099475
7282292 -6891741 8155369 -964284
3020088 8149566 5006136 9677066
3170042 8357514 -2364368 -8038900
-7212308 4356376 -2996531 8066128
-1963156 8797214 -225992 -5447292
-1408200 -9262952 4208578 4651682
4225400 3998164 -6275134 -9811106
9712216 2949623 4256878 2238557
3315564 5462098 -3612020 -523434
8178396 6077978 -6500343 7924634
-2082800 -6191766 -3123196 4419952
-915950 -5243452 8828234 -2895070
2019136 -8738737 8540800 8142959
-9413392 -987265 -690448 -6620176
7197980 5595328 8482116 1573614
5253392 3132620 6683632 7721648
-7624680 -1405932 -8069493 -4014324
