877
6256156 6307724 9415879 6705488
-4160395 -6107618 7997292 1524880
-9220736 -5812652 -8283460 2003684
-8455584 -8340632 306256 -1584761
2199992 8161352 -3804852 -724475
-5364388 -7497596 -492448 851824
3495316 7682456 -8457020 -9677524
-1190160 -9150852 6371730 -6832472
5489768 -3565800 -5228596 -9005182
-5693440 -9386160 -6808908 -8656239
6069752 6451381 -1139957 5882088
283826 545840 -5780436 -5721212
773288 -5224138 -6342448 124096
7126912 -9511721 -2681906 2881990
312768 -3131264 7139944 8115540
-3995531 -6101867 -1247674 1770482
5435020 2741996 -6031036 7474140
2319572 -773563 3580795 2012070
3531894 -6288388 -7698690 -6830188
6203612 4424196 -3306516 -5325648
-6130796 -6144122 -8378192 -603969
-4972964 -6472270 3601022 -3850152
-116208 7862278 6985252 -8338664
-1399648 1265764 7143676 6316138
-8552488 -8771056 1388608 7968316
7156076 -5499612 -1074656 4929242
-5014748 8235502 -4215145 -6088811
-3652420 -8817484 -255854 4234391
-4230548 -554196 -5100842 -1610258
6714026 -9022626 708734 2550688
3810176 7961776 9011268 573574
6359584 2030712 -5250587 263231
-4149522 -3507434 -8826830 -4125308
5540992 5371796 3064970 -8622704
-8863728 336224 -800516 -3121803
-6730072 4680624 1076897 8810844
3632222 7639716 -6324478 -3000100
-3596928 323220 -7107476 -7944212
7876120 -8418978 -1466649 1360912
-8897246 1997068 8824882 -424316
4716304 -6092860 -8918662 9676752
-7098253 -4197724 3228056 -2146702
-3374984 -4703216 -8066896 2134164
3523756 -6759508 4805005 -1987500
-3382220 -5023966 932892 5082188
-5413621 8360996 -1514646 -2013988
-516408 -6447380 1263196 -1973214
8633424 -9318072 -6712888 2488442
1066976 -1400475 -5967682 -7089880
7777889 -9175670 -3546148 -6942401
787932 -7366999 4635403 -97480
4462092 -7438104 -3553388 2094928
9657034 2424612 -2384308 -4822928
3803221 -9246364 -3773997 7958944
7585004 -1013788 4263667 8445936
1746700 1366660 -5609255 -9489450
-1327080 2321467 -7390984 2044216
-8689436 6258564 5127892 -7449616
-2883376 519044 9746302 -9917516
-3557962 5660252 -3648476 1465110
-5043660 -1955124 3547354 -7521487
-7074996 -2960724 13360 -4024108
-7649972 5136036 1524579 -2169632
5319188 6657674 4778932 -1195082
-2758728 3366124 -748478 8047854
6330080 3870218 4368636 2984318
-8670946 -5670082 53356 2421048
1255892 -4178672 3838459 -64616
6993248 -1655016 -6738622 -2359784
1837548 2493984 -6639768 5581491
-2836640 7263210 -8416080 1646119
-4415520 -6751504 9670268 -3682236
-1939188 8118276 -1596556 -6018942
-5492528 -3032640 -2618790 3840564
1190360 -275339 -9238336 5881358
4296040 -5521924 1372568 -8784048
-4972976 -3869368 -9636632 -3198484
-3627352 -539308 -212082 -7729076
237132 6224248 2152172 -7240732
-4295964 -9268456 6457692 9876360
7811250 -2886918 -3988356 6764508
9311656 -4577408 -98992 5220422
-4550196 -9209572 3497352 -7074958
-6144636 -8637508 -6426155 -57156
-8797788 -9077064 2828012 -5879534
6058184 5950390 -9185050 -2197526
-1497548 -4218392 470092 5998149
-379038 5522602 -2580440 5005848
-4057516 1410748 -4906636 8199955
-9558580 -1638100 5918966 -9839776
5153372 -6671492 -988372 -7517956
3689128 -7205636 -4703511 6576657
-8833164 -7131908 3781520 363662
-1161896 748354 -455692 -2236380
7720118 7162202 8594356 -9152214
7281120 -5341928 -7760409 8657364
1538830 9988942 -7631096 -1563779
2126436 236699 8838960 -3093869
5789248 -7676896 3602948 410392
2178216 9968598 6430569 -7270468
-87524 -9066936 9752808 8190152
-860370 -1424732 1876224 7834242
-4320218 1402724 -4952588 2889805
-6930126 -8758812 -8381731 -8607298
6139446 -868322 -8891036 -35220
1123769 -8498384 -9674122 -9535456
3684424 -9560144 4027100 6812320
-1528474 8529391 7222640 4088386
-5032878 5238908 7361562 8367208
1434314 -507224 -7858744 -1050960
9156262 -5535686 -4695635 -9954676
-9675823 2451884 -5299972 6943916
-3766732 -9163044 -5649824 9069392
-4515196 -2682024 5961836 -2930646
-6115628 -9376116 8157960 -3055074
-992636 5270694 3560360 6193372
-5994626 5605007 -9184536 -8706096
-3776972 -5848680 6965400 -2416650
-1263764 784755 2795287 -9150412
4563816 6635568 -6624922 5367072
2759296 -2401116 369708 -2229011
-8550848 -4124734 503630 -8462516
-5731444 5361800 5499888 -3389476
-9803460 4867740 -6334562 -5194168
6765954 -5588088 2735372 6624213
-8439076 -7773888 5880798 -9443857
-2861268 -8777292 9284160 3256880
-2415214 995416 1663746 2883140
7202570 3966184 3458565 2003698
9294456 -9244582 7181604 8550764
-9112317 -7518567 6992172 7303256
-607172 414488 3685308 8446964
4144134 -13312 -6237185 -2680702
8459430 5014772 -5079412 -213228
925624 -1455864 -9178984 2282232
4184404 2436354 6979040 2677582
-2702750 -4723878 -1147980 -8056692
9733544 7808928 -9284118 2589498
3339128 -8809239 2490924 -9593534
-1093596 -3418054 4167306 -8037264
340496 825616 406448 7350360
1594622 3081964 649204 1810012
-2743596 3921280 -2093476 -8477448
3557251 5114158 2403858 -138816
9369681 476176 1666754 -2767836
5053076 -130876 -4794472 -6453828
4325464 -482512 -3362741 9577856
4697884 -438002 8814048 9152288
-2850780 -5924344 -6673456 9491852
8271216 -8756987 5460685 9050916
-4169656 3799121 -6594616 -5035782
-5829750 -2778000 8504926 289606
1731248 -5644916 9665324 708974
-7322708 -3776424 4097444 -5705285
-5531904 -7780608 -5590988 -1662556
117564 9410312 1300840 3597404
-4394405 8668814 138382 -5052356
-8326390 1301520 953180 6504834
9654404 5815482 9167248 2746706
9092412 6416618 7196546 -1583360
322492 -2155352 -3842958 328774
2234886 2472972 -5665258 8422340
4850428 7680618 -3528300 -742238
6326804 4363068 -2846284 -3517748
4681476 1041668 1688266 8102320
-9541992 2315776 -9718612 98160
8216744 -139756 -7700068 7205858
6256188 7017502 -4432892 -8580506
3737408 -2878706 -1755732 2383116
-6145336 3482884 9661780 9076024
8253556 -942428 -3523408 3329484
-5359691 -4664628 3075890 -5207564
-2694117 9965826 -1637528 -6901778
-6636156 1726040 1360172 -5337248
-4545759 5956441 -3846128 3050536
2071093 -8587740 4016892 4228098
-7243394 9968702 -3481132 2664408
-6257800 -9400328 -5440122 2704568
-1446620 36832 -3815599 6463994
1458968 -9172808 -9778928 -6359384
1286982 -9017073 -3825997 -9871236
-5066008 6471882 5544392 -1427452
-8068552 5292686 -1950756 -4060346
-4029272 -5796732 -6266276 -2812232
5602448 2301860 -9168456 -3070832
3317128 -997224 -7680248 2485336
757000 6675846 6994550 6815640
6745308 8533088 -5847632 -3858599
1875031 8584532 -7043257 -9143514
3801716 -4477561 4532372 1619508
5365525 335092 147096 7068040
-549908 -7522268 816344 -2160436
5530844 -915703 -2835100 8117456
-2585904 -5171704 -6972232 3458805
9472764 3201636 2669391 4066365
-3271360 -4161972 9216330 -2461254
4444936 4393724 -136926 -4108636
-3514936 1046493 7392201 -4174921
-9624484 -8836284 3499556 4379648
-1414056 -4766924 9811044 -5504540
4627954 6397808 7513121 -8957866
3117712 -5134864 -2660854 -9444556
9403016 -1363828 2996 -9825520
3904264 -5722128 -7894292 -1652828
-4796872 7728696 6683394 5737604
-6049672 -6685476 -9390290 -6196902
-2725520 706680 -773924 -4512562
6448538 9314815 9632100 -8368794
893724 -8297898 -2049518 7069115
3279775 -8639332 1994768 -9597368
5325928 7503852 -8892912 1146536
-9170278 2912940 -5432312 2951584
7264252 -86288 -2320775 5509884
-9290796 8039396 -773770 -7062616
-6039244 2631752 -3797604 -9732952
8996988 -1028552 1480245 3704402
-2033693 7090896 8822366 -463278
8249336 -8419790 -9244651 -2523755
1359476 3629164 -5858798 -4017368
-3018726 9966455 -1483003 7264140
9977999 4268698 -869224 -3658104
593124 5299290 -2516527 4814920
-6260821 -7303040 2824252 -9836286
8704910 8371238 -5143515 -7861096
-1724492 1275820 8533152 -9773104
-7452090 489832 3320650 -5954810
6859952 8761144 -5025764 7787778
7371516 7115280 -1246352 -8359920
6299704 -4184508 -8038010 -4049016
6800932 -3465220 -7619380 -124828
5225910 -4229480 2709580 5451636
1744868 7655628 5911064 1407808
-1773452 5522381 -9244894 6542152
3192818 4808084 6571756 5253728
6581184 -3214308 -1341926 1086660
-3535000 -3346152 8460180 2278488
-6161416 -4645635 4104304 -4925996
-9083115 9168409 3939828 1686402
-5735812 5641428 -4549088 782872
-2089176 8028328 -2558688 2030106
804608 -6453808 -9719260 258140
-8385052 -2393362 4702529 -1419984
2973124 7205816 7247064 -7696081
8629084 5635292 111496 8477060
9713822 7022052 -9933060 7024252
2960868 -3700488 1014486 -6947652
-263344 7394174 -4875856 -7018872
-6677402 6518332 -4946036 -7639488
-6688868 -2095898 -2669612 -6205700
376872 -5712468 -3691857 -6055804
-7171356 1798392 2722340 7271375
8699844 -9844042 -7383514 9423640
-1193816 4907192 -4738776 5500984
3234128 2078128 7120996 7233816
-1349904 7616656 -8310026 -7044168
8043436 -3227686 -8244422 6990624
2418620 -3246300 673168 -6055770
-2057824 -590260 9674540 691642
8383114 1063948 913471 -4420759
-6073716 -1114704 -5637312 -3192908
3025076 -89196 -8125942 -5353362
5571500 -3100256 -5212352 625280
4313600 2228707 -7851762 -2170808
-1696728 -2009192 1727792 -8304612
6518660 -9022962 2197574 -1114688
-9937040 3239796 5727380 -1043841
3156560 -3740924 3375440 4552268
-4491592 6522708 -718722 -2508072
-8507316 -54728 8617260 -7483449
5231430 -6103348 6224159 -2641480
-7994484 -9677516 -1612576 5070056
-6881036 3966600 730129 -4965231
-3386685 -4669040 -4277140 -3802080
-4489862 -304872 -271677 2735687
3912077 7509044 1120457 4277772
629254 7117616 -211104 -562268
8381052 4550648 1302376 -6391655
2638940 3101136 6608132 3965292
8074496 -4834488 2705192 1784744
502278 5787628 6010800 -5706700
-2676416 2872774 -894484 -8140904
-7313379 -8655484 3517420 449240
2721400 2532091 -3967920 3078976
-9935622 -4767728 1347434 -1546452
-8728160 4568940 -7035567 5903693
1878592 7468644 -5164104 7051732
3711888 -8907091 -3145009 -4175213
-2983032 -3123828 9819027 345164
7533428 -8439156 5349119 3238524
-1406716 5992911 9334272 -6752796
-2036143 491196 212524 4364652
-5751044 -4910430 5350248 -5575327
2459154 4459454 -746532 1633943
9871848 -2789707 -3614096 -2511616
-290036 -1765936 -3843884 3351274
-5623304 -5825484 1511328 7174124
-1701754 3817452 9841556 -3463304
5154466 7757512 -8422832 -962345
-6046100 -4244080 7921060 5788828
2235922 -4394316 -7393058 -3054366
-9078520 6688658 6523756 3633800
1278590 1361620 -5201308 -685168
-1952736 -7483136 -3101992 4997370
-8413794 -7311788 -5949528 1055212
1422912 4669486 38102 -6129903
-847568 -1755816 6094456 -5339288
-2775512 -7342953 6390568 -2769620
-7774160 -2887604 3896256 4522906
-961549 4220236 -2065857 -2897584
6398816 -7229318 -3792376 9560464
4666880 738256 4865902 625160
-3891864 -262053 -2602208 -1655024
7794092 -859356 -8908368 -115235
-7693032 -3991640 -6435720 -1729304
2712474 2285135 4896560 6459468
6109688 -8334332 7888733 8956372
-5001984 -4332388 -5629180 -5404986
-5994772 3523886 3265589 -4126903
9961484 -3188576 -6798076 8911104
-5717208 -7755000 4037928 4683726
-5497735 -6914184 -3635088 7888216
-2512937 -2412480 2388848 -5780376
-4949848 -5493 1069123 6589224
-9203856 7440832 -468378 -6816724
9105192 -4618340 7887240 7811488
-7411499 -5553268 -6397150 -5461852
518952 -2643529 -1237847 -2488398
-5818268 426220 8959182 -8117468
-8211528 6062508 -7305908 7102638
-2229955 -2403964 -7002700 7148628
646195 9008212 -3341490 6610304
7279954 -9308923 -7583968 -5687959
-9164066 -5115996 5511860 4493500
-5374308 -7384880 -2869660 3015864
-9024477 8888874 -2616672 7347724
4293570 -6007096 8053324 -5213800
-4381024 3924592 5805791 1232572
4405244 7985965 1134068 5786622
3928200 -274968 451280 4511892
4181704 -3119492 -7523136 5327868
-3810084 -8636734 -2473016 7210882
5697602 9469436 4504368 690756
5687084 4915800 -6883604 74150
-3345448 -6254698 4391240 2312418
-4243204 17512 -4913196 -7442388
9545442 -9913948 1897267 963890
5126217 1179152 -3174708 -4957003
2595470 -4204019 -1521400 -8092910
7702496 -5193100 1754228 -763330
8628780 -7952842 -9260636 -5072116
2652320 8449551 6120254 -6102833
7192580 -6756736 -586158 3097188
2465960 -7169680 -2478182 1905936
-6781128 -2739333 -9275455 -4366364
-9590661 -4512399 -8591650 -55440
5013820 -6858044 6506224 -9446120
6513728 2533256 -7373572 4587794
-6355444 4540562 -7445744 3396834
8160732 -5217916 4105096 -5745537
65441 -2206260 8926908 8685680
1550300 -409200 5944904 -8046164
-90484 -696276 -7581911 -8604128
5107206 5153572 -8962352 -8879062
2920118 -2889724 9946728 -2176188
-8834996 4493568 7627782 4058233
4140488 -7345985 -6106102 -9990696
8202603 576844 3551786 334904
8606644 7990884 -3658740 9738700
-5232852 -884544 8611136 -3347408
-2538076 -7612246 -6634244 -1284700
1044776 -6442886 -1955524 2502420
-9662086 3219668 8349422 -9155240
-5133117 -6457124 4781194 7299520
492252 846656 2619175 1956364
-1018266 6320752 2577236 3982316
2071472 -8801129 5950129 9615800
-1280024 -7815976 -7934736 6278704
-2162270 2254586 5731208 6600384
-6221536 8847688 -7040178 9571046
3716330 -3309538 524976 -9008276
6396160 602904 7988860 -6049828
-5388705 2614848 -3611244 3325272
8767488 -8839200 -19004 -2278502
8351848 3644528 287888 6452466
1049600 6108321 3329252 -4162856
-2703180 9089900 7851594 -6578266
-9830560 7363648 9020723 -6106667
8159336 4987320 -2054979 5184230
-9405058 7662392 -600104 7846797
-932648 -7830262 -410884 -7596024
-1568020 3934944 9184960 4047768
-9697892 1850792 -5166700 -8701416
9404440 9355799 -459056 3662272
-7099138 -1486732 5034720 5572104
-4385140 2631624 -4601688 8838328
3306594 -515154 -2157172 3472628
-2348172 5477632 -5296082 5927720
-2156500 1912410 1616824 6697204
6160794 -182184 6696281 8478616
-2864446 1951760 -1665260 9245536
-5665692 -7973176 -7994484 -3727468
-3791572 -6587608 9055440 -2671632
1688341 6097138 -2855270 5634168
226768 1167546 -3889232 3821217
-9938336 -3354008 -4845372 -8730088
-2047252 -480264 6867100 -1970292
4548492 8207020 2565515 -5332128
-9976008 -2974392 -7294372 1250208
2463154 -6094201 4834237 -112958
4022192 -1994916 -5123444 -7714379
-4120830 -7375382 -3051892 -174008
7440788 -8726568 300078 -2964700
9955516 -6950760 2193024 -9234220
-1114196 -7590700 9044040 -4889552
-2543232 -8864346 -1517236 7506423
7436528 9108482 -7290295 -8763500
-9475562 -3426651 -8987002 364928
4466144 3603874 -8470674 956568
-1471356 -8842608 1272492 4432824
4118122 4468332 6304713 1456608
8651392 -4959044 8876884 1499076
1369928 -429722 9420684 2556376
6801904 -8880270 -1640064 3827020
-8480270 4203130 -2092120 -1893212
3815903 -9743412 8746872 6284784
-36511 -1700360 -1390681 -8136564
2128244 -8026256 -5221576 619946
9394394 3420142 -5955480 -3717149
-7923743 -5813168 7688964 2480070
-6748076 -4812988 6332278 -7787528
6365693 -5579024 2138380 -2826996
9287812 -2541884 4914548 2335660
-5353468 -6307308 -2568700 1440144
-2491468 3693764 -4030864 7428506
3276944 -6692544 9013430 -5381908
9687920 2827751 -437276 -953896
4817955 2020748 -7695572 -4294480
467968 3183192 4501124 -3477304
-8689983 -235692 -2569084 7937540
-4184800 -5702294 5362196 -4120236
-5192740 -6989970 2121336 9570635
-9480722 3348334 7016744 -1393204
-1692088 -5404138 3149292 -7339842
3520252 3444236 6554657 6523952
7250001 60118 -1048616 -7255788
1028624 1475456 2735133 5991841
8356128 3236998 -9092751 -814716
4425505 -1472036 1289128 7120476
-280836 9374776 -1151886 8455925
3373008 -6167708 -6252124 5096953
-6875322 -7140836 7282632 -3021580
-7707924 6258172 687616 5949972
-8375564 -2858584 4363422 430534
-438276 -6712796 1735928 2099427
-9116890 -997690 110132 2207744
2462383 -5433516 -566640 -6789130
4546916 -6987154 7778836 2766126
2605647 5620392 5515621 232602
-6177376 -1902424 -2509240 -4077024
7766152 8667434 3259100 -3133896
9271760 -8216058 7628072 -2311126
4699696 -3234292 -1631285 -3918308
-8464856 3746672 4484496 2497962
9054440 1098832 4339676 4175750
-9757232 -9075856 361200 -3297428
-6406796 6718464 -7138426 -4485072
824077 8026794 -7888376 -404108
6824828 -9639784 -7614976 4656473
1684880 -8722253 -5313576 1215029
-7723028 7771502 -1726252 -7492542
7256728 -6940067 -331172 -8065832
9444950 898984 -6665299 4198976
6981960 -8475750 8648936 -6168992
-6020134 4040982 5702990 -1687216
921086 7358500 2350990 -6042895
-335218 -1422688 -4809172 -862368
-6494802 352316 -5821516 1499774
592480 7695152 -1816324 3952946
6191747 3754956 5679501 -6047881
-383776 335994 4272147 4613012
5132288 9818432 -8693288 -2631800
-3013602 -9264348 -6561164 7678852
-4084122 -3709812 -6071682 8030716
-375584 7587716 -5654904 -201328
-868212 -5384108 9502430 -1515960
-3245748 2435552 -8051628 5185019
6040102 2082335 991555 -7971400
8589279 -3578064 -6611980 -6448192
3763140 4436782 801560 2621968
1923855 3692368 9792045 -7813856
417948 -7713352 -2831834 4068714
3165887 4900592 -3918498 1878564
3062028 -9699939 8827836 3840256
-5517048 1141440 -2578616 -6272650
1838562 2305924 -5014088 -596456
-1257032 287728 7082628 4979197
-9366536 -2036240 8485686 3730736
-2642864 1744936 7843832 2784218
-6633180 9459548 -7955768 5784064
4650524 7450392 -5518514 8695260
-6391457 -8638554 5630486 -9335248
-7662788 7477891 6857200 -3131352
6196964 1358364 -8411916 3583689
8781556 -1760330 9330798 9201352
4956801 6926048 3937032 6214060
-2045232 -7598876 8525126 8750762
-3456492 -2178116 -3833156 3201224
-790362 6801682 -4251368 -1868075
-2042024 4805858 1971104 4464036
3879640 -3178586 -6809444 708840
3736392 691060 -8022662 6639226
11844 -4052516 8352397 4708708
-9695120 4769816 -9649724 9293986
5814122 -9473052 6732172 677796
-1521352 -6411448 7102604 4945332
-6101908 -7420964 4878519 -8614584
8691408 -6673504 5222292 7896000
5401572 3118464 -5481264 -4288
-8909222 4264526 4037402 -7424162
-4093697 -149789 -3684676 1156012
-3399224 -9857644 -5585063 8480304
1048363 -6736692 4495925 3308452
-1742568 9458250 -2363403 -6114364
-9260096 7057548 2362420 2358892
4458960 -1577688 -6577916 5038512
-3672186 -3990942 -2983036 -5226572
-5557400 -3713394 2521844 -1408660
-6633894 -2521096 5489176 -9500136
2248580 -2636082 6198868 -9039496
-3810732 -9197308 6925144 9685958
-168012 9752360 124532 -5454168
56764 6655453 -7028420 -2220138
-1519324 -2295278 -9520826 -5353368
4158105 -4956838 -5090956 7072752
8129676 3730270 -5385288 -4319740
-8932524 -338208 9085742 2901364
-1635988 -7473272 3505904 2196620
-9488348 9261490 4058476 -4964332
-270154 3261784 4863948 -2611756
9038772 -9556184 -6697830 3548687
-817428 9539356 -4406156 -3592062
2019626 2584743 833764 -2986148
-9379980 -6282588 3031394 -9606097
-3112485 -9154380 -8230130 1942172
-5223676 -3376688 8947832 4896540
-2492350 -1476064 4588448 7110164
-9782156 3168340 6961748 -8075536
-7406834 -9593384 8158182 7421678
9110518 -2192272 -8137068 -9404620
5350688 9586108 -5919100 1513612
7233584 7379450 -5341708 3656024
3343800 3139507 459558 -3338609
-6423484 8423403 -230264 5009484
-8739742 6583300 4538472 -9839972
5699034 -7787026 -7992367 -772386
7561648 1256176 -1230032 -1509020
6498908 9077374 6529896 6705032
1398888 5418296 -278117 -2934722
-6352724 737886 -1371012 -5056912
4420320 9345384 495796 2719122
5848108 3002364 -5050980 7360289
9733037 -344788 -5522804 6420048
78855 -9425994 8027886 7788882
1334236 -4246880 9630164 7868536
7829359 5000999 -4632018 4619548
-7630976 9540732 -5738276 2312756
9467540 2273306 -8422212 -6776692
-291467 8579314 8326284 -3871592
5842161 -6919556 3428089 -9505100
8324124 196356 -4697476 -1419582
658580 -5958520 -2288805 -3159684
5103352 6248839 3414432 -1773060
8714764 -5600995 6326144 -6559852
6510116 4862368 -5335440 -2687448
745706 3195568 8426702 9529772
231090 -5190264 301262 5782229
-6180020 9241016 -4705432 9481702
-7978468 8715792 8310700 1541670
-3066664 -9822992 8346240 1523148
-2076684 -6275448 -4865008 8588168
974692 7652540 4212068 8205852
1137348 -9357472 5510878 7551571
762672 1579388 5334960 8349300
2461034 2102524 639294 -7464901
1232098 8976572 1425486 -7183266
8128092 6776076 4981749 7024922
6739452 1782958 -3285476 -8215952
-908109 6932120 -2846206 -6372618
-1318561 2243760 9747318 9711460
2936764 8049996 -1127448 -6882447
6916474 -4839760 -1076024 8812436
-5158794 -9517464 -1879206 -810080
2086052 3883896 -3214172 8056167
-691488 -8511179 3772256 -9658654
5168016 -634400 3363168 9406903
-1317363 7095080 -4000984 2711959
4255696 9123132 -9681796 9763449
-5405521 3504640 -3358392 -6699666
-2879089 6457124 -9928551 -424024
1605794 7243216 9245676 3055208
-1505018 4014266 8852556 -6683320
-9998036 5012072 2497810 -716652
473772 -7266390 8446936 1152412
-7437886 -7685988 9713496 -560820
-2162936 -4278300 4534893 833224
4880552 7716020 8580513 8880508
3993660 -8178248 5886120 -9514125
4721452 2797900 846965 -6725996
-6876147 -9783053 5669040 5799208
6348524 -963760 8487348 -2062712
-3223123 -3836504 3592616 -830146
880696 -1903992 8392777 5546496
-9176168 -3801300 -8407848 -2655238
9879292 490060 -2401796 1210968
-6357948 3320848 9866948 6398224
4119080 -743408 3909430 6000172
9938540 569380 5661692 -3592880
2961168 -242828 8616126 -4657755
5576400 3116600 5706084 7478796
5519780 -1329696 -4947554 -7289760
1880170 7119914 3443128 6482196
-2213505 -2216456 4700527 267618
7143300 7295210 9601986 -7545594
-5606804 2132084 -2157924 4602620
-5110808 -6653636 -9207570 6558772
-2163880 234692 6163780 4215456
5806210 9029720 3093956 5838776
5054379 8087532 9685576 7836984
-520601 -8854388 3351295 -9653828
8374012 616724 6287242 1917820
9868835 5236552 -4172517 901780
9369284 -7659454 -9778608 -5178540
-6199708 4754012 -3573240 2249176
-7607548 -4012200 -6033752 635802
9441456 2619443 1532233 -258686
-9514953 -2825912 3987440 6357529
7876774 110124 -2012295 1346016
-2779773 -1537904 5678796 -4852661
5760823 -1960108 8696921 7184970
5394028 -3906528 -2546145 3032132
-4253884 -2260244 2404672 -2403448
9543478 -4421124 -8886508 4582528
-3344480 -3822126 8175592 -4378400
-7916140 -2378551 -4526696 -9544576
7951754 5973688 8450872 2782664
-9041285 4922098 7316363 -4062372
-8617807 5404708 7041728 2647396
-8883972 -388114 2041598 2550804
-6702444 7100096 8677576 -5093148
7310258 4970316 6556800 2727224
2454188 6706846 -9021376 -8428768
-5825986 5226224 4918856 1400131
741704 5646030 -17624 -6637604
6055632 7438184 -6515580 9268240
-6242224 -1819029 5839200 -7918404
-8160104 1159220 2809260 5736132
-745145 2175154 -4005524 -1279708
-486575 -1535788 8604520 642484
-9256400 2949326 5087698 7604638
9180004 5427974 -2011112 -4360601
-537756 3111764 1505214 -1638356
-1307110 -1464047 -2844720 93048
6575100 6972092 -3684358 -1044848
4631174 -1095032 -325556 -55816
-3635384 -1588436 7487792 8952716
4194626 8540424 8325028 1092930
7492264 -1691720 -3842652 -4242292
8751400 2504736 -9000714 -1734152
1965146 4111926 5165720 1640216
-2599402 -5193744 -1331372 6849384
-8345610 522532 -4039896 -154664
128902 3460770 -1081857 7164079
-7839604 -8303838 2026408 8193264
2650652 6604616 -5213167 -6218944
3045356 -6531008 8161752 5648065
6101598 -4954120 -1023712 -2830647
8150948 8084260 -3207930 -9216221
-2408069 -7741976 3431916 3017294
8933512 1781849 2049668 -227148
-7439120 -7296528 -9860558 -4344417
5266592 3145308 -6500126 3796108
3222088 9890528 -3344576 -3530968
-3740520 1429734 -6210732 -3460206
-4866069 -8527406 8980756 -6457900
2834623 -7703212 -904188 -242055
8919820 4046220 9338140 4506370
8183600 1319684 4230552 8283188
8752112 8906078 -2363576 7761802
-3599355 -8916780 5868316 -6900527
2732799 -8361489 5437316 -6803074
2288444 -4665036 8040820 4577250
-7608408 -1089130 -848108 -5362280
-5228513 7856508 -7630008 613368
1512257 -6674148 2222980 -1174184
2756212 2473568 4757520 133674
-2495044 625494 -7287204 -4809024
-6948720 774682 -4759424 81936
-5552046 -5819096 9829872 739694
-1524431 -6479240 3761240 -1490118
-8678584 7192784 939724 1394218
6305539 2164004 3971244 -344110
-9846684 4655192 -4644454 4114556
-5810640 5653692 9462828 -6049748
8447614 1300147 -3221177 -3006136
-7969198 9185466 3524112 -3138384
-95208 -7170284 -5436773 6356782
8913466 7379132 6894332 1927608
1122888 1962484 5636168 -4199349
4898600 -5166358 8047874 6242084
-4093088 4897552 3561456 5524188
7784546 -4355540 428900 -1882042
-9097664 5763308 1928856 -8329912
-772648 4033191 890544 -5493398
-599108 8542836 1988004 2656741
-3998860 1904378 -3758268 9159806
2433697 -8169999 -7590940 399912
-5752408 4131300 -4307376 6426445
-3392380 -8474200 -7822728 8612482
7699469 -4919068 4561748 -6377364
6761945 -2339864 -48804 -4363048
-1577626 5925516 4798436 -2899440
5538419 -1953868 -9022465 -8258828
-8733088 -638224 1511372 -5051706
8206560 -1914488 4298760 -2192988
-6784308 -7530004 4321588 1311698
-6096404 -4500068 3964425 -229492
8322799 -3416812 4699696 4954580
6000828 6842348 4227108 -2801920
-885999 -1346824 -1800528 -1528835
-9443634 -4779596 6056184 -8202680
-7135633 -8335637 -4643832 -8280324
1004817 -1107268 7944626 6218088
-8344960 -4759795 2303341 5816032
8806952 8132536 -1251035 5850164
-5573984 3360224 -396992 -9084296
3392940 5788740 -2470834 -4894623
6801325 8701564 9225430 -4840488
1724524 -6256120 5476040 8257760
-388728 -4024508 -486048 3210464
-9813460 4972180 2310266 7915092
1574072 -2393184 -9554242 4669176
3748584 7801024 4843756 3775308
9328848 97812 -2510060 -1283068
8192892 -5872408 -7179922 -1002936
-9606636 2183448 -9188605 3912948
-2630704 5949948 5789758 -9057386
1089048 -8538476 -3829096 -3837278
4097554 9517944 7665748 -2659624
-8092924 -745320 2798744 -1395496
4601604 -9791428 -7156416 -6176296
9980668 -7775176 9038379 6995960
6528212 3950110 2481090 5900742
-5780232 8346104 9717500 8484584
1187374 9849408 8991592 -1411205
-2098080 2157484 1394584 2270858
-392100 8196678 4994096 7230408
5340203 996964 6237048 -3955836
5493193 -7736532 -8654064 -6098204
-5938198 3731234 5975372 849410
836840 -8646548 2919750 762716
1470116 3969736 -5864922 4150744
-9058932 -1477660 8889846 -6033027
-6737822 -3358883 128 1520284
7125932 -3002920 -5739488 4815892
-5041278 -7098604 6867388 -7710532
2826120 -6352434 867656 6177523
2253116 -2203396 -810752 -6597342
-8862024 -3833054 -8847120 3372992
-5156464 9383940 8778812 8213028
8866292 8482852 -6700716 -2491281
-5504916 9540008 -5677464 -8132989
5456396 -5180437 -9103602 -9631996
-3198924 5645998 -4621144 8127366
8914670 -447278 198412 -9241450
-1037740 7426242 8660368 4825908
1454872 3123873 6439580 6585748
-1885204 7495372 6300024 7835563
7875328 -5868152 8736000 8288300
205452 7277162 3255340 -7956309
4628728 1824855 1980014 2943700
-802050 -2099336 -5244004 -3512408
-9215280 3210504 9080392 -3443630
-4095744 7179116 -4900886 -3912250
1452683 -3883740 8593264 4456444
5094808 -7954929 6072668 4895520
-5366316 9160659 -2316736 2774620
-4971104 5827068 -3372512 8414276
-4918316 -3959261 8246442 8055136
2476792 200998 7729184 6034450
-1865184 -6042340 6227858 3420552
5376164 2859374 729076 3046838
4337976 -8521818 6858691 2032728
5213658 -5873740 -6641140 -4029477
-6261236 100256 -1766190 6531280
8892471 -1598260 6598908 3735353
4042256 -7779036 -5682151 3824624
-8930540 5951316 5002732 -6016900
-4244612 7763988 8912868 1925938
5453306 -8160112 -8871736 -7977472
1017768 -6225702 3140509 -969292
-2896656 3926676 -1714428 -7479912
3250260 -9229756 6612600 2011772
-4262228 -5423640 6612582 4538724
5356716 2518082 1623196 -6336926
-5754454 2547352 9391533 9887408
-1218156 -4831263 -2509460 -882495
-1371299 -1572688 -5197561 9212560
-1048376 7380993 -9144112 -3327014
-1258164 4908197 -6556712 -8102176
3711604 1855332 -1347651 6764084
7921956 -834436 3405004 -7422266
-7448516 8786124 1088752 -3310824
-3018772 -5814067 -5929044 -3280164
-5105075 1074476 3705816 3328704
7553364 -6150064 1206428 -6551680
-2756360 -2259590 -714030 9136896
2481370 -1808968 8468150 -3449424
3389740 363776 -1033074 1910008
9560713 -3067864 -1854956 -2892952
-8189340 3952864 -8187932 4440844
3338635 5123596 679302 3165296
291554 -1094120 -944136 -5773656
6926484 4139160 -8410681 5438368
-3873728 -2294140 -3681926 5107048
-6524628 7779512 6452308 4096844
-3703636 -4089488 7041856 -9844787
4947768 -7559760 1342676 3705823
-6654128 -5901300 -7258272 -4002684
644164 3738370 62492 8622948
6141858 -8978092 -7779952 3991860
562714 -4194376 -252752 -8038404
-571026 -6992876 -2060784 7138144
5357230 1840524 4003154 -3465672
2335866 4091968 5531576 -1030928
-3805328 1708048 -6755840 6713750
-5771956 2842175 7050286 -6334746
-2498220 -8844011 -2612236 -4981364
9636436 -2888535 -457508 4474484
2321020 4619576 -6005755 2790756
1352528 -9702952 -8693201 7448789
2944640 -6888358 8014544 -6157732
9651105 -5732160 -2989932 3130696
-8629444 2594194 -6836314 7356024
-5865676 -27412 -8093852 -8424500
-2178423 9930676 3301884 3778384
-684284 -8232247 -5906691 -2575720
1325840 -5959470 5563560 9509220
7502092 -4641352 8164448 326424
7695008 -7839172 1265068 8846376
4855884 1838090 787049 -8493776
632986 1676228 -8514760 9188868
-9071972 9667087 -7785624 9316848
9288216 -6799493 6506027 -1304564
-4804874 -3208528 3968016 -6042514
-870972 2709144 -159384 -2577324
1908528 4622640 -9615952 2694172
5909340 714036 -2787228 -2126208
7486644 5018988 -1750968 2314058
6552676 -2941559 -5554135 9577666
675708 8642016 -1475432 -1310820
-3256348 -8663248 2344470 -8900720
4950086 -6665828 2065948 2177616
-1553450 -4385992 4558275 1874804
8590592 9303720 -6776953 7767084
184396 -3844064 -6361398 1777516
-7329228 -1822215 -1105282 4995876
-2213008 -8824050 -9343219 5943519
1789380 -502702 -1855022 -4226920
6828768 3946846 -9301788 -2495292
-9258200 -9961600 -203456 -5292188
8551966 -4837638 -5501308 -2529990
-1311176 0 -8538052 8529332
-8207384 8141124 -4877670 -6740979
-3350368 -499436 6729075 2588136
4824640 4827772 -7119540 -3881704
-8652084 -667159 -8584356 3281872
-9234016 -7060210 8943536 331784
