890
4688944 5722440 8385996 6329939
-2078060 877846 6952500 -4416381
-9820424 6541344 9389060 -9654168
-4953188 4883308 7129084 9486516
-9645996 -5404732 -3860114 -1779200
7031847 -2043492 9979584 -2891764
7698112 1398056 2409768 946932
-8662221 2874440 -7514476 -4871650
-7794497 -2900740 6503762 -6486040
-6199522 3136364 7107724 2679252
3604468 5162748 7772408 -4848832
7846836 -3420914 6923924 8400236
2876820 1459872 8490630 -2221392
6911246 9163062 -5906524 9410610
-2336570 5665860 7442692 8621468
6219088 -2906368 872738 3498196
-8895861 -7092102 622512 760495
8372632 3312530 9291902 -5012212
-1937349 -1850608 1583429 2244356
6832632 -9925028 7753977 8912108
5660544 -9337140 -1378574 -4542080
4999344 1178912 3770652 -2432904
9878539 -8541488 107320 -9301144
-5876204 -2759312 -2499984 4586942
4051140 8085334 3521193 6782770
-6111377 -2287640 -4437694 -8965315
-3354965 4292962 1013252 -9177970
-5482272 4143134 8012737 9197402
-2806400 -3239210 -7244772 -4944740
-3976711 6134808 9224472 6307060
-4387066 -2820028 9234776 -3403334
-6776604 -6974160 -5671171 -8306384
9107836 -1561486 -3915534 -6561538
-2105599 -2881692 -3550192 -8913788
-9101424 2095984 406071 -9598294
5515584 -3784914 -7482448 -2439744
6683341 -2349816 -7480756 -875400
-6787415 -2516964 -958810 7550524
-1737580 5529658 1808450 8860840
7960226 5630328 -7289678 -1039240
-4092522 -7408832 -2594455 -6461360
9981156 -8835106 -5546704 -1951876
4167692 7255314 8124056 -9392192
3635312 1716983 -4654474 1830588
2916450 -432335 8786832 117609
-9174174 3028988 3611905 -6359496
8970092 228177 -7909948 -1589991
618638 -247556 -6859592 4398481
7478512 -7322430 9104611 2621916
3557340 3091812 -4500980 6959587
9357512 -4278676 3905476 2475220
9402256 5723678 4259139 -5137552
-5116574 5870960 8297043 6261927
-7185976 -9241470 -5219992 5101584
-9075023 8541924 7523140 -4218182
-6088772 4459512 3689816 5266520
-7588204 8053904 -5040128 -5987544
9517088 4749224 4765595 -1312710
6442616 3561732 -9210608 -7895480
1545064 5096908 -7836236 -7688436
-2181532 300512 3987384 -6833534
402884 3225892 -825316 2404137
-885476 -9224670 -1002068 8851802
-405309 -1842789 2182884 -5012812
-2905493 1837016 -8921413 -6785917
-676870 5609221 -154198 -9866424
9474602 3931816 8676782 269988
-713108 506228 7333767 -5338691
-8569382 -9108524 716996 544604
-1514084 3878164 -3985626 8422533
5616892 -1802024 6903036 -3181108
7759828 7467314 -3735200 4421548
1715856 -5452259 -5565430 -2688136
-9670832 2991088 -5604282 529644
-7245418 -4413360 -7704353 -6097414
-6495204 1257055 5320676 9057952
-4130800 -7654082 1726524 4595766
6144688 -6875280 5625732 4950184
6562412 9674904 -1152628 4299552
-3539808 1751860 -4598172 9365973
-4801542 836840 4362686 1816684
-1204104 4592240 3208588 3700350
-8451071 4583304 5722079 1868090
-1337988 -6447132 5844788 2832668
4640112 -8711492 -9232952 5131228
4632836 -9449968 8418922 841692
3677449 -2665841 -519760 7437768
-6274269 8947612 6594244 -967520
1907278 1257304 -2125800 -7657002
6862792 -1724932 540612 -7950816
9931332 -4550552 -7523084 4167568
4604744 1075678 6593940 -7638506
-6881396 3779604 -4580652 2930892
-2485172 -63208 -8382424 6486840
8407800 1376160 -2007820 5968881
3445580 -8101942 3013652 -5687548
-6527416 1506855 -5987748 6674570
1480896 -7309004 2600400 3962368
2101028 -4514800 9641160 8625333
-5128728 6850212 -5466216 -7477368
-2299570 9011924 -3208552 6028028
1354368 -4064644 -5193915 -7366834
-6813060 -5661007 -3571397 -8493028
6011740 -4213156 9444466 6395916
6480576 -1098597 7823640 1685178
-557549 4319308 -6301964 -5687400
-6474964 8294634 -7254252 -9096828
6270754 6029381 546528 7587796
-6167292 8872342 -5236212 -8470066
1842857 3383180 -8362490 9853040
-7422017 -4962436 -211878 -1235029
-9179932 -2465344 -3656812 -2594356
3627498 -3691280 3375428 -1175660
-2280916 5072519 6080237 -3760148
8981540 5457791 9153044 7764628
4811466 4537744 -76716 7039248
302448 -1029184 -7857770 3860650
2366956 3080801 7314982 -3565008
1323902 3856424 -4499428 -5919072
2475830 -6426684 4714452 2936400
-4041132 -5374168 7299633 8537844
-8782064 2314302 2317656 -1122213
-5256732 -9487880 -3980576 -3533850
9861932 3363418 -1447499 -3934380
-6652960 -1202676 -4686008 4303900
-3698796 -2594632 3987468 5556808
-9630893 -5976276 -5270776 -7921340
4436366 -8622684 8321460 2899920
2320136 6833348 4481959 -1044528
6628712 5648624 9564372 5847512
9182840 -4537420 -3710540 -143064
1744357 9719202 4725571 -5183704
4256150 -2288908 -6108366 -3435785
9643909 -2208532 -8762260 8774674
-605619 5250322 -6834944 -23692
-2313726 4687315 9275109 -346596
483588 -1655980 263450 1126788
7965800 9898508 -5336055 523412
-2457712 -8167496 -2534185 8168653
-3312360 -5817393 -5822376 1814364
-3529244 -9524362 3337029 3356504
4747868 -8906192 9777784 -1259036
8466520 -2661976 -9668466 -4120498
5984876 -315060 -9751785 553424
-4054659 7347014 6529424 6313076
-189768 -2150969 6356718 -3234720
-4898932 -9207944 -5008540 9937658
224208 -3749820 -7782414 6529851
9751857 8691112 9720212 2052032
6365388 731068 1296124 -3292580
2539020 356698 127388 6292390
-7372604 4198592 8259705 6821724
7980106 -54706 -3455064 5806076
-3615992 -5243780 1552956 1895984
-6263688 9710840 -4064980 7629800
-3877644 -7588464 8411104 3534376
5166795 -5113524 -7661000 -2078430
7703068 -7349254 1157534 -3209350
3491355 4785216 -4867138 141324
-834960 -4345864 5536718 6485384
-5076014 2151556 836336 -1717514
9139637 2418359 -9381364 -7543404
5639143 4970484 9420028 5768920
1443440 -9051096 -3831712 6688547
6374588 -7251372 654551 -3728928
-2545041 1512531 3740916 2884462
8568537 -9725710 -9729294 9713869
5803463 -1575784 358436 -2082170
2019832 -1874816 -7283408 9984694
-3942332 -988090 1046164 -2751674
-575616 -9615099 -8241440 1784613
-2268890 -2618517 -4741112 -2731452
7899980 -8517644 7660116 -7882596
7828948 -7807386 7295843 1911324
6255792 -2033269 -1367216 -3403634
1212132 1771428 -9029330 2786622
-5416813 5319592 7144970 4442724
6579610 8223068 -1090845 1020256
-392480 -9848602 1599157 -3958804
-7147988 1170392 6772214 -8140380
5477630 -4171446 4791568 -9682830
-3703596 -2560824 7647755 6203336
-6551393 -1188964 -8333450 -9035818
4249584 70240 4386168 -3755546
7070096 1332768 -4779990 -2953188
6760874 7631600 -505758 8099958
1878286 8964948 -3137636 7835838
-3234556 9734040 2010896 1408740
3702620 -83872 -5124854 3560992
-4792402 3747740 597226 3291436
-3489916 -7444092 -5145964 -7708664
-492484 -9680206 -5389325 -8019712
-3214724 1887892 -7923558 4016188
1447418 -3554632 -5125470 5542806
-51740 783196 -1892068 -6313524
-677962 -6218967 9538419 3996228
-9892500 -2950024 968201 9724152
-7005312 -7029764 -1664416 -7717400
-7398200 6654276 -4319460 -9100168
7096704 9090946 7813384 -7440568
8748796 -2016004 -7338966 -9168256
8939530 1720359 -9899235 -6284167
-6922924 7844004 2591247 9889904
-2163376 -5945677 1880420 6887763
6844960 8767816 9275106 8980590
7644760 3824960 8983884 -3181640
1053256 4506604 -9168980 3509305
7617487 7709468 1862740 1847858
-1952669 9454364 -3551774 -5891307
1421956 9175192 -3525412 7338968
-3080560 -8466416 -9697792 -7245796
3365108 -1496412 -8604208 7325424
6704626 -5785492 8270449 5363072
-6026248 9499376 -7749486 -5149160
6717740 593884 6731540 -5552232
8513392 -9076804 -6895280 4739898
1115876 5727372 8431962 -814806
-8140062 -3361780 4931752 -9774054
1702992 -9248200 5403816 -6434306
-1561782 -8348784 37965 4605644
9841104 -3403308 4377848 -1577232
5267424 -3323098 5082440 9276995
-5046036 -4093148 -1983716 -105172
-5336036 2243298 -6671089 -7749852
-329968 -7459520 3773122 -2016462
-8582696 8611830 -716354 -2238316
-4314032 -979932 7691056 953596
-9079584 7396016 1518838 4498540
-8188847 -9847996 -1644613 208260
4002432 -2611768 -5216636 8503584
-5820236 2338084 2699936 -6491292
3024784 2744061 3158917 -1523644
1225680 1121188 1526420 -8628944
7944000 -2238272 6341204 4712540
-8026127 -4638420 6604680 6794864
-1285648 -5300894 -3028396 870080
5897732 -4900490 3186108 -7610296
7191496 -4684343 9288879 8789431
-3223444 3777384 5471152 -145200
7746575 -5044244 7461490 2516344
4376420 5467952 4475992 8954048
-8974728 9344032 165844 4899406
-9902008 -8426832 -1316450 2291528
9949960 -6196031 -9679536 -2681024
-6588574 6812158 4489880 -4887576
3439976 4774422 -3798286 -9930852
8379371 -1752844 -2532896 -7597786
3288436 -9075716 -5310072 783144
9191314 5738912 -8624514 -547160
-1258328 6032690 -7081378 8485441
2838480 -5895314 998696 -8448556
-4679510 6797728 5191992 -3954676
-9567740 2978150 -859824 -6280555
3044952 -4675152 -6516828 9765902
-208872 7274906 135974 -1828975
6024940 9497176 -8668168 3047228
5961552 -5422996 2788173 8342144
-68336 8089052 6658584 -4980800
1482288 -9663360 -8956528 -5435568
2024478 -4513640 1336660 2691726
-9008222 2260039 -9440240 8252026
9439806 8066254 -9477198 9175416
-5690440 -4957296 2730221 9158323
8341520 4033316 -5652924 -5655233
6507668 118492 -3994776 4297520
9765580 -2211360 -7191072 4336616
7064464 6480804 7089034 337590
7966472 -41625 -4349003 -1383288
-7310556 -6118303 -3663696 5378409
-7490420 2348492 -4600351 9401512
8721920 -7055616 7002088 6768901
-7340812 -5702247 -4554154 -5311216
3311678 -491448 6622320 -6270310
2083304 -9427388 9814404 1961403
-13456 -233056 9134965 -4945628
-9742146 -2767242 6014848 -3477814
-2569216 5534139 -8622448 -6146080
-3056384 -8530100 -7450204 -9158464
8816770 -5133544 2384000 -7104508
1740148 -311700 -6903840 -4545064
356590 -9065908 -6893056 -3146316
3432508 -123316 -461710 -5925360
583948 674346 894188 -1969503
-8184928 8201976 401212 7811376
8356000 -5689436 9927214 6077511
-7014521 -4577172 5636411 4671912
-2654048 2638688 2403302 3853086
13364 8729822 4312348 -3926244
9317472 993074 2879044 -4720524
-8385828 6470953 8754282 1784248
-4692810 -1302448 885980 -1479142
-7503140 -7502588 3589412 -3700808
9089178 -5816880 -5734360 -7946536
3668046 -4985120 87372 313173
-9590150 9869254 -7594986 1908957
7390565 -76518 3487680 444124
6605803 -2767752 829328 -6002828
-5777036 4291341 7019840 -5600538
-6151158 7992376 -4443236 -7712960
9365072 47996 1283840 9924473
9845764 5374976 4713516 -496892
6797989 485090 -5742436 9656972
2042553 -438492 8645895 -8476424
2490393 95735 429580 4432192
5471749 -8100084 -590578 -341838
4753623 6489362 -8054321 7560836
5142519 -6704292 2918912 -5882611
2886200 4052428 -2861464 -7649130
1165976 9638079 -2029148 9829184
4328268 5567764 6597984 -9606368
2364124 5091228 -9207824 5311976
-7272480 -7822818 -1122946 2970888
44536 1394816 8683120 4307420
8357239 -496541 5628204 -876132
-9940940 4394954 933396 7497008
7750547 -2915088 9156486 -7366045
-5495862 -9293744 -8068240 890822
7395780 -6363736 -2875908 7970436
2014544 1648882 -1776716 -116964
4155188 -6713512 -8516232 -3362956
-1686520 -3165729 4663257 7942998
3763988 2178596 -9428114 -2789692
-5186808 -4264028 6467308 -9632372
1572228 4190760 5737128 8261922
746498 3253262 529592 2929264
-1714004 6891488 5428411 -3863580
-9837992 -2230623 6131492 -426892
-796532 -6140349 -808464 6190356
-7024116 -3254782 8202188 6301905
7080908 3524887 -6507780 -1084622
-3314056 -3514904 -317114 6334100
-9156080 9162071 3883164 4071722
6827016 -5943154 8939506 -3838888
1471162 -5727068 -5513088 -3373072
8994192 -2616616 -6221936 -2000926
-8568376 1792554 2262648 7955808
-6989827 -2140064 -6701513 435884
1906922 -9863104 -5147456 4859604
-8318736 8763124 -9308668 -5182028
6299774 9782898 -6568120 -972836
-1812460 -5522426 1639176 -7691192
3084724 7148292 -2722176 -7678908
9465932 1466688 -8122731 -510024
-7858623 7909702 -2380005 7212036
-699018 272864 2124854 -3261568
-5606492 9348932 6783168 5614500
1494212 -2889628 8998490 -6420861
2078485 -5182126 -3150604 -9019764
-8053136 -3663822 -5918928 -6899024
-4173886 -1196036 -8785212 9089160
-217028 1826992 1952372 -2913834
-5214678 -962476 222708 1036464
9511604 7911564 -7720796 1991064
9093516 4792016 1057320 -1045376
7195928 -6597056 -2901709 2779665
-9834608 -6032276 -1829866 -5610736
-4498744 3593164 -1021952 -2765152
4606880 -6583084 -9009564 -8109510
8414892 5451812 7689780 -9962736
9020116 6186386 6084456 -8581598
3843909 9678037 -5302512 1887300
1902076 -1452556 -9356306 -9720198
4626495 -6493729 -9805296 -3184728
8578268 7394552 -9840804 8117367
8912140 -6939168 -2356162 -8084974
-2613249 -491296 -4992423 -1139108
495362 -549516 -3335970 282296
-6810232 6243832 -1278612 9871484
7649141 -6604428 888284 -2953872
6343543 7506904 2013156 -3206889
-4910417 1752232 441613 36416
5738482 -8866308 9387712 -4730492
-7199524 3416568 8675728 -7870348
-2381896 -9856264 -4259828 1446152
-5636424 -7260416 5468048 9645091
-500914 6911220 -7565326 -5842468
678268 -7422098 7070076 8658044
9969391 -7371524 128756 -1424376
2763886 5638944 9906668 5464962
6316328 -8712550 2539416 -2677992
-4384504 4183956 -6989412 -4320990
5405760 -9497304 5591860 3800692
530836 -1014016 4005848 2730204
1409022 3807264 -6012009 -1384374
7497688 -267962 258308 -9862852
-1236748 -4343260 9737101 -9240014
6400612 -9621369 8200867 9011496
-6847700 1803571 6484676 -4309244
4616516 7172368 -3355860 -1816064
-5334008 -2008264 -1132666 8707836
1521975 -9326614 -1588204 5769476
8307536 -4258808 -2883132 2334796
-627270 1468556 -3940768 3303436
9264198 4415692 -5399498 -8290830
7464412 7861636 5728626 6464407
40332 5986108 -5047816 -3790786
-1428332 6847078 829332 -845742
-8946960 8395100 -3523220 2313516
-6373692 7072108 -7445072 7307372
-5315304 2829938 -3201566 9253960
-7971624 9456930 -5922652 266572
2143884 -3965252 -5910124 -3346774
-2272096 4396973 7716108 -3360
7854671 -2499450 1959202 8230364
-3392492 -6346704 9181908 -749592
-4944332 4796954 -2035080 874716
870544 -672830 -3483852 8413732
-8467748 -6241576 9627320 3697552
7185696 -582784 9711328 8760060
-2920936 -8743620 4646476 -5930364
2683031 6590244 -356092 -4625059
9024029 -6089792 -5136884 8601532
-4429117 8568050 6600196 -7224492
2414152 6321764 9021832 -2283340
4972651 3013650 -6700009 467905
-2524786 7761793 3387634 3493080
485424 5930182 -8275358 8927216
6856268 -7322432 -7709676 -8315224
-9043400 -7185976 4087292 -8709810
1929306 -1489849 -372204 1757976
-4826968 6523006 3828032 -5405932
-9101628 7394128 8367836 3347728
-5707677 -9682652 9392624 4994664
-3467616 -6716308 2489300 4134452
2354266 6360408 8023536 -6162079
3363796 -6958094 -7609700 853184
9413310 -130602 4119406 -5502141
931448 -8192188 -9065160 -2756384
5212784 8545326 575284 9266364
7963628 -8005868 -559035 2229382
-3591712 1098708 -5276396 8843216
9106100 1233754 7986232 3704274
-543744 4969124 -71243 -1623140
5411696 3901272 -206834 1049056
-6356414 3395409 -4381695 -8035064
-1881220 -7975812 -5012132 2655088
2203320 6969768 8871140 -9198996
1264764 -4238909 9327146 6504484
-1507992 8432072 8943984 -7463872
-9676252 -6860804 65924 -6796180
-458416 -3714914 -9988746 -5737592
1493524 4799212 -4902706 5536594
2132028 2569544 -6023964 -6893216
1597916 1089188 -1218412 -8315321
-5507809 9154652 5353736 1701524
8974448 -4624524 7020479 -5535044
6076284 -112548 -9735040 -7723784
7673828 1380420 5574736 4446040
7573344 -9484588 1938759 -31940
6846492 -4810936 -4424808 -7713876
-2983776 4505354 5355520 -4045104
-4879757 2403144 8415748 -9786208
8539674 3801318 -8754200 7252616
-2836996 -8334008 9701440 -5630324
-6654016 7122524 -7363112 -8206142
-2058896 5320568 -2658326 5444811
3950483 8634729 5079096 -6114747
-2943684 -9855152 2477993 -8026770
7957258 2572000 -1163227 9655632
-6336624 -7487284 -1895992 2642124
1579320 1070696 -4226773 -3503332
9670832 8014018 -3596368 9631346
8625696 -8787656 3714724 367248
-2897377 -2951588 7302674 9052006
333944 -2046832 104912 1526286
-4413404 6419710 -2957904 2894940
4878685 -319508 -7549792 3771928
-2301420 -9942616 2154984 8515542
-3111446 8044580 -2462572 -6569244
-9203328 -9546807 -1446739 -6500540
2552404 613683 1830734 9217604
5808140 -9566202 -53958 -2891661
7764876 9635280 6556432 -7122148
-971400 -5162968 -4835215 858512
-9772448 6924408 9852304 -8582244
8705376 9141604 -8648336 1615472
-5864608 1115284 -7211896 6723416
9071348 696248 9265156 6415700
3433532 2104974 4234540 2451488
-7689936 -1018353 9575304 7016464
9615312 963544 2996100 4149316
-3386480 -546396 -3421108 -6417576
-4699573 2632572 -243168 -6572552
-8800241 -6546948 5635732 9763728
-6053622 -4066624 7768476 -8457312
6162824 5945620 9837064 -3423604
1914610 -2664933 4110586 -2848116
-5818660 -4133458 -4044976 -5371018
-4475856 5575491 -8811746 4130484
-4864259 -2843042 5315442 -9320804
-6509996 6966506 6871732 -5075796
-3757324 -4615188 -612517 -4048840
-3113028 963765 2213635 2631084
4074680 -2131635 -9632248 9781600
-3351036 -5666088 -4590730 4265536
-2792336 6855100 8366493 -4250692
-8003566 -5655434 -8561812 130265
-5974740 9141688 -7615500 606928
-9860972 7035948 -6505556 -4075768
1582195 -3719856 -9826368 -4110176
3155456 -6290868 7220078 -6402488
4294776 -7568516 6300406 -2257380
7525012 2524148 -5942656 -2177644
7274952 3848350 3382284 -5710626
-9953624 5531558 -4801884 4012104
-9013862 202640 -2568500 6228252
-7785439 -9828056 -875380 7528012
-6668440 -689328 -6068684 5155264
7109132 -4517444 -2837428 9626738
-8473778 -351646 8010412 5657592
-4452708 9362528 -9227331 -2166508
2984137 6196224 1755116 2140578
-3734358 3414980 -1364097 -1858992
-9049816 -2518200 9990151 1056960
2918626 -9074064 -626428 -3953212
-1841360 -5571300 -6976120 1079404
5933245 7895084 4890735 -6246448
331706 2091680 -457656 6298640
3983412 -5841888 -4800630 9711664
-1111820 -3367414 5041844 4201957
-9475169 5167184 -1278484 4273724
-4176680 4540979 -4901955 2730256
-8142916 533084 5197089 -9805620
1799484 -1445812 527314 -3630222
3037036 2662684 2564191 2394436
-2231890 -8008344 8302812 -6048388
-6421174 3978888 -7808576 -571164
-8317736 6169428 -4375236 -6661984
-2486768 1512308 6878924 -1435310
54664 8013388 4262166 -4458480
412855 -4263884 -95248 4715932
-3851540 -6434912 -1981328 9270248
2237117 950420 -304308 -3939224
-5712304 1036840 -1033204 -6721180
-8051154 -1641276 4250833 9522384
9629601 3475616 929960 7149972
-8014120 7657900 9008483 -6828204
-6361075 7832728 -3922228 -1627887
-4690344 -1009576 -6061762 -5571338
7800600 2322742 3282018 -7205657
-1668000 1924064 -9501656 4718242
1141397 240218 9888521 5772376
-3660328 -4887708 2079354 -5823396
9034328 5947234 6023388 -9986468
-2196591 6976056 -7861416 -1109044
2140003 5930368 -3808644 9517572
-6815212 -2026224 9321172 -3020024
-6619784 -1980688 -1739756 -2304971
3663520 5135232 7262155 7956416
8258338 -7043384 7554692 -8523712
-2023704 -2897604 -6960712 9300944
9265892 9979634 -7927983 -4172190
7055570 -4367330 -3769950 -7980731
7822912 8913500 -1208690 9032732
-48170 2395965 7919568 -9474872
6974803 2368656 -3893345 -6524016
6922969 8088596 -5561198 -8105496
5546927 4530326 4283916 -7367740
6750160 -5216488 -4564964 7102210
1283792 -5906800 -7556116 -3524464
-9606404 1038394 1323284 3657980
-8126720 -19783 -3018692 6231396
-6674188 7300512 2656244 1264992
-2835095 -7689542 -9131310 -7751988
635421 -1299163 657728 -5312980
-7299908 710265 7668156 -8075320
2798864 9547328 -7888239 -2467824
-4404110 2843248 -1494411 -6423028
-1835867 155696 2499252 -3007152
-3710968 -3472578 7391812 -8489938
2998284 3013834 5661214 6198640
-4155328 -7652318 349304 4710308
2707848 3478064 -2990712 2446396
4125420 4640061 1914264 -8506448
3553671 1487268 -955828 9177411
-2125472 8316462 5122502 8613268
7713972 -8804386 -838146 9445118
-6029700 -7409688 -8874400 -6229828
-6000906 6007498 -6271276 -7440448
-3381238 -4136200 9137496 -8948824
-5516726 -7449568 3351062 1981940
3916300 -8006396 3456472 -1923936
-2265820 1072120 -8263658 -1031134
-3062120 -7559704 1498671 9552572
7902888 8149952 -5864860 -414550
1993430 856648 472108 2616764
-9889038 695436 3771885 -7165802
4275664 5716544 4213092 9369740
1752104 6842148 -3724666 2690662
-9897672 -4873208 -985240 -4672210
-9102148 6704720 -8884876 -2373928
7382040 -9467716 -2705940 -5291592
4146556 1366440 -3625328 -8881016
-661612 -2643141 3801238 7980980
2327964 1249876 1817880 -2678895
-9233124 -2699902 8450740 1891954
3318608 -4872042 -2061012 -98830
3068852 -3975942 -58764 -9638720
-4644913 -8944820 2352988 -4375996
-5098728 9174120 7934872 -6864920
-6051270 9951396 -4601892 516800
7226391 3655552 -7590672 -4085818
7869172 -1666500 7887224 9756338
-6567960 -6578000 196141 -1612576
-3877712 2096188 -4208235 4245385
2446684 -2451720 9922582 444272
-3205008 4942108 8175616 -6549570
3240242 2273232 -7175883 6107088
-1414676 -3120744 -3056696 5526572
-6582148 1812052 2063300 -4959917
5937576 2559592 -3648964 -205410
-9261530 -1665146 7353820 1929352
-8756280 -9805774 -7375480 -2320696
1204492 -6411380 -1480872 -3627388
3971112 -9658416 -3085114 -3892252
-582582 723628 -9276840 9742840
-2439024 9995552 1443378 6895028
-2986902 -9663393 7349356 5966086
8196242 -7411324 -6224204 -8891738
3021108 -7777704 8252392 4497568
-6561219 -607524 4677816 -2146404
6704422 -9618560 -194506 -3139280
1309620 9932480 -6323480 -7597134
3970248 5833194 -2390438 -8942090
8127456 7061143 4335292 -3323788
2669428 -6881776 -2793804 -143242
9795384 -2682044 6064580 7102792
-9164500 7296772 5336624 4359576
-6060980 -4503437 -3329602 1748100
-2252784 -935068 8135367 -681328
-5997904 -9853504 7113772 291588
4836064 2670519 7504920 -3093580
-9759336 7729180 8982040 6078686
3672624 -5084108 7523755 -7962544
-1264440 -963188 9139160 -9380288
-8735326 -1889696 8422751 -4211900
1956208 5674098 973432 -181724
365152 6823532 -4767112 266258
6415000 4157056 3037025 -4690620
4874892 -4264128 1525728 3045818
4499192 -9774810 2168465 6747482
-3010824 9333181 119550 -8010240
-9505728 8012855 -3237996 -9281000
9110832 -4364308 -8894368 1003424
-5043582 4685172 6537674 1191528
-7100964 -383444 -9895664 5937628
5917396 9373028 -1267676 -7855524
-928592 -2588812 1587100 6352192
5629292 3690574 5898356 2929464
7710440 8465287 8577800 -6952562
9189539 -2722600 6358064 -432328
-128799 -5029000 2215010 -8223644
-6230396 5345996 -3762460 6478584
7705176 -9949470 -2171872 2172680
2963168 -7119996 1817576 -6697424
-1187508 -2559128 597080 9693670
-3533764 -7126074 7130812 -9319110
-3495174 5612396 -5931520 -3494194
-253692 -7714635 -7476134 5967256
-1134468 -8912772 -3254012 6480088
-7694932 -7882920 -2820888 9127252
7615620 8677084 -789640 3151252
-3861764 -6653108 1982962 -7223148
-6142992 2788372 7952160 -1184456
-9303728 -7228348 -9559284 490432
6519146 -7701768 -8377932 3184532
2091564 1573668 7992994 8715432
7702868 653892 6118620 -5930218
691848 1753576 -990756 514516
7936208 -7242576 -6262412 -7566684
3245136 -6496032 8985640 6090082
-3237364 4340868 8931768 3624316
2426424 8409416 7071896 -4983360
1083482 -992652 6196769 -3933016
-4244996 7867988 -4802588 -4438523
2561190 1502442 -9472461 4009906
-1888566 -2692994 4461900 4356612
-4349936 -2653152 -3365888 9349668
1908980 -9396576 3079676 517442
-9548524 -9235312 1131242 1965364
-4720280 -5572948 -3116330 -544436
-3776696 7569268 1042904 -287280
2615876 -6203716 -9940084 6038264
4855516 -1018498 8529616 -6105336
1780624 -9974614 -493978 12642
836772 1201156 -7650652 4499820
-3046773 3897004 899452 2657375
3354608 2217916 5204380 709272
8760508 415327 7215584 733886
4840144 -1789850 -87850 6929700
2406380 -7262544 866228 -7413311
1487652 -342874 5743076 1670034
-5567912 -1695980 4248184 3576036
6406092 1295140 -7524580 -5181940
-2209804 -6025864 4033372 9749128
-9147476 -165304 -822600 7859644
-1122872 3208998 -4820550 -5100948
-5955552 8833790 7084810 -4008672
3083464 9463944 -1155068 1333632
-5009539 -284636 -6033304 553132
5658728 -3259704 1264104 8326241
-145516 -9930784 1674816 9983884
6868292 -8571600 5460996 -1435090
5821832 -1180288 7075636 -7445272
6167496 -541240 -2779463 9044892
-8100992 6885740 416604 -8849324
2895304 -7777688 8380028 -280322
-8563056 6847770 4699004 -1390635
-5380149 -7056136 -8410420 6466324
8800364 6694664 4262352 6693336
-617306 -9925060 -8214213 5294470
6695356 -2373286 2026400 -3191539
8575992 -8835220 -5644464 9729683
8677836 -8662064 6158158 7203304
736168 -1421072 6305076 -7318360
-1240078 8231984 9926528 6084638
8427304 -4621533 -9628828 -8558120
-7144204 4356452 6778044 4104612
6151408 2872505 9741792 -6491746
9292464 6033424 777940 -2056028
-5161348 -6578960 4282441 9454324
8627088 3677396 5131791 -3652632
-3139044 402924 -824890 -2127012
934052 9623144 -1788290 -445352
399248 -840346 -2664548 -6400791
-5430352 876010 4773546 668088
-1727423 -3045748 -7497572 6313924
4168580 8827500 1620332 6233449
6790212 -7602688 -1044652 -5104620
-7399515 6524433 -715476 2709678
-8156536 6900118 7628120 9198648
-9962392 1549612 -7245628 574500
8014432 3873701 -8811424 -5907643
2168408 1423265 -5711044 -973828
7061396 6464108 -8088620 -5336535
7430920 9840500 -1877206 -7697352
-2336424 -225523 6799052 -1255960
6487426 5656232 -4385664 2294556
6987844 -3479534 -6782064 -4520770
5296380 -8460412 4110461 5806454
6714900 -9120340 2938300 -8990206
-8106052 1232860 -2939304 2243308
-4732038 -8772392 8807302 -4953678
6014996 7601202 -7839540 5345683
-4042180 2816680 -9775540 -9688192
-1393304 -3304461 7203272 3400662
7613497 6169875 1562944 1540672
6851252 3593612 -8272288 3180728
-1648866 -6825472 -3654460 -1970632
4165524 1460584 3390166 259400
-1296224 4496912 -7026880 9786161
4364708 -8974444 -1778516 -19948
-1145088 7112632 -1361212 -420971
-9238444 2524652 4923300 -8053633
-1812398 2216356 -4747504 -322084
2497652 -4385994 -8181384 6870007
-7979940 -6360840 -1150892 -848924
5113960 -5181408 8193064 5578412
1061846 -8898664 -7575161 -9810450
-4314916 -9288016 -4545952 -5016400
-6094948 -7079860 -4987216 -2045456
-7230116 -7628283 -6437476 -8397535
3185252 -13708 -4241456 -7428372
8031007 -3172960 -8140240 -8127739
466078 3727650 3336186 3909034
-2217876 8606232 -3187074 -7372572
1330748 7678467 -8480888 562480
-8098115 -6729764 -1183387 5635854
650124 2088631 -7834532 -9727680
-8521018 -6079112 -6231834 -2760634
420016 -9382680 -1397828 -8813842
-9605820 -5523784 -2546776 -1243024
8002320 9173600 -6529660 -5539180
-8441906 1316448 9455116 -4156599
4591624 -2977396 -1604840 -7636384
3136156 -8074002 2718572 -6355962
-6719068 6037032 -2936743 1565432
5759112 -2341118 8379109 5532928
-7525331 8006520 -5508360 5029636
5944724 -9399146 2140768 -4253682
4628140 1145916 9739360 -7135116
-375348 9837708 -9270888 1976031
8006513 -9976498 -2046598 -7020272
-5261404 -3222543 -4733711 3868224
3753460 188712 9860536 3401140
-1636230 9381276 5633128 2906460
-215860 -3884860 64448 3836552
-2340120 -2803516 6594940 -7105720
-9910734 9497944 8266260 6968289
4264896 -7107700 4046187 -2390686
-3267457 -9422156 -8152744 4124232
-4419464 9213112 1044936 4927562
6554484 9227224 4035207 -2953092
8572 9086310 -5681632 -3627228
-774112 4967054 -3175579 -705112
-3059260 1736288 1989796 2937328
7469456 240900 322556 -6755718
-2714085 -2218876 -4064976 -5539102
-7726448 904716 5561238 2600696
3042012 9823400 7557755 3733396
2937532 -5894128 -3160456 4650292
2062816 -4391698 -6756081 6991428
-1211201 7775194 2832695 -1899400
-5276246 -8628472 -101793 2570144
2726716 2935734 8949312 6999330
-7690022 161408 -1581004 7332960
-7633034 -8670588 -523892 -9119700
3474764 147284 1995118 3756412
1066176 787586 2008808 3454987
-467206 -324568 5452576 3989748
-1553401 -4246062 -3527646 -7244804
2730780 6814310 997190 -477380
8086354 -2635868 7687095 3634764
6282505 2636029 -9475920 268264
-1090644 -5387628 -1046872 -4567468
-3309144 -9399496 -6659476 1283852
9126596 7624014 333567 5588548
621597 -8563058 5881444 -6471752
9091620 -5185424 -8272732 5352700
-1166872 2139684 -1844512 -3650364
2487568 8289420 8464732 -5766994
2872916 -7081648 9508052 -2098172
-8896832 7553428 -2397322 -4905648
-5287630 2738696 8532984 -4611130
-2874884 8686788 -2812579 6989720
1291532 3051688 686860 -7246074
-4408433 6064064 8615789 -2433640
-5163784 7025708 3697773 -9164594
7652088 -3459344 4796110 2154490
-9364942 1366890 -8331404 5684193
6943836 -2687072 -8993736 91540
108826 -1801452 -7967994 -5658372
-2881379 5071232 -6774205 -7174632
3926254 5258745 2165364 9306200
-9192087 3579044 9808284 723116
1522956 5203632 -8284480 -8162864
923672 6944710 9271006 7284708
-4514728 9576363 4051104 3051592
1931332 6216965 -2533548 -8226587
3369930 3399840 9871972 -5983540
7470268 -6040048 -5582048 -6594185
1336300 -3846136 -3223879 5038812
9264861 -8759500 -8030078 4552649
5805108 5303554 4244436 -1666224
3731967 -6652216 -6549236 574886
4542726 4943168 -8375268 361182
1017270 2627783 9360884 8414471
6568914 20290 -9721408 -5002840
1568894 -6286552 -2329838 -2999773
9933380 5900656 633956 -8088464
-7337408 -740526 5225683 3937928
4626784 1981140 5342160 -5774688
-6091039 -6370212 -5374504 -3688562
6063820 8648073 -4074044 2346316
3008748 3506712 -3148720 1305528
2736208 1114378 4233084 9842328
-8761708 -3220200 3864948 -2873004
9857784 -672700 -226404 7000821
709319 -3050164 8832956 9438798
-5127816 5043490 -9559486 979506
508541 -3912244 -5288636 -1960204
6157394 -7879356 5041218 -1821156
4122457 6872920 -7544452 -3255204
9573892 -242416 -8913264 9615872
-9656880 -7251512 -4979618 2265108
-7063364 2047779 8645402 5209352
-5165916 -1864266 -4631518 -9824478
-9519708 -4713564 -5731439 -1469988
7241160 -3360914 -2452388 5869344
-773536 -3871340 -8977700 -3553748
7690096 -9999512 -1221896 -5533406
8732482 4546666 997768 1466752
1935868 -3604580 -5197264 8164264
-6935668 3946348 -6677588 -3164448
2340190 -3968678 4469440 1478495
-1321320 4319080 -4049950 3690221
-9020502 2261266 -7931079 3284109
4867996 -8950346 -4992136 -2922492
-5542427 1931576 3693630 -8375988
-3852681 -7394000 -742326 -4633470
6832148 -4701733 6099748 -2885548
5469709 4494472 975158 8866020
5830984 6179281 -7224397 -3340084
-7127136 -8011544 2582474 1759492
1472631 8544745 5115172 -4390116
5275504 8487204 8782523 -124292
8631468 661264 4692114 2622520
-8627904 -1592424 -5942944 497992
5631792 7142704 -8830052 2013698
5614820 -1761408 -2651728 3291866
