999
5451290 -1743204 -1591076 680744
-5609888 -4121051 8984028 7489516
-4758364 8845632 3909636 2713561
7309333 -637029 1692807 -4618198
-256916 9261675 8376408 533764
-4186136 7223440 -4444836 -7979592
4973168 315944 -2226440 -6672992
-2428098 2422300 -2184408 -1175692
427826 9079092 -6707884 1640632
-8589758 -8058800 -548660 7686468
-6645880 -2382056 732856 -6495800
5641241 -1649358 6077819 3211072
2458864 6552764 2878804 6516310
-1675612 3498988 -6529240 -7379413
-8316484 2081191 -2031152 9942144
2243492 -4954479 554784 5813304
9935504 -8987864 4468653 7116948
6079940 -9184848 -4705572 903820
7786904 -318670 148336 7491911
7710526 373608 -5188600 3366756
1108800 -8155340 -3813574 3624013
-2830336 5130920 5940750 3497296
7576480 5922467 -2740484 -522512
-5067204 -5649080 -7382764 -2305364
-9818284 5176546 5687906 -2590504
3325004 1518953 4309160 -1496132
-7299784 932552 7638515 6559011
-4570800 3903796 4871868 -9060828
-272244 1660798 3888624 870356
-1989716 -9744318 -3948320 983480
7384620 -6330048 -191696 -4696010
-7237648 -3143316 -5278090 -5026412
-75340 1835376 5772963 7411656
-640000 -3653926 4547736 -2059896
-6408944 -7077722 471004 -737968
8359504 -1966928 3064096 8560868
-4122848 2430528 1463309 -4310856
-1964628 7193828 4701052 7698180
5970582 5876884 -8608684 1512096
-3172620 -9588220 5897710 -1084428
-5348728 -3711932 -2838204 3411260
-3010180 -2538804 7924012 -7736470
-4421068 -579086 2163114 -2178540
5486151 -8444884 -1270052 -226304
-9626892 -822991 -8867592 -1848614
-6542140 4866308 -9350976 6172540
-7003064 8474477 -4089068 2454642
-5009754 -4677448 3419520 3133602
432924 3318292 5429107 -1765128
-8235504 6185012 7545837 -8375524
8708068 1141681 -494256 7051009
-4350720 -7892564 358800 -7866276
-6753808 5522601 5284904 8116260
-3318020 -8991148 -8256588 6827101
2685103 -6052466 -4123048 3847278
-3079724 -1352396 7399768 -3943586
-4033232 -8983940 961552 564098
8270420 4890842 9152080 -5601852
-3308458 8297080 2500644 9652828
-2124823 2519686 668432 541940
-9837332 1408401 6449996 -1772440
5323750 -3755764 6726348 119442
1504536 -7334460 7642584 -8690242
-7126420 -3057644 2515033 -8663908
-6163468 -5590307 7913288 -8684412
-6340482 1689352 -3263300 1893682
-8394568 4319796 3894132 -1940868
-7145102 9214892 5454876 -4248640
-5608344 548392 -6022528 4918573
-5029058 -4449798 2999428 -5593916
3534300 4054576 3123258 -8509532
734948 -1274248 6976904 5492112
4844304 -5924308 -1349871 2140272
7748256 -9014668 -6581552 -3448890
-8288627 -6551087 5109872 9094216
876582 -8601825 8050192 -5734344
-7837952 -1395554 -4374458 8418800
7502280 -562906 5942380 1036122
938750 -2412281 -6495640 259304
9495076 1042217 -5864666 -2076918
-2570784 -6057726 -3074380 -1792888
-6489280 9096560 -340976 -9235559
-7425112 -4220412 -2097600 9107510
-6066648 5592567 -7989860 699200
-8915370 5963323 410940 -7841104
1578676 -2680260 -3050008 -9470008
-8328212 -622968 -8688910 -429324
4241328 7396520 6724364 -1837430
-4368864 -5468868 -4606441 -4803080
4071816 -333108 3792300 -560020
-2524950 -397772 6971611 -2972814
-5864078 1239130 -1747912 -5630744
-1212436 -103844 -7234256 9948931
-5635852 7352468 -8042468 3476274
5438760 7758523 -2361308 9817530
-2304800 8305443 2762680 806260
845604 3516540 4232141 -5004950
6635095 -2843288 9512386 -4872428
7814612 2980840 3431724 7031600
-4770688 6936896 1852490 618874
4543486 4505052 7196754 5365832
9304512 -125271 -65754 2628268
-5448807 2162980 2665720 -7928820
-5570760 -6099222 933672 3693250
735006 4540456 -9195480 1076254
8591173 6590110 6775684 -9676568
-5912957 -5927068 6321566 5455504
611106 -2465376 448515 8276098
-1464676 7189472 -874377 -8047044
-3739696 -9860972 2402459 -8560052
-1264292 5558955 -9714788 4417900
-5144796 -3438825 -1004248 -6386880
2979092 3515750 -2364696 8497992
-4225136 576628 -8081872 2578664
-1945436 -7485936 6404252 1352914
9530624 8935548 7936248 -4475744
4432948 2129240 -8718244 9560674
7573668 6260990 -2242156 2748715
-4448848 -6655592 -3676645 2830187
9170432 3659066 -3621622 7283320
5038856 5708682 -6177704 -3497288
-524436 1051372 5023642 -6350372
-4606308 -2666902 5959130 -694264
1051400 -652920 -3062252 3167494
6007886 3656596 6959616 -8492736
9316712 -8377322 3212552 8702124
1144472 -442552 9789324 -2225540
-3915075 -6302460 1660172 -7138860
-4387539 2639744 2159288 2961600
-2616608 5300326 -9636412 -8462690
-9289052 8778812 6546200 -8591216
-5095280 429324 -18830 -8124297
-5940247 -2685128 9903148 4990660
9689606 -2847438 337226 -1232468
2065815 -4373920 -2871248 -6281136
-4958036 -5826300 1333512 6741312
-9837948 2723005 -6468008 -5853664
6548251 8234550 2576056 2784346
8936400 -226440 9670354 3981060
1357206 7145605 -1098882 7008384
185210 -2457472 -4811328 7775216
-855080 -5304320 2241830 -9674000
4422081 -3905464 564956 1087308
5362684 6485752 -5149932 -5539511
6086312 -4268820 5149384 7146620
2349904 -8926008 -2002326 -7064770
-5188128 223952 5749338 6981676
5577688 3782032 9130908 -8776363
1651344 -8594324 -516264 -1888746
2357853 415992 -3046632 6258312
2294384 -7028072 1537048 4958796
-3598896 607234 828308 -6888528
-2926796 1167152 4110788 5219558
4235572 -7720128 3097272 -2937348
7521136 8840576 5705616 9942044
3959592 -9131884 -9412355 -63984
-5464802 -5171523 -735054 -8227836
-1899909 -1439904 2505068 -5209704
6755168 -7671940 7111360 4804240
-9878120 7930892 -6832600 5958656
-8079200 -9710876 6226887 8957846
-9421862 9350828 5626736 -498
6712100 -2413536 -434456 -5728232
6876376 1673888 1569476 5404652
7719152 1257384 -8310292 -2556484
-3311104 3680920 7182176 -5315343
-6464492 -2788924 -1126276 2667048
8659748 1922214 -9104475 -6178780
-484124 -4273019 5215916 -7353980
9067744 7190456 6287522 9015648
6338516 367828 5495454 -881043
7053640 -8593900 -5230356 -2628816
5522608 1222760 -8455553 -1838568
2129200 -4230364 5580878 -4228898
4160788 -2745456 -8645092 -5158700
7873988 -7859080 1493944 -2848416
7251676 -4021202 -852224 5652352
2226718 221202 -8668260 -5120654
-3719400 -8939192 5427245 -579642
4888412 3082231 4583308 -6239499
3660201 8787463 -8138716 -9870690
3596710 2273128 1341807 4768153
-1707563 -9312200 -4221182 -6328504
805800 -5477224 -6554320 -1411994
-6959298 2011468 7539920 -5140670
-5558252 891148 1939898 9751068
5786120 9188784 -1216415 8162552
-5952712 -6714870 8539716 2273653
-9914448 8900716 3146088 7030702
-3719728 2629822 4382836 -3505652
3874312 -5141267 464600 -4625016
-4966096 -3624756 -6490968 5508840
-537084 -9317054 6568924 7352740
2159818 8282270 3183616 2285680
-8421396 4969180 -8430380 -8867906
7550476 -7759700 528398 9075776
3487462 -9202552 8596412 7141116
-75724 5328564 5253812 -494925
-576040 -7133577 412957 3160056
8110956 -8720290 -5755356 0
4645540 4577528 822072 4238878
5197312 -3528331 -8099188 -6981656
455329 -8564982 6445206 2461736
2088379 353595 7123278 -3799500
2235904 -8051676 -3888808 -9188056
968840 -1385481 -650894 9718652
-2848266 9501205 9825473 8589323
-7918651 9905014 -5377416 462828
395721 9407039 -8771238 2209392
-6073828 -7463598 2666028 -9992589
9475242 6732158 -6582704 -6468988
-1792442 1979932 5909748 5801988
4775308 6997113 4674988 -3754076
8315028 3901094 -9204392 638836
5786064 378838 431804 -8882196
-4772288 -3206782 -7844232 -675898
-1896536 867804 6950256 8870364
-1970440 -7329416 -3114388 -8753546
4536008 -3954702 -6543750 -3667548
-7700070 5050488 8948573 -6336322
3775780 5128200 -3742671 3396154
9362088 4421908 -8431896 7826772
-9043184 -8296361 -8407474 8649212
-4122496 1365062 7632136 -4499654
-9692168 9502626 -8013171 -6376544
8894108 -1793108 1808388 -767936
-4006226 133848 -3082584 -8388312
-1848468 4351060 8226752 -5955447
-6752000 9123151 -6514648 -6746888
7472448 -5127364 -730456 7646172
1738149 -8750892 582568 -3786232
6185039 -6056492 -3410400 6102835
-2279116 3958432 -4428658 7938412
4361407 5363408 6247842 911622
2269950 8867048 -1832720 -2771314
5076919 -6647996 3404184 7542748
-5643668 -1133898 -2580860 8275106
-223382 9652472 9503216 -609788
1293252 4687714 -7462871 7326196
-3714816 8754776 -2614520 5073136
-8523666 4655940 2818848 -4448132
-2825560 -7720446 -7578334 -2679860
-8504207 -5786486 -3857784 7796690
2361281 742204 1161693 8288568
-1336882 2688264 -8469707 5313496
1210562 -5621152 9106544 7815623
-158532 3724075 -4871124 -950306
-5085368 -7641723 -7775356 169620
-7690024 -9846576 5182076 6827108
7380908 -4541492 7231348 -473795
9893536 1165452 -924840 -1465823
-1502000 -3482616 4012652 3654124
246696 9754272 -3789360 3809078
-6779316 -4652572 5492066 -9691432
-9859200 2293416 -5007820 7100816
-9064066 9400222 3824756 703137
9660348 1707867 -9073056 1713325
3208000 9103148 -5904 -8300608
7066864 7819244 -1873418 -4367476
-9851714 -418489 -8263724 -5949786
2179524 -8074708 3345228 -3171966
7113888 4563832 -1382752 -2612256
-9468345 -3381466 270042 -1367224
-715684 -8919532 7098776 6934114
-1957088 3177562 6977390 1838068
957200 6680826 7354348 8927990
-1040672 7065212 -4073024 6574699
1084016 6269496 5686556 4132288
-3253110 -6122696 7533628 949412
5223424 -1476374 7013216 611785
5131968 -7709160 -9289352 -8977860
4618892 -9782705 7139806 -7825564
8101262 -4563040 -6202036 -8540999
-5866032 -9559872 -2283576 -9581004
-4793192 -6811728 -2256304 1214244
-1986964 4047870 2153040 -1745038
9269080 -7715188 2793620 5549088
-2568352 -5662732 -9069570 -419316
-8371836 9674720 2860952 -9002180
8992012 -7221460 -4920582 9429662
-9112598 -329262 494416 -8908640
-3307276 -5197866 6348564 387348
8828632 4188772 -3368284 -3625376
9977450 -5140854 -4604528 -8797512
6029068 729952 6265768 -8458248
2619125 7113211 9300811 5468720
7780844 42712 -8591788 -4197654
-5268552 2692532 -8462150 8462764
-9483280 8080620 9787610 4032786
-1311940 -154148 3178933 2198330
-3961982 -1423102 1169818 -1715904
-1093184 -527657 1026880 1264730
-9362621 -6630449 3549980 -5477976
-2783624 -135952 -1349060 -5527125
7791166 -6102676 6686916 -6429272
7671864 -9852580 4335892 -9242476
-8516979 -2946300 5170092 796556
8548164 -1894080 9226568 -602084
3482676 7285084 3051952 1158544
8927134 1533176 282356 9957752
-5774272 -5400342 2898509 -8023176
7726212 1864984 761802 -9429348
-1374128 -5122182 7358896 -1884266
-63460 3169436 6534184 8957374
4694257 4137596 -657860 -1352684
7350256 -4114392 -650231 -3412412
-9372484 6198292 -5054328 -8631628
-5661248 6567524 6973776 6441704
5198704 7185192 3354736 -8597316
6673960 -868056 4262656 -2884731
3633004 4312166 -2864984 1295695
-6721356 -4706615 -521204 -5238380
3553190 -8328739 9025092 -2347664
8623652 400139 7403070 5685140
7745440 -763256 -4148736 6010628
-8025972 9857980 -2443276 -9888485
2093608 -5018734 -5321984 202301
-3233216 8227056 -5267531 9855720
4339048 -5283152 2443840 4694768
3550612 5026256 6172004 664574
3970684 -3760920 -1191944 -8962444
-9657984 6478082 -7972572 -2492204
7296312 -3556320 -3710501 -3767623
-3771188 7865760 -5529389 -307076
1564572 5288212 -4623459 -4311452
-6097168 -8734368 -3589396 3830141
4129608 7638524 -1412216 -5949944
-5098018 3610060 -4812923 1626604
-4014736 -1405512 3238434 5757684
3366416 738276 6642740 -1408812
-8542808 7457628 8526288 250858
-4514828 -8883408 -8597108 -4669240
5401964 -2961836 -8405196 7310628
702497 -2582207 1316512 -1662144
8802244 -3806132 2487296 3428268
-8243964 6389884 7273664 2398650
-5373544 3053588 -9029820 5251141
4850398 3259208 2081044 -8308668
-2556324 8866422 -5562165 9910338
-3674844 7941659 1553845 -6621113
228040 2478848 6848508 -3458817
3725044 -1092442 4692840 4731832
9502848 -1372086 -1728514 -5663764
-9747692 -8907336 -5027479 3265612
-8668616 1158416 2932352 3093276
2653676 8333353 6197060 -6898425
-3398828 -2164480 7626921 -5638862
1022244 9184240 -8869936 196800
-196084 4528752 2585660 3846380
-7004088 -4997488 -7218180 -575020
1585236 -9929424 4215524 -4254892
-6961206 9473576 -7070380 -4947766
-9857412 -8229702 -3257748 63560
-2767830 -3706016 -7169611 6226164
-7295980 -3821831 1957726 8697186
7084791 -7501772 -7351964 7545632
-9975688 9014639 -6750940 -680696
8326916 -7468300 -328494 -8355012
-8579018 -909796 -6433368 8267700
7908379 -2163421 103816 3291937
6976772 -3832868 2207614 4633512
-9760988 2782600 6185548 2957122
-272474 6598318 -3431094 9615494
-9937284 7911100 -6481108 -8273436
-6889116 3713104 622456 -8515820
-562047 -2043632 -2134240 -1119426
-8317010 7519188 6331600 -7316960
7796688 -1681828 -8293688 -9997988
-8256488 -9894724 5524466 -1161972
-7846940 -4574496 -9472672 -2704644
-3316402 -6443352 9895964 6522584
7497328 4637624 7601936 -2486870
9056044 -8031664 361292 2443944
-6766928 2244742 8979605 -9489677
9577724 -5364420 2063366 6139981
-4367606 -4447312 -7590752 -2966792
3067324 1487279 6477474 -5636694
5750328 -3122144 -4168746 -6790357
-431660 4881028 -1555246 434770
4793568 1913690 7299656 -3960816
2927413 6146628 -4290099 3935360
-1439316 -7411588 2476600 2848554
-873036 703284 -8987704 -1210130
9329840 5414975 -8931883 -2188972
2985700 4872492 9809736 -5657360
6943096 -6907474 3117064 5961360
8412232 7903741 -5627888 -9962652
670200 -4813812 8632584 -2018460
1873672 457170 -7374780 3559416
5803896 7827860 9071128 5574572
1255168 3587634 -9015804 -55996
-7635935 70719 2834257 -2027494
-4252808 5946846 2605996 1979793
3726140 -5127232 -8676030 -8715428
449400 1878704 6833992 -3598228
9580125 -7900420 7580342 -9462072
7164078 3553144 3073224 -5534148
-1971844 -4613670 3949284 -9589780
-740666 -5863792 -3878584 -1843463
7847959 -2432576 5183776 9750821
4711912 -2055316 5698708 4341172
-7113049 8512736 6224944 -1563480
-7122986 -994144 -6726228 -4837600
3211768 -2323640 -9773640 -6010728
-7078190 -5121764 8949864 -3709024
-8122952 8410860 267148 6177456
2404040 -8333762 3617402 7106112
-4802480 -833758 553388 -356418
4284200 -8856574 4493124 -937264
8480752 -3707264 8371160 -3234292
-3319200 -1092112 3403985 3005420
9221440 8310804 -7781078 -9733720
-292437 9905536 -1549208 -3300432
878388 9245463 8277799 -3638038
-3375576 -2318390 1323173 -5132226
-88344 -6500666 -3071736 -4488770
-8231716 9902224 -7595042 5367318
982496 -1729554 7269488 -8364828
1465964 -7648928 -6567520 -3259568
9285102 -4451276 -5449608 -1874396
-5821764 1289560 -1005569 -6681436
1163850 -2626605 -5939804 -3396971
5535508 -8647800 1060868 -4229011
-8737041 9993204 -9590020 5768864
1316764 -8478484 874918 90729
3727556 9049230 8733192 6682592
-1553190 9924116 2248400 -1170320
-9539869 -7297020 -139621 -3500315
-4128336 -6179604 -7551596 8151362
1469412 -7901436 5900752 6632128
-2959920 -5004274 520980 -1934014
168280 -4616144 -8662418 1056708
-614848 -7692076 -8298052 -6909528
6040424 -1009584 -19132 4408668
-5550860 6673468 4234620 9103890
4357978 5183044 5893548 -833024
-6437442 -3479046 -1726568 -8259864
-4927832 7810738 -2760894 -473687
1541200 6339548 9899546 1821586
-3427222 -888556 6271208 -7564008
2999932 -7341616 251872 8927120
-5136824 -1060282 2716888 9292742
5961182 3623620 -2653972 -8742844
-6892530 1860364 8585906 3948368
1719560 -6321606 2157804 2470938
-9218324 -9544356 6174680 7475760
9753184 -9525080 -9217784 -8424514
8786324 1737328 5505628 3869736
-2353220 -6918634 -2084636 8553072
-8185728 -9665888 -9298668 6781262
-290828 -8953384 -9427886 4450228
7015412 4722612 -977180 5663151
-3389980 9267264 8064688 5992940
940580 2386616 -4176961 -719325
-1401118 9305874 817732 -6699695
8706352 -9715196 2998416 8949624
-3579389 -5915276 -6188656 9197110
-4988754 8944569 -3994010 -7652260
7535182 6995638 174512 -4799540
1599350 2291334 7190411 387442
-1556244 7622584 -5029896 -7451976
5926068 -8472220 -9211544 6817508
4674153 -8356826 4707344 -3879726
-9818612 3508580 -3258564 -8417426
-6873696 8839744 -7870869 3541603
-3615817 -5664996 5271778 5025080
7344497 3709628 -9649292 -8487765
8540967 -181700 -7009304 -484556
993278 6021718 -8805824 1518998
-2398111 9817100 -5479144 -636532
-7681436 -4926712 9802536 -3603498
4170493 5314725 -7900304 2012342
7406629 -4178804 5895436 5804720
7952720 433700 9582884 7971528
-1698592 -9811848 6287236 -4752044
9417556 499040 -8821636 -3213335
-9620940 3604732 -325300 5854960
-407874 4834058 4464384 8232658
-4399341 1671552 1463881 5951184
3646532 8054466 7498352 -5104472
-1377072 1162056 7378504 4576328
8473952 2761096 2183124 -9061098
9672228 8384119 -4112086 -1672464
-8151616 7884144 -7188066 828768
5892634 -3366560 5848202 5050368
-2668504 4698469 -3167943 -4316440
8516340 9533720 -8144412 7548056
-5095476 -2995154 5638789 6695896
2048344 7637391 -1532512 3322452
-4123884 -5078450 -7810568 9780804
-8085188 -5477660 -6685528 -5653590
-8458542 -3411564 1197612 6995836
-2267412 -7926844 -433204 -580380
-2076868 2636312 -2054976 673568
-3227476 -3244600 -9174970 -8413312
9092132 -6798002 -5786570 1984990
-8162172 4757673 8048659 8547524
-9711496 7188010 170411 6455922
7273580 -7589864 1728699 996886
-4363482 298188 4424884 4611196
-7195020 803270 210224 669360
7557524 -3275322 10768 745819
-5383428 5953444 -5104968 6805264
8836668 -4952784 2262126 -1882676
-6604940 7707028 -7124972 -178830
-8132016 -9488040 -5922084 -340492
6913798 9735142 -1288410 -7866888
693548 -217078 -371808 -9638072
4085975 9937844 -3353832 -4144864
6580252 -3391168 -7609932 4809000
-7669906 4851454 -4554152 -8975180
-7771564 7534836 9259496 3129240
-2929092 1350384 88468 8967016
-7609656 -3268542 -9768652 -8124718
-2415397 4018218 -7974210 -486542
-5587069 -4499056 8090604 7324804
3654344 5505626 3364499 2868648
-3205492 1705628 -2041928 -8512748
-6861246 -6746424 -8952160 -7179042
-5403590 -4239832 -9631079 -9755793
8928146 3495260 -3284684 6436740
-6920112 -8297854 -4614728 -3177452
-9445858 6422616 1193108 -819012
-5953254 -9800208 5387376 9251712
6642984 -6936636 6671784 -8514615
-1877658 -7547382 772588 7871874
5656978 8902284 154572 -4206628
-588268 -2414152 -1734778 -606908
1731181 -5235476 936108 -3266405
-9907496 -2813690 -2467686 -2237684
1902820 -5943862 2974044 8593755
-3149204 2057038 9312720 7892500
-719172 9783660 5802520 4749916
2865964 -4593776 2277544 -5203504
2789708 -454844 8600873 1257462
-7301284 1325255 -3143494 -3783506
-1609876 6854709 -7012330 8453196
-4399448 4713971 8306176 8055630
-6738712 -1913084 -438688 -1511690
2283712 -3168186 -6262796 -5099973
-10436 296560 5494094 7267810
-3450416 9721840 -7621544 2407292
7629178 -6143168 -7570780 -9858607
5549033 4843178 7906952 -894864
-5717096 -7334676 2932622 -6107161
-2414588 -679616 2989704 2555848
-1097456 7069396 7725812 3202280
-988894 98412 -3096152 3384522
-2682836 1990656 6054670 1985453
2983194 -5956632 8722296 2408819
6970012 2647608 1403536 5416584
-4085268 -3049992 -4107520 -6206324
8798932 -9946900 4102968 -8985605
-605078 -4683574 5775240 3807920
2628012 424052 9199588 -9745020
-9862536 -7120072 2458697 -1281316
-6895444 -4597054 -294504 5930948
5788058 6811344 -1872968 -2458292
1509530 -7288288 -9340882 -9200200
1672898 3555732 -9412692 -4849444
4958296 9414764 -1161076 -6571468
5513468 -1671399 8102004 7196558
-5498832 -2166748 -8285374 6736752
-331642 -7510073 -1426000 -8471532
-3410896 -9607940 -5733392 166721
-4573024 3064146 -3610722 -4671723
-4137292 -5728334 -4796779 -3637092
-7168996 -1516536 2759576 -7012164
-3865676 -1364164 4500284 2772234
-4460896 4898404 5919180 1542932
2798968 -1123876 2368656 -7797388
6785552 7942956 5630368 4364336
339064 3504570 -5272476 8442498
-6640568 -4547882 4021808 3029758
7671320 167532 5605210 8094210
2467828 -1397374 722496 9485224
-4187808 -167874 235676 -689576
-6104940 -9131034 129494 -5122572
-3556376 -305484 -4848704 -1725832
5557964 -7424986 2421235 901612
-5245960 5878764 1182056 1997594
-8863544 129460 6329840 4360065
5655112 3622840 -2080532 -1084308
-3954926 -9620592 -7083588 8534604
-2259580 9113929 513256 2571928
-1078356 6783476 5463810 7258200
7200108 -4136392 6507342 9888544
-4594057 -3512046 6025448 -757368
9696104 -1327037 -8336648 -6800935
9465348 -3280612 9486540 9131098
5324172 9589454 -1196572 8602236
2241488 -1906344 3020852 -2319980
8955606 -3199768 -2317375 5387298
5478666 -7238860 -849820 -6717205
-4810796 -1393693 4108190 -7859896
8763130 -7109064 2504260 6366042
-6529286 5791294 -7851992 -3819123
4805560 -6189832 -7491505 -6491936
-7239534 8878312 -6921736 -3371760
-7509720 -5372888 6788168 4632436
-6887840 3498590 1705382 -7555020
5494564 2015796 -7007676 864324
1621484 8247968 -4878076 -2789388
-5449600 5331140 -9658520 8331042
7058580 -5381519 -3017900 3991372
2137388 4818616 531660 8996120
-2312788 1622448 1547060 5604468
-1539580 3611736 -4734900 2319208
-2182564 -4541316 171940 2258726
-2283000 7474312 -3286100 3413170
-1310777 -8735420 -862900 7671906
1147339 7126312 9459122 3779856
7841898 1438920 8656628 6182840
-4940952 7883896 -3904771 7049440
6729796 -8237226 8005558 5924774
8765000 -5778788 3304234 7270590
-1400488 -5142178 -643576 -1870458
-2058448 -2295638 -5885139 -3870916
4654056 5849624 -6746043 339634
-1003941 -9085676 7604614 -5665952
6935384 -2087396 3259728 6469316
2148968 5168372 7713112 -9171208
777292 8038144 1814152 -4271464
-634492 9160052 7391196 -4635122
-170945 -1116584 -3061195 -8371356
3746064 9181536 -8438960 -9990804
3697108 -3365378 -6872444 -9859803
-8303004 -3073596 5464669 -5401639
4364746 6330724 7962224 -6609116
5049754 -2888384 -948648 -6725
8630452 9893612 -3302080 6467746
-9144204 6418620 8691900 6954300
-8117880 2836572 -6378936 -8057308
3146496 -7664200 -6768844 -7196636
-4820562 -4823600 3822652 5205152
-2269808 -5191360 -821736 -5143820
7666964 7192664 6072980 -5242628
-450284 6472024 -3558926 7972104
9427543 7664360 -5969097 -3374042
2164524 -6192804 7260840 9295336
-8234272 9435385 1844052 2204116
-1775134 -2914480 -5990312 7108685
-9478366 856516 -7483208 -534280
5989796 -5953044 8585276 2291840
7583068 4220964 -4846416 -8774525
1227330 -2721973 -9588516 -6794088
-6434496 371780 -9786316 -5242912
-5449700 -509050 9365720 -7037247
-3541555 -7911386 -755753 2497392
6066132 4223436 -8853544 -9889728
-2715708 -8346996 -1031570 756360
2211896 5063820 -4145898 9813162
-5960932 6193260 -9741192 -9228184
-594856 -7120048 7954132 -6693108
-5902236 3410444 -7880159 -2552744
7141528 1263257 758960 -8617652
-4525208 4701956 9053816 5715098
-2906861 8490737 7665424 -7764292
-4791420 4940572 -937250 -5011348
-8625184 -9999576 -4332860 3722616
7846028 9995828 9123524 2179386
-7307788 -4899200 -7290847 1350656
649509 -1319903 2858137 -2982116
-8421140 8859856 4920324 -880133
-6893096 -2787724 -5284744 2104284
-6301028 8562060 2671848 -9762178
9994216 -9181307 8870596 -3351900
7482336 -9639012 -1254676 9346004
-8384898 6670823 -3149517 1805920
9814548 6462820 -4290816 3506780
-3956302 455416 7906265 5734096
-670512 829024 -1620338 9742993
8917838 5996736 -7699562 -5641932
-3552824 -4477496 -1363344 -6210309
9932732 5951696 -8728731 -5143019
2809392 -4305804 -3582121 -6011656
5053716 -6333712 8680620 3513480
-6415884 4846704 5191588 -5690923
-2427636 2893356 8244321 -5033486
1427848 -3302692 366676 5942880
8645156 1176212 6124444 -5467788
7519863 916996 -1572252 -5115139
-1620848 -7433738 -9806192 -1959511
-2896898 -7210684 -4553176 -8352428
6304276 -6949488 -5146702 3034080
1758620 8216024 -8186004 2861270
7406624 4323056 890006 -7539666
5044856 -170040 4370414 3855487
-3152996 1534940 1349148 -3694416
-6589988 9183894 -527328 -6837944
-1725179 6470332 -2088448 -1180806
6555032 -8634884 -2644520 8602040
2493282 1367046 -3641924 -161436
8040164 2135376 -9642552 -4599315
8564232 9226078 -415807 4384220
9878266 -50256 9473968 -8854880
-2626110 -67692 1314190 656744
-8220228 -7383250 9167744 -5718984
-2841748 9237006 -7062415 952616
-6960018 -5124108 7593020 -8794028
3211592 5958708 1768982 3597512
-9815148 55319 2560068 3450588
4381486 -1473120 6977424 -4097232
1583224 4553261 7538201 -198767
-9971552 5509736 8417116 2901528
1128980 5534962 -1498982 -7766352
1905850 9781779 6578328 5360320
9012159 111814 4465634 1847344
-8436882 -1589840 2837692 5914225
-3648988 3891068 9903268 -879029
315659 5852576 6424032 7891268
2254712 824880 6617308 -6395402
-7856844 -4319602 3975912 -5957490
9497655 5218444 3106357 874778
-7698636 -9078694 7642416 -7386168
6896836 9205744 3820086 -1701136
-2712892 5044080 9376620 -8902014
9306564 -8257826 -844310 3735824
940613 1555012 -6238728 -2643336
7192668 5639716 1435204 -510084
9422884 1430131 -4134261 6974480
19902 6146688 7197576 3731961
911620 -1926017 -6370356 -988660
1493560 9924768 9126248 -2464534
2898964 8354264 6904464 -1903356
-1264892 114580 5650246 -527996
-4156792 -220368 4322812 -3394640
-5250596 -5631840 1974524 -6645508
8253380 -7731714 8383640 2379340
-5217136 443088 -6960544 3135728
1289563 1586683 32750 -7231426
9271178 4655140 -8829052 -3022636
5992914 -3963528 2854952 4898076
1498800 -6572484 8413895 -6147632
-1075420 2374388 1135760 4036390
7953404 6850506 1265052 -4696116
-1227032 -3009578 -2819360 -9294068
-6666448 -4143200 7153544 -4228424
-8517320 -9517008 2010074 3210256
4194668 -5080104 -2599648 -2868182
8435164 7376888 -8747908 -4941764
964956 -8468068 -2282920 3207280
-8405312 -6032142 -7304008 -1521418
-7321770 -8579100 6411576 -5176416
-8969436 -9234490 -7813396 -663720
-7508664 8660360 -470315 7368860
-3375743 7047952 8603420 3209777
5416872 4795172 -9294604 1001492
-8130060 7677726 9557788 7962138
-4196626 6519300 -4648388 3650408
-3617420 3100064 6867296 -1568744
-1347076 7295048 -5309936 -4014068
1900271 4245028 -6942789 4080706
8666127 5905904 5451452 69772
-2692676 -2825223 -8042182 -4815872
-291933 -2895947 4271148 -221159
9917152 -4841736 7243718 1506216
5308360 8376248 -9683789 -7366521
3819652 -889096 9586660 -3331772
3892498 6081476 5904296 9860328
-5539896 -9623188 2696850 -8791960
-4376824 2440812 -8206248 3960582
-823856 7327028 5136446 -8807995
-7614426 -91225 6142716 1527164
-5518456 -8988964 6610169 -9733013
3079594 -8495036 -5396989 2898616
3497084 -887372 1669976 -7737150
4757584 -8854660 9301408 8978380
-9393800 622551 -7100073 713668
-1306632 3184742 -3715322 8527480
-7366956 -5568462 5312708 -7905104
-2350825 9802322 -5752038 3542784
-2613968 5470608 3905572 652346
4641204 6805288 -4250516 -5760468
-1738492 -1326780 -6196576 -8242787
-4506840 -2395212 -5801824 362800
-4245600 -9517108 -672192 -510624
9798740 4082460 8554248 -5412320
-4964612 -9274400 2878733 -8140568
-8915955 4074584 668528 9372796
-382112 -2151326 9629133 -6311642
24220 7650856 -9594969 -7169420
253786 3295785 -124896 -5543821
6882324 -2389182 -5456972 7176988
-3385756 -6256048 563568 8260744
-8211820 -73292 -4856841 1502788
-8717710 -5733268 -1236272 9498586
-7154848 5664529 7632562 -3121672
-2491436 -263664 2419760 7803016
3959822 -4993908 -2870761 -1740240
9885242 -6357108 6238226 -9720288
2698306 -6166336 5354904 9692988
2694227 -2669848 9414509 -7174769
457740 -6768933 7845074 9348964
7631032 7193436 -6670856 8445812
-4277644 4921121 2009084 9493312
4352016 -353108 -8387508 -4276652
2840164 -4659624 -3939984 -6052284
-6480664 3755668 -4368736 -7239542
-4783312 8219738 2130224 -1605396
-8372606 163988 -8307238 -9638664
-4006249 134292 8247020 9149696
-206754 3174892 8834706 8017064
-5511072 -7646280 -5246272 -6716852
-789650 4707016 -9343836 1522744
-2879806 8940755 8233980 5853806
1255806 -8710044 -9210060 -7645156
2909024 -9651279 -2718708 1218088
-6851616 9681452 -2330536 3314738
1093224 5379876 -9605824 1981596
2742476 7870303 6831948 -6525808
-8273893 5461314 -1451600 8588090
3724572 -1737120 4853072 -1166286
1812035 -4136280 -8439150 -1236308
-1683740 9164056 2156480 1657920
3007532 -995876 5050184 -7524888
-8120728 -1510456 -8039684 -6216744
-7956371 -4660998 6534684 2343468
1118000 -6494719 -3516764 -96440
4684092 -6599397 916944 -4049483
6118856 5540088 -7435440 -3613842
-9345208 4925562 -3375254 4922037
-474388 7800560 346882 -7012760
-656540 -7645962 9398680 -306873
-6578215 -93520 -178280 -8123646
-8765096 583548 -8948440 9434122
-3977480 -6733596 -2716997 -1990680
-370512 3269604 8107200 7759820
-3806574 3408212 1351546 3056208
-9743106 -108494 6529420 7517831
1282598 -3525424 -7708504 -9931952
-4537350 -7117528 9550920 -5988968
706520 2007639 4910611 -4611510
445364 2073740 -3516628 3350680
5508367 -7235820 5890876 8151433
-9753012 -2507620 -6927908 3105504
9122744 -6883582 346044 696336
3994120 -5159988 -8545992 3661814
-1278029 5138672 -3946304 3011864
8513276 2271015 -5371156 -8866650
986192 -3448604 -4442907 983952
364324 4743844 8125185 -8823632
2323810 -2046514 -9757120 4081954
-1099978 -3830404 833520 2682220
-6612288 -6147222 2771487 6677202
-344180 3499792 -9560828 -1957400
9160160 8933605 9612004 2792152
4103880 3585743 -1939164 -8208076
2005452 3392098 -6429071 -5763656
6722880 3060700 -4120284 -9436148
-1568148 -2406884 -7406166 -2951564
-7683372 -3101956 419610 -2039196
8235896 -1259076 -8672765 -2174896
-7779608 -9092425 576713 -9763976
6996724 9924900 -1079622 -8803180
-7327923 -8294440 -2419064 -2478879
-6925462 9832676 -5049916 3744588
3816252 -2753372 -7965608 -5354151
6703952 -4249044 -450824 -1135571
7425316 6277668 2812168 8548124
-3672464 1727518 -8505718 -8222048
-9707326 6921982 8713955 -564964
-6561484 -2932195 -8235344 8005310
-3401852 -8538704 6515108 -9398692
3975403 -9769220 7210719 -9511927
-4546758 8301100 380156 -5079376
2315320 3123640 781188 -8905628
-454790 -7441160 -8343552 6926171
-808847 3358272 -3020492 7326780
-9176476 828580 9195380 3137696
2309444 -5248272 8089760 -7783862
-1293585 2723984 4243837 -384980
9867672 6211040 -1368184 -7696764
7533188 -599672 9155914 -4681616
-75694 6960832 7998584 4695788
4399756 -6583930 -6772058 -4594630
-77300 -3172476 41476 551624
-1823748 -2901748 -1125008 5799182
-469136 -6828556 -6849380 2778428
-2617819 -5175608 -6501018 -5338288
3930952 9081084 1732497 2469673
-6343488 5836476 2198100 8928773
131216 6753440 -5912845 -1290048
3479304 -8375948 -8986240 8853808
-2782024 272772 2242106 -633034
2132634 182360 7738326 9997523
6857936 7033164 4181222 5098260
5405454 -3627862 -3763110 4981008
-8395688 -6286345 3920288 4705216
7363206 9720058 -6045440 -9152347
-2085164 -6174116 2629348 575426
5186276 -6074890 -5150372 -7501216
5652392 -8624205 -7591028 -8522768
1832188 9922506 3097852 -8076746
6882668 5096640 -158312 -6945424
-5877472 5508204 -4833676 5414762
-7438148 -9204892 1431542 -2539352
-1806060 -5255210 3642772 3371708
-1664740 911376 3789902 2979754
6552616 3739818 -2708005 1927288
-6402980 9403413 794245 -2231772
-7506008 6342848 -8114283 -3369600
-5800588 8412972 9613443 -7855526
-6398940 8554336 -1165999 4257668
-9709764 7032248 6205105 5630080
6156900 3105618 -6397940 -9584268
3488978 6263828 3902528 4011700
-1118866 2767951 4739438 -1893732
5378568 -8821582 6818654 -947965
6478077 6106988 -2951986 -1029968
3132920 889884 -1603154 6684580
8716680 -4437364 -7645980 -1265168
5001280 2590472 -9452072 8019922
-6504536 -767596 -2573268 4127508
1764342 -1722843 7517668 -8629038
-6106106 3263247 6153800 -1367579
-6286029 461822 -9382836 661830
-7945215 -6867158 1656468 8749248
8343234 -7429040 -6681993 5397256
-626876 -6232088 5230456 8736304
8706154 -3004644 -1650036 5059780
6120820 2067172 -3805950 5245064
3201402 -6745922 -1226288 -2821640
7124396 6046670 7837444 -5705442
-9721104 -2918140 -4829960 -5660988
6138700 4801938 -7006289 -6107810
7443516 9664156 995588 -9237500
-6367587 3063612 2536421 4047514
-6091304 6056296 7482085 -1130800
-8085472 -3307936 4252368 -3378892
-9157772 950376 -7835692 745484
-174628 7197546 -8928965 4312280
3208020 2843036 6110928 -8941388
2074426 -216750 5647994 3574084
-8546800 -5422500 1295186 9922712
-1323364 -6354268 5969000 -3884986
7270133 7040501 7329708 8562788
5403886 -7130660 -4673636 -3205848
6035822 7065904 4221996 712456
4857972 -995078 -4316392 4266476
5848372 5757736 4556172 517832
-2657148 6363735 3580782 -9773804
-1475410 -5154860 9155258 5000768
-3718774 5853784 -3934528 9236624
-8161040 -3500144 2132904 6712203
8415282 -3922393 -5423212 9262772
-5317248 157329 1890134 -4461832
1099500 3814876 2971556 -6402280
5175100 -4872084 922396 -4271784
-7207356 7455776 9412428 1336633
8343915 -1756379 -2887056 -4950856
-1695328 7869616 -6744604 407359
-3192488 -5785824 -8743888 -3848964
-1997792 8231393 1390084 7671347
-7488976 167510 4415448 9086372
1905692 4422464 2584326 571379
-8251760 -3336058 3143636 -4268240
-3106309 592488 -4880340 4721696
3167600 8935451 6562988 4399780
1252407 -68496 -486544 -5614402
-312340 8138092 -7351238 7978350
4068058 -2030482 3696048 -1535356
7966988 -4918704 6634724 7222648
-5886550 -7081790 2179268 -153832
5907556 -4610957 -8646088 630044
4342300 -3142501 7433744 -8315184
6175024 -3504018 1401958 5424056
6541138 3126040 -8087524 4196474
-8887536 6256592 -9179120 4954992
-3935858 -9610161 5568536 -7552048
3104864 3428784 4381284 7352672
9060459 225325 -9445152 -7269124
4269430 -2764932 3113997 4080068
7031334 4894460 9737824 -3008544
2095028 6432016 9206242 3418421
1263068 3014032 -5662598 4306104
1540332 -8637816 8975551 1511068
-2752764 7226228 -2017072 -6936616
-8641856 -1195888 7650176 -2058692
6686800 8999288 -6636092 7041516
-1307262 -9343552 -6042474 8683969
7611640 8766952 -1578918 3471888
-1809300 1535108 8524946 -8120412
2576380 399560 5614744 -4249656
2642544 5660780 1214708 2788386
754500 9421828 77496 5889876
3547784 7044012 4955414 -6306296
-3536154 -4195688 -6208154 -1438152
1300814 7122292 -6731714 4296602
8222658 5340929 3202024 -3722278
6389368 -2012774 2235220 2943540
2356816 7508056 8564952 -637748
-1037022 -1035538 159483 -8318591
1038508 -1851868 8067546 2709528
-4236112 -7460932 3569784 1021699
-2836948 -2462128 8255178 1064621
-4083792 4485996 -2661816 9809503
4249998 -1711776 9108448 -2946644
-4975632 9321660 9659527 -3595647
