999
2738972 -150952 6236 2638252
-6838932 -9266304 -5480560 6506049
-6552708 -3468312 7361935 -8784838
6624714 3268692 -7612460 -8735644
7960504 -6893638 7498236 1735392
3098244 3653285 -7462556 -7184050
-3746120 9569346 5794848 -4154280
-739044 -2586244 -9680 -3131524
-8201727 -1705116 3276366 -1940720
3344476 3915071 -1899700 -2511103
7026996 -6114222 -1019364 5592151
7887164 -9279800 -7214188 -5420496
8855680 2118650 9525256 6524038
8444204 5535742 2552732 -5697800
8076475 9563834 3313432 9468270
-6519532 -1405016 7241480 -4772584
5668822 0 -4831588 -7551388
-9493124 -693096 1617515 7510404
4641136 489488 -6745694 -7445460
-6183232 85152 -364017 6673146
-7357130 260130 941296 -4112270
-8059366 -4370596 -4280100 9545612
5385228 4185912 -4872928 -3018700
-8853906 -883972 -418399 2402172
5815465 3296136 -5792179 2999372
-6513704 -8995036 -4450296 -1187734
-1539744 -7805752 -169080 4976937
-8902691 4762378 5507312 -217852
-3056896 3790568 4447908 -1291892
8981008 -8264916 6670500 -8205275
672944 6824448 -1940596 -8786028
-8879304 -2055844 9060517 -5079874
6783904 -3657397 9419824 1411042
4460464 -7535246 7007260 2835180
7689204 8764512 -5520518 -6859239
-453976 -7386708 9793464 713426
9097861 7833726 -2066976 -1894492
6524424 2238616 7544400 -765276
-6209830 1566376 -487732 -2268234
7205020 7589008 4837840 -6200128
-8226176 7247948 4771464 -1968820
-761962 7263066 3967696 -5192524
4021256 1234240 -7710132 -9852522
-6711656 6297132 6827336 -5712100
3854844 -9211956 2669293 6331004
-5893864 -7017698 -7673368 4236502
1387708 29968 -5044430 4209712
7828976 2136119 -512572 -1575996
-7289491 -1102060 -6778180 4315196
7336666 -2954688 2995998 -1176776
8868698 3345064 2554192 -6768328
-5395180 432464 -804070 3977292
-442568 7142162 -6973428 8580335
2889569 -3202485 -2203412 -3281320
-4645260 -659628 1996288 9197600
-3874488 -5091925 -8463640 -4141482
8170240 403996 4676914 -2165244
-927792 8467993 8353236 4487212
4530460 -1264404 4342940 -6088370
1750816 7541456 6229425 -6913829
821530 8455708 7581964 -8774128
7644300 -1097480 5469668 9470071
4706528 2170887 6016480 706752
-180592 -4878425 626030 -7559890
7709620 2615828 295708 -1608460
5596374 -2249076 9306524 -72984
-5313676 -2698576 7533320 8487978
8491068 -8008520 2471724 4950844
7434520 -1144010 -8517848 -1074056
-4045848 8702825 -3770148 5657636
-6992032 -8102760 -7841468 4914916
461204 1926944 -3276532 -967777
-420616 -4659608 -2055820 -8981236
-3487318 1001693 -9284628 9974152
-3287456 6612008 -4720364 -1189228
4308740 1826952 6732004 -7031280
122166 9285106 -7490914 7150036
-6227918 6629262 -344370 3312468
-7441410 3877221 -5520388 -9180436
-1123673 8217964 5481064 5542900
-6322786 2585036 -1617252 7827902
-205613 -9521148 -4598156 6836808
-724608 2519816 -5799356 -196364
1768596 6624304 1701476 -5066180
5158952 3885621 5562976 9392716
-98494 3704541 8260124 2367816
5966436 -8549192 5180652 -538804
5927424 -2344684 -6414380 -5341816
-9022102 4847184 6655172 -774070
-5811744 6387020 9479080 5768944
8200822 -5618689 -2442990 -3607428
4442012 -1095161 -1323820 6443836
2180714 2177121 -6475972 4962532
-9253938 4344924 -4077882 2965011
-9186480 1613270 -6249848 -1785116
-2534052 -2444443 -8583900 6680728
-7682626 2162468 8331416 -2846231
-8106588 8749134 1237328 -5912360
3991840 -5640110 5685352 1135535
9076068 -3484700 -1684380 -2906997
-5726950 5166192 8977510 -2894679
9339476 9590876 -8079204 -725364
-3599436 6686552 -3176518 -6706648
-994674 6560230 8921676 -168884
-874589 4252206 4054027 -7075908
800816 2234828 1200636 -267742
-9638496 147800 6490875 -4688276
-6072035 -9454361 7216487 7314708
2831142 9373562 -3027760 4880224
1543586 7828624 -412500 -214848
-1881724 4942908 4889712 1397879
8930598 3173850 4034904 -8043120
2445950 -6864038 849020 -5814866
-1244466 -9005164 -4572469 -6396192
-5610318 752171 -2040256 5650928
8151520 9225408 9304588 1100760
-7617628 7533026 -5212232 9514772
-4703160 5907932 4281450 5346644
3357616 2692852 9362772 5385220
-6696129 -643954 -231768 -2126212
-9476644 3089948 7553732 -21992
-591066 8343305 8580884 7124316
7867624 7894219 -5440112 -4573261
-156246 -4969576 8364662 -2448240
4719773 -2384276 -3608348 8105544
8385784 1052736 -8643548 2751784
-9959388 -4509604 920308 -6857031
-4794702 4538038 3365100 2082584
6989376 8493111 -918218 -6588820
-5384050 -6610758 2550140 7572484
5803987 -4782424 -8412548 2742770
9603480 4096418 -6947880 2372928
-5328876 2580648 4300128 3177910
-7745222 4491900 9629424 -6145936
9123216 4327382 7701520 -7616226
5536464 4796560 -447306 -5093254
7395854 2453436 9193116 -4368392
-7390314 -7343376 7255802 9853500
3807348 4148588 -9182580 9426924
-3335352 7894984 -8629872 -7800320
5785572 -3811076 -7846704 5638128
5010260 -2577219 -7897456 9275508
1247220 -1601495 -1274012 -5558750
1799908 -792556 -9207508 2909990
2863192 3604427 8521136 -1074244
6643588 -2539108 9950286 -1058984
928280 9616443 -4936680 9037954
-4259544 -9742819 -3748634 -1240382
3973356 -7325360 5762256 46066
-874372 -3642690 -9419804 -5542736
3317054 4097510 -7489484 2468536
-8887177 -5464690 354416 6175216
7469352 -2240512 3602654 -2961208
-313560 954972 9410248 4679632
3391498 9582118 3921512 -6392972
5596528 -4998347 3528672 -1690736
9430272 -5315406 401024 3713956
-7129720 -9439700 2194496 3201802
-1557080 4387316 -3658532 8383315
3993111 -4532131 -4757800 -8952076
2832835 -4315534 -2911603 2207864
6489192 -2292200 -1334712 7171486
866184 6998980 -9902692 1140889
4235232 4808040 -909560 -777827
-4969462 298364 6880972 -66128
-252256 -7842148 -2091580 -7436412
-1272300 -8216183 -9873309 -563332
-4739876 -9271088 3467191 7639372
9799972 -7160324 -7124207 -4250520
-423256 8062104 -4036684 -6195946
-5011516 -5415348 -9630440 1891864
6400696 6658156 3163508 461796
8290200 -449656 5823960 9471104
-8324404 -7001996 -3777052 -5130672
3436675 8219096 -3790924 -7353408
-8064474 -5131480 8157020 -5464300
-8540172 1093008 -6033000 -429072
4836024 -3859520 6032472 1571104
1755704 -313505 -7213136 -6674138
-2485300 -5112464 -9609542 -3860023
6670364 -8627140 -2713172 2647046
6516037 3327044 992654 -3706751
-7441184 -4418292 6688414 -7639653
-237048 -2087568 9418356 8383428
-8691282 -1880532 4976788 6010276
-2977704 20604 -1360464 462106
1905286 -2476576 -3625094 -1610812
-3111576 2394120 4572340 1806392
4050954 5021734 3159896 1603940
8743878 62768 3581826 3451961
7453400 1694070 -6781141 9820577
9327476 -7838180 1219220 2115248
-9563368 -2210253 -7177110 -7247301
3348240 2540428 -844736 -1579196
4079592 3198896 8485534 -4501938
-2232904 9223875 2987550 -403600
3174356 -4452356 4423324 -1305268
9436842 6844036 -7918564 7233146
7470088 -6312661 6125064 -6239772
4923484 -8808254 6204191 -9631560
7932820 2392200 5878570 4466312
-4812944 5484944 -8558144 3325688
-2471328 7047324 5269195 -4245512
134494 7025420 8367482 -6278848
8843292 -7451476 -210924 -6750732
-3534385 3229320 -3783690 -7727452
2540276 8018248 5460928 7165884
-4465456 -3087888 -1095660 -2091596
333016 -2495176 2872032 1567440
-9829188 -6925488 4036764 6125556
-2727480 7569936 -890258 614604
6109016 -8823972 1356944 651280
2852464 5183644 -3894240 2532656
-828380 -940008 6333810 -5214180
9380304 943708 -2002670 -1208708
5477296 6261892 -1326764 -6760812
5301233 7732516 -6069164 -2183800
-7634836 -4574290 156672 8722043
-7591460 8741589 -3174916 3320168
5202924 -8640026 8656857 -3052586
7945568 -2996602 -5404158 -486980
4802020 -9442765 8622472 5334272
7263574 8313614 5607658 -3972934
-4557116 -3031432 4511144 -1184146
5373928 385236 8944143 5133364
-1590225 -9758432 4624520 -8267620
1128176 -1054028 -2402648 6483223
3303256 -4221108 -1618326 5356142
-1143948 -7626708 8110288 -3713848
-5776736 9416640 4205322 6003907
-5529536 -9836618 -2724460 501152
-5101301 1427716 1998070 9968616
-532790 4730177 1845867 1544766
-4834304 -180696 -2007332 -542839
-1622604 -9450351 -7450173 2285634
-9201048 8359698 9442456 2045609
-5011336 -9161246 -3739460 4187511
71886 9496108 -7231976 6580308
-571304 1921064 1038301 9560427
-6611328 7106428 9303921 -8482970
7270424 6143230 5815168 1581773
-2666352 1646352 8108168 5576288
-1988692 9128972 67560 1810516
-8241116 5013260 9070576 8012996
4354388 -8795856 256347 -3623480
-8549460 791292 1775509 2903071
4045398 5867648 -5564066 4067268
-8296889 5659864 -9439762 3589276
6019168 7197250 2170880 -9133142
-3068216 -3831868 2507708 4520466
-1012763 -959980 6385388 -5471296
1565052 9632106 6881716 -8530211
9066604 -3920214 6982557 456178
1969873 1533920 1484368 8305874
-4814912 -1717300 8336812 941760
7934264 -4662451 6054012 9176325
-6747945 221172 -6258528 -5424714
7383724 -9691476 -6983108 5182278
-4723506 -2778178 -877624 -4575758
5340124 6355824 749184 2069084
2737956 -7662308 3769144 599928
9281732 -4503212 5978868 7363528
4349116 8043016 -8042112 4301659
-3050472 4522596 -6925328 3552404
9981527 -8200282 1225328 6624594
-7481704 2651112 3217363 -2563638
-5392264 -8903008 -6668848 -8349887
1584080 3436572 6949700 -3747076
-949674 6036076 -9027294 -4546412
2940375 -6370172 -8007408 4675620
-8778812 3199319 2791148 -3919030
-2592082 2616936 -4954668 9096138
-7110052 5286728 -3587592 -3142148
-2955928 66208 7267548 -7796976
9117576 -8586782 5986652 7013124
4297268 5899940 7781592 5799338
-2570970 1912052 1343220 -9044832
-5830046 6917608 3249470 -2039992
-9764472 3443684 -59968 -9821670
8791468 -3191240 9480608 -6526708
8404866 3381544 4228147 -7028178
2771444 -5359892 4936421 -2748199
6527212 8686480 8166188 -5400693
-3313132 2205266 -3943568 4408703
-8982972 1925505 3419274 7368764
-6984058 -4193104 8681392 -8936108
-4548572 309620 -8254412 9565600
-9471108 1845109 1233321 3768516
367084 -6955824 2964216 9535832
1315670 -5447148 -7203564 7626580
-2507074 -6416376 -8045576 4414877
-2395644 -5205932 -8289884 -2251790
-3493660 7255200 5110524 9428413
7805648 6374232 6301180 9766792
96884 8012532 -4179572 4190112
1761330 -8536948 3309086 4391635
9635912 -1556604 8979718 -6397408
4141040 9598146 5124313 8676244
4499298 6554786 -9569948 3147336
-3719376 -6588372 -6760244 119464
1076854 2768730 7862008 9258448
-5685092 7833556 619114 9053256
2408716 -2137784 8689599 -8369570
4775011 6740748 -6347800 -7528712
-9441495 -1971140 8282964 2062562
-7322795 -486164 4809644 -8097572
-4317976 4039080 -5582584 9823264
-9765696 3026900 -3484999 1115452
-4995560 -4332788 3053704 33104
6124980 -4422184 1476372 -998552
5976456 -9129724 7805981 -6823909
1065436 1396828 -5245040 -1068856
9715874 -905888 -8119557 -5774576
1626204 7913836 5007264 -9357838
-4412752 4445682 -5602648 -5651840
-8422608 -8902948 -8080383 -3467448
8493576 -5516532 -2130116 -2530414
4617508 5606116 -7593447 5861492
-8282784 -9846848 6733284 -3025106
-6769422 -2051416 -1408384 -9366864
-2290800 6169668 3074963 -3241000
760248 -6652136 -1953204 -3595734
3183604 4808597 -9744920 7328734
-8471510 2957224 6855408 3021320
-2989556 -2656556 -8548204 -4652034
6691684 2271728 -487996 -442800
6248044 -7274316 -8852904 5898535
5576018 -29340 3308740 7340316
-5375184 5083512 -557872 2530183
6625170 -5014224 260299 -1195864
810126 -4002180 -4146344 7933216
1268028 -7497960 1997996 -4896526
9452656 -3350187 -9887074 -6489039
-8637084 -2140808 -9627542 8660224
7477215 1392599 -5002888 8907872
1721560 8760488 -809756 -6149848
-6417676 361324 9343622 5352296
-9435988 -3530648 281948 4325592
3910744 7521356 7957104 -2475336
-5645388 -1385098 -9097456 -1134942
2025564 -7510020 -4344849 8201856
-723760 863976 3845208 -3007675
-5995314 9062640 -2130880 5586102
3399576 -3265436 -5297694 4412860
2623719 8303942 -4412348 -1540686
1216984 -7513040 3025766 -2273836
-9354420 -2658368 3777598 -7174860
-1835737 3292150 7355026 -8824344
-9417532 -2661064 -3863852 4071048
-2530998 6292950 -2403947 706044
-5093596 -2449888 4543686 -1481628
1567448 -2189264 -4942392 7352988
-7615999 -4096736 7103112 6786380
1984916 5527326 -3737389 6436084
-5646092 4686584 3498152 9154775
9895964 -9093504 -4233600 -7638100
8933678 -9954168 -661906 -4257020
-6511716 500991 -2039148 -5099704
-332624 -9341452 -6553414 -409220
4550252 8752008 -8213196 -5943444
3563809 5463740 7996684 -726039
-2577596 2853734 9246654 -5069726
-9364131 -3105432 764380 1901676
9176180 -7508718 -3640744 410676
-8450156 -2739268 -3939711 4731242
2516208 6877326 -9439122 -1220676
7798836 6880180 7382668 9130876
2137652 3127748 966920 -2974156
6530848 -9231272 4390016 7728340
1656391 8587880 9464052 8827260
-6592476 -3294656 -561944 -256224
-8322804 1755764 -5321490 4759244
-4315940 1333488 5533224 -2332412
-3669056 9793506 1294640 1167220
6697912 -6842650 -7290332 -6175520
-1884864 -1128050 -1774644 -5803060
-682512 -6721078 4882928 -3193536
3092096 2116296 209157 3030159
-939740 1692620 -3520403 1623722
7427713 4916952 2325438 -5093476
-9576856 -722577 6175100 8536786
5836148 9935418 7056484 -5677134
-9198660 576336 2568156 5695552
9822133 3186624 -3969455 -5324968
6476160 -7753905 3318180 6437048
3552308 -6063180 5347884 -6350422
-9310268 -3234884 3656017 -8404174
1397832 3992398 -5867156 65496
-9585420 6298360 4211432 -4578584
8393684 554976 7474479 -824848
9491764 -5793712 5790816 -788916
-2047364 4671568 -6513725 8237190
-1524485 8878704 -8498300 2131880
-4204772 4792080 -3096260 3763182
8487828 8281030 -7355090 4644024
-5339607 2902181 -5720740 -8268990
-6682908 -4941148 2030576 -4985464
-6855066 5238176 756812 -2230188
3565380 1025166 6860372 4143024
2585076 -4508096 3122710 -9438248
-2932160 958524 5343204 7583008
956316 2023472 3960168 6847620
555704 -5537984 9264244 -1376542
-7315512 -5074654 -9435072 -1994958
8123280 8676472 4479521 9802512
5103468 8334523 3297826 -2105167
6666062 -5529237 -9937852 -1389468
869648 6015856 7946076 -3954004
2892973 -9946114 4117028 -6631162
1477304 -9527700 5917687 1927828
-9419692 2224380 1281002 -7743316
3153318 -1125580 4745684 -9964852
-6860808 5989960 3997371 6333924
8345568 -9155368 5999728 -1978808
7569236 5220386 -6127060 -2523964
3249358 -5290552 -6197447 6924769
-9305872 -3642076 -4438872 7332428
-326964 6830248 -1886988 -5496328
8341676 9508576 3190060 5877361
8462004 -1749263 1387984 -4285808
-928032 3267494 9172888 7392628
-2638338 -5752276 5582116 3246456
-538190 8525178 1857460 7247424
682854 5850812 4273232 8815568
-3784776 6998416 1246648 7447241
8589542 5091700 -6973074 -1413584
-3551610 -2708608 -2227024 3844872
5754748 -370568 697912 8089876
-6618700 -4024916 9581728 3246256
5050168 -374610 -9213838 -626707
5489703 6075928 1080840 -8659902
1508720 -4213602 4724512 -6737372
1232620 -4145932 1533048 3771540
1243628 6008196 -4924205 2889590
-1565782 -6507624 9957312 -1578910
3407720 -7763888 397696 1487612
6809855 2909688 -1810938 -7121228
-7109800 -1300580 1043728 -889712
6017888 1664930 623820 -1600696
-4837811 8004028 8654560 1935016
7694952 -9197232 3167920 2409916
-8968408 -6124116 -6937129 5530556
-7952122 7697271 -4812545 -1413500
-2871316 -9240468 -8610532 -1224996
1582256 9178579 -4213036 5370362
4248852 -2881882 -9382357 918040
-3571699 -953656 -7345697 3176984
-8407216 7106900 -1254564 5817588
-267212 -5246444 -3732196 8545202
568182 -4445244 27554 -2222260
-5172193 -5785800 -4593056 -4718122
9754467 261472 -1569220 -6670484
7291272 -3881232 8677900 8659636
-5043140 3137776 5076218 -8091005
-1952336 2819515 -108820 6523346
2414870 -7867212 -4643518 -1873252
4731368 -8786816 5670492 -2503232
-7383832 -2632628 -502810 2535164
4818444 -451274 -9523496 5285748
1424980 8403112 -5224356 -7273700
161700 -9641670 4951824 -5310420
6788156 -5984556 -7579690 859140
-5620648 -3407394 -6257596 8753804
9903668 5282532 4771472 6342708
-4778364 -8196072 -7291184 7368736
-6079287 -635804 -1083260 8916964
5724832 -3977867 -6640668 -5465448
7347484 -8083864 5436996 4736088
9746386 -6853660 635424 9641602
-3031293 -9399824 -9098336 -436652
1396536 1616338 -8497184 436736
-6052741 -9479183 -789133 9637486
5912134 -6063322 -751580 6916684
4705320 -2985082 -3711484 -3663912
-6368741 2213484 -2717888 9332989
4418660 -6443994 -5371996 -2028477
-8698660 1625622 6777718 1448019
4334156 -1502884 -6776389 -4389036
8274424 352156 -1092044 -4936054
-562136 -5326958 -7226024 -7331673
-2041824 4672544 -8278693 5370054
4950049 3773088 -2977622 5906793
38548 7868660 -5110896 -6580525
-1786220 -586760 -5957164 5777840
-5865976 9139816 -4756926 -7824092
-513593 930776 -8704028 -4466812
2439112 -9031466 -3183372 320379
-2568680 -5465001 3001530 -4052840
7458753 1231519 -7102738 7444448
2489884 -1640097 3778748 -8904842
-193633 8613074 3768472 8598712
-4876440 -1756807 -9190600 -1070022
6504880 7141120 3937492 -3575792
9445656 -9505944 6428554 7991356
4470346 8335024 5932344 9552228
1222890 7225228 2226936 6035088
3999888 5633544 6354564 -3358868
1173644 9895768 24533 -3694425
-4435848 -8230760 8504623 -7364100
3713216 2262620 1389664 -7676718
-7199880 -3030902 3971548 -2535488
-6630994 -5700130 -5110597 5239620
-8514616 7775990 -1945832 -9459932
3807524 -2496470 -2844332 7424614
-1253288 7519832 -9135448 5020840
8282172 8875464 5599584 -5892
-7519872 2850846 6763832 -9382012
4074384 -7231783 457424 -5786528
9885930 8101296 -2514332 8853167
6557484 9569264 -3949612 -800616
7209077 7285552 817488 -1754370
9471052 3025232 -6439446 6689184
-2988393 -9985512 -1475904 3618588
-1109218 4351706 -8628576 -2390426
-5376480 7114802 -6295534 6838370
3106114 5432034 -2148580 -4971464
1959104 -1518916 -8270044 -4135544
-6374074 -3193368 5078644 -5623376
-3892128 6161544 -9187932 5247940
9658532 7403332 7329226 9902524
1137700 2659925 6824104 -7849304
9989908 -3609036 7680460 40248
-6912408 4369501 -5381172 -9311833
-1905750 2998934 6392005 7841320
-6987522 3669924 -232300 4227384
-4871592 8690039 7295280 8452168
4136496 3050476 2236316 4371912
8322224 -8661084 698382 -6830996
-5816328 1384584 -3824204 5459770
8492726 -9140176 2689724 -211952
636974 471544 -1604005 -337724
8316350 -7583776 -5361292 3062076
9469932 222859 -8260147 5615048
-9775925 -3608046 -3471072 7314712
9569456 -4237724 -8790356 6521000
-1864544 8470648 -871012 -9535544
5445235 -6883892 -3765132 54658
6286792 2260473 -3872964 2815330
9044140 -2906772 -5175428 7054813
-4791568 1962118 7942776 5748722
252892 -54992 -6371816 -1810312
-7693724 5350521 238904 -9759640
1613480 945012 6263043 2757268
2868088 8212606 -2920532 -9868176
-5167028 5514296 4862072 -2303176
-4321350 -5974024 1217088 6533680
-7715490 -7900474 -1719696 -3626051
6692692 3777782 -3811660 6574260
-9460060 -7912871 9453592 -4758612
8594350 2755913 -2786182 -4264600
1083176 8458516 8930878 -1218391
-1001348 1764535 4713936 -8664912
6078540 3712352 -3641976 8674976
-7216187 -3335621 -1011128 789720
4830240 2264880 -3605695 -6807662
-4014309 -2076512 -6867304 -4691580
-7653392 6049880 39208 -7314384
2249702 9367846 9071897 -4098584
-5117496 -8102944 -5969448 8288984
7422464 -7267284 -1750098 1049353
3743946 4814019 -3175729 -4792614
3519183 -8692796 236868 4332490
-1644768 -9593284 4048152 9568680
9289476 -5605600 3556576 9823120
-5896576 -1339442 -5632010 8201732
-5597064 1155392 -9922156 4922004
-1533736 4541100 8116780 939380
7226329 -2106420 -7210888 -438544
7187014 -6499528 -1969440 -7068119
1614076 -3091438 -8339792 3129622
-940716 5496733 7209728 -7241474
1254620 -4954906 -2636564 8747520
-4864096 7557884 4802736 5213561
2853605 -3894960 885693 4121688
-467320 3399348 3660488 -518222
-8992940 -7462660 701864 -5757148
1268468 -4590260 1058111 4563172
1792260 3966172 4950574 -3319176
1779667 7716992 1186030 -4919771
9589516 5243042 6232992 -4127892
3540876 -5156186 -1468208 -3282902
2233104 3091893 -9054640 6974936
5175560 -8504528 9791248 144928
6697964 3647244 -8199588 -4165574
-7111216 -3768916 -6192248 9866028
185205 5148714 -8255806 5993424
3625694 -5585444 2697000 -8352086
-8062062 2859828 -6400276 2279766
-3682524 -1162452 5562484 9301540
9744848 -7980648 5521894 6859584
-970036 2962844 6016618 -2480548
4489444 2309530 6136773 -9631998
-7955144 -357166 -3086448 3714328
-9368744 7553372 7370320 -1706352
847652 -1932305 7455832 -6083488
-1819876 -1530756 -6250784 -7156107
9182800 8302830 3942760 9864620
3486048 7442268 -331176 -7146606
-9650119 5726914 -6232202 -94892
1919694 135080 -903068 4331028
1378449 8572260 2842586 3376684
5119704 9762796 7722236 -251627
-5103644 6405588 5775051 -6595632
-7644852 -4206436 6468474 -4413656
-6151100 6925468 -2992392 -357452
4424868 -539604 -1472603 -8693152
4059052 4647396 6484072 1403582
9313283 -328432 4182912 -7281772
-2757384 -4901807 -318224 9043516
2654836 74677 -4668476 362080
-839812 8479620 2942400 9527003
-2112774 9979336 3096312 -3653320
-7049384 605481 718592 1842516
-8876912 847862 -1433494 -6719380
2986666 3865744 -6533120 7874588
9802922 -8813496 970664 4048656
-1811140 -8469219 -7247092 3231372
2371560 5041384 8156952 2894656
6402204 3782634 -2165140 804698
-2922330 1680208 8941928 -3729114
901400 7940205 -5928080 9813412
-4547981 -7574530 3870636 2325108
777740 2029236 -1033116 9811181
-7378408 6021136 -8323985 1289732
-4910156 -3395260 6301516 -5589896
2244968 1466914 9936326 -7533466
7737996 -7565528 -883432 7884628
-7162564 3545784 -1201380 1095723
-2075448 -6111632 -6866832 1486264
-4159944 -2656567 7447648 9751590
9824827 -2982404 -6563724 -2587232
-9095676 -7083948 5260800 1024541
-3704612 -1358323 7082069 7252796
9356144 -6949958 341184 385776
-2229446 4388670 4236176 4256580
-4053116 3805539 2352497 4193362
2919664 -4439404 -1729300 -3051996
7732744 7334570 8887464 984112
154056 -1456042 6472096 8842743
1421568 -3786088 -1663132 9642976
-7829096 -7668228 112002 -4525706
1972496 -4838047 743374 -31784
7968340 9501172 -5276956 5964036
1971820 5462763 6797500 -6013320
3567058 -5893658 9676020 -1820788
3747308 8874816 -926527 -3190958
6348604 -9063874 4645714 7639964
5862580 9722241 3320332 -4009740
8720181 2619443 9286156 -3345722
5378684 8488708 -1641174 1554948
2930244 -5806859 -6748150 -7521268
4648144 1578956 -9767420 -3507904
-4765223 2094128 2041020 3214584
8243146 4372228 -9842097 -9469836
-1788668 2357036 -2081320 -485988
-95753 -7784652 -6429788 310602
6240468 -3669400 4583272 6328715
-1547684 -6557012 -584509 -7334464
8970760 -4024608 -2036378 -4981898
-2069312 -8390372 -7529188 -5027572
-2465239 6293384 6141660 8792608
-7091198 7000362 7593996 1767430
-4210924 -7863562 6423948 2929036
-1026444 2389816 -4920492 2711880
-66940 8262024 2944276 2278655
3014140 -9732620 2098562 6785424
-9114804 1138160 -8036618 -3829600
-9247668 8384734 -3874009 -7856222
3622189 657523 3900208 7422628
-7362682 -4471759 -7239848 8020877
3468208 -6000417 -8920896 -981868
-739084 -2576470 1875188 4481228
-1693019 -5178633 -8060324 3696065
-517344 642120 6988746 9847616
949786 6819780 -3229440 8184585
4480464 2122722 -2016336 -4545920
7229675 -4884812 -7798049 -8191182
949828 414488 6898200 7929296
9295684 4718064 -9634752 9421290
6150628 -3067342 -6386628 -4886430
183236 -8862640 8831956 7534732
-3570697 -5765068 -8462148 -2489960
2827292 -6597232 1299613 -4040352
-4030966 8855528 2911161 -5769980
-9634729 1586828 -1367031 7628044
-7668875 9706880 -9705532 4383284
-8739290 -5723316 -8453568 -9465936
9752964 5370260 -8604172 -5897900
347752 -7549648 1642688 -3195916
9540396 3927284 -8773510 -4547004
-407352 -5607493 -3060292 -6290250
-3220984 3758180 -4856408 764576
1160776 4096440 -1595598 -939892
-3811551 -2694940 -6890127 4146218
3123920 -3479700 -8174894 -262467
-8304310 -1183440 -2797895 3251178
3982026 -1930305 -920616 3024520
-6485480 422108 -4987636 7248496
9329390 -3496316 -1015716 6999568
628685 -59417 -9919276 2870140
-1171854 8082028 -6680034 -9496084
-6354359 3360112 9889275 -9828604
642617 -4882724 -8268408 2634271
-7407414 -5654208 -5818855 -1624239
-3514188 6764824 -7426888 -3778608
8423148 6228276 9444136 4478970
3204584 -502884 -1108412 -7024472
-8004476 -4470796 2257200 8440896
-2844548 8913568 7523522 8839531
4493941 -9440716 -1645968 -9050132
-8278112 -4480084 1546918 -6475732
-7570060 4498023 -2343886 7818464
4761904 73060 1177676 -4531291
-3099589 9708784 1746232 -7778222
-3664879 -8517060 6753708 8371896
-7882740 153642 -644534 -6103334
-6627992 7469898 -5322926 3924196
-7444156 1838307 -2811435 -6341243
-6522010 3917034 489300 -940304
-8633264 -5011042 8830538 4766244
-6306292 -955668 -6921168 8248275
-8271549 -5799580 -4781210 670316
9894800 -6552436 1562896 -2888520
-3087474 5996108 4143530 7526360
6059914 -9677330 8526916 -5842843
5354130 5110468 8590184 -1716368
3807472 1883492 2199484 -1932274
8431402 -8706980 8713500 243092
-9123156 -7692148 -679447 -4088384
-3570368 -6336294 758656 -4594796
5714098 -9813580 -4340704 2105951
8778028 214310 2867680 -3792844
-1865542 -3007360 4019056 -8909781
-8275902 -4988560 9091891 2551962
4506472 -9866844 6339360 -6970456
-6462568 7606664 6001887 2236260
-2032716 3410684 -1938404 -2210792
-6619114 118339 2754832 5552092
1206552 -4935844 -1148352 -378197
808163 -3663856 4176084 2358964
5914698 6679422 2719516 7069528
-4937120 -9231020 4807788 8220504
4668802 -8835044 -8466870 -3362192
4045028 -3041312 -1447116 -7716292
-473629 203736 -2121586 5158808
881272 5116914 1108728 1541476
-8481768 9115924 6343454 3069696
-3511828 6098816 109299 -9058032
6185024 -2005676 569940 7194916
1612556 6441512 9928364 7295652
9436969 -3416716 -1846388 8614744
-5171928 4231120 -8915304 9770280
4828424 -5675622 -5562172 -7384314
-6358632 -4115798 7556596 1519804
-9866000 2001488 915316 7924444
297924 8408824 -5576016 -441640
486960 -4588776 6917936 6287304
2833584 3050928 2884885 -7419536
-7975216 -5938750 4738376 9447372
4964664 -1488026 6182756 -2724957
7968900 -1433863 -229730 -5523324
3085892 -7442244 8749628 -4235068
-179916 8061850 -9330492 9557048
-755192 1628060 -2182540 3161740
-3907436 710570 651445 2525356
6138552 -9415739 3673096 5389296
-2849828 6685299 9242802 -4856932
5048124 5715316 -9219098 -5660347
-9362650 3693743 3959488 -9330224
-7508492 -846141 5926888 -3997812
-6986428 4998256 -5200188 1759176
-6092798 7710216 8894022 -3203160
1155116 4737487 3437864 -9827107
3751732 -7771455 -7680992 8222738
8093276 583183 -6148229 -2949704
-9437656 799344 4543536 9864146
-3777795 -6178368 4860695 -2770833
-5039160 9213392 8231989 -9590228
1914918 -954364 -8779380 -220811
-116016 7970032 6962926 6328252
1640872 6380732 2266288 -4202901
-7312874 -7758022 5491623 -5447112
5609887 -9845604 4556493 -5827328
-9981210 -9455752 5353324 8008928
3157008 5024126 2344124 -2373796
7466052 -6434624 6591938 5680564
940046 -281440 6804036 601560
5487714 -7578024 -8555755 651332
-3643308 8765980 -9164966 4258114
-7645092 -7867984 -7030052 -1293578
8357552 -2546004 -2277428 2055004
1450758 -7537679 1654580 -5941024
2876640 -7496739 -3078134 -1861908
-4338144 -4391858 -1955784 -9176273
5299132 -7078588 -7372228 -2375090
-7847422 3470594 -2219536 -3082044
-8642733 437620 3414348 3417060
-4961043 8472376 5168980 8799391
3794315 1482058 9184283 2442454
702152 8021668 -5807196 6642380
-6498924 2674016 -3891660 -2929426
3802948 2257908 -9393618 7735217
-3747058 6712976 3031464 -2653003
591546 1156948 -905715 -6607642
-715620 4208348 8554312 -2884924
2774874 -5802680 8997564 2494031
-9112480 5440172 3461628 9174740
3695974 -2131424 -8973207 -7768665
4162540 2625860 172184 2898484
8068045 6004868 1030168 -4450052
-7745456 6821868 4339696 -657456
3349848 9576265 2120412 8491404
7882916 -2699480 -1320144 7877598
-2969302 9452004 9578648 3589200
-3693160 5954236 -1806968 -6651448
-5946238 -631248 -4716654 3578636
3055795 6294162 -4505669 -9336280
-2998608 -1368340 5621956 -5125820
-4861120 5541768 -4617036 7874160
-198800 -592902 -1272360 -8812068
6141153 -6348040 6126187 338896
-8974608 2011190 -7901100 -6670248
8286828 -2683948 -6147296 9929298
-30046 4949300 -9291072 -1703934
-7158100 762747 9097208 4841188
2235820 -1222892 4662504 -3881356
3032276 8685112 923148 4020404
7557284 5079805 7570624 -3203294
1131292 -7573923 5603406 3125024
1106024 1270756 -8708087 7521736
-5664792 -554972 3087464 -8428572
-5457166 -6686800 9119584 -8793964
-9056970 -5854196 104986 477714
-1939476 -1017984 -239672 1363142
-2327858 3011258 3486464 -2541424
8243347 3849025 -8755432 47144
-492068 1496893 -5873160 8727484
-3610612 -9772190 -4312980 9132832
302012 -7917704 -2611605 -5239419
3572376 4762464 -6707276 -8831656
194584 -4427682 -2679753 3479376
7677580 -4084352 -1961264 -2561330
-308580 -8146982 8947219 8562648
3638544 -3613833 -4168264 -1546031
-3552712 4888921 -7130292 6213532
3871662 -3517552 785657 -2493408
5994724 9276418 -375455 5483934
-3808566 1684706 885266 -4649860
4098608 6234698 -2555224 5578174
-6274424 1688752 2417135 -9936948
3444048 8489922 -4085421 -9250800
5331301 2457652 7092340 2715688
-2357796 -2705916 9415156 -2496477
-2110584 8945749 -3201433 -5481460
-6292890 5573896 8817512 -5595228
5039496 1666484 7815036 -1197306
5954516 5025149 3841176 5182104
-9242528 1132392 9519860 -4332100
-2308529 2390424 -2016192 7802244
-7700096 9213641 3598654 5150777
9355032 -3516270 -563636 -8591760
9015548 -8255992 8649036 -1432166
1144481 4697500 -8808756 -7924540
1160678 -8213324 716064 -2519001
-5133368 -2487739 8099507 -3876304
-1223708 8472044 -7453344 4989624
2477672 307692 3964128 -2389529
-5929224 -2529081 -3109068 -2675296
9016940 3239868 -9071584 1045856
4535372 6079458 -9865788 -2647376
-3000920 6848586 8867472 6517076
3350758 -7261184 -6431701 3957348
-8123361 -8485932 1278752 2400260
-9745592 5014440 7977923 -1456848
-4803682 -2963140 2792252 -4696672
-7300272 -9534384 4393068 2773476
4310840 -130012 9147496 8265008
5907206 9286952 4016868 -8422972
8354314 2679656 -4129420 5694212
-2989915 1503070 -5957316 -8323347
1472512 6957812 3333332 5492503
1353313 -9705696 5186680 6199338
-3919500 -6782932 8408128 -9643780
-5875852 1154806 5804284 -9431976
5702718 2834148 3346256 143216
3939331 -6749276 3955444 -2801892
-4940023 -4307524 4355428 1882340
3328322 -2909116 6143024 5030580
-2469660 9743990 -6347644 8300932
9111052 -3667752 -3082572 -6056336
-8974240 7959036 4091124 7961406
-2048068 11961 65372 -7557616
3711784 -7768836 9823152 4005004
-8417396 -6874752 0 5834436
-3381494 2961364 989848 -3447212
9314872 -3685304 6322012 8496823
120028 1067112 -1033754 -1987757
6936660 -7517410 -6120348 -7092340
7858799 8467472 -8589104 4957584
-1186952 -281880 -5187364 2451000
-1877956 -3278432 2899115 -8782855
6342004 -2321290 8334651 -2280508
8919860 3840372 -8310960 7003340
-3528576 -1481986 -9625260 5503285
2966350 2244118 1266094 -2795088
8553728 1528818 2394160 -4298852
-5864098 -4776356 -2699660 -7599676
-444052 3070660 687552 -2151836
-6090522 -4775536 1255610 9981044
-1140368 -6691686 305155 9437424
-5393328 128080 4902984 -6217602
3041758 591636 2579042 -4637816
3189022 3445102 -5596776 -5948624
-9590770 9373712 3315292 -3701620
-702157 8145746 -2391120 4706026
-8103274 -8351356 255110 -4574158
6779976 5807510 -950451 5675876
-2389836 -3881276 -5539038 -7979408
-8275488 -3957500 -6782258 -5658519
7803708 -6704348 -2473887 7638176
-3978936 -7836344 2890880 1962332
3625424 3328504 2138244 -5659980
-4634663 945636 -1735744 971576
9543388 7856846 -4186616 9515548
8281188 -1592596 8016359 196864
-1128448 7955168 -4724164 4215000
-4125632 -1275506 8469952 -7694104
-7446250 3942616 -2259436 4776813
-4238842 4211732 -5968966 -7295473
8340414 4163304 -4783192 7422654
-1504986 4601946 -6838776 2471789
-6071360 8539324 -874666 -1954948
-1294120 -2354704 2309980 6075780
-1707738 2651164 7633326 -4525104
3227936 -5214752 -7404426 8074716
-6342660 1152966 7771560 451320
-1363820 6930136 4791726 2782368
-2123680 6243068 6554628 -825288
7342056 -2706431 5567952 -3573122
-7110184 7738125 -5754767 -8372040
-7644564 1334694 -1514744 5545514
-746240 -8973406 3669084 504580
9782612 -1165396 6702232 4920476
6104984 3289248 2664960 7347220
-6911400 -8505932 4491414 -1757416
-2155058 6880088 -7506320 -4511734
7307433 7007276 6656176 -1803774
3160884 6108540 -2981152 2479948
-328814 -3281462 -2171124 1967354
-4891272 -6333084 -3218793 -9472051
-8650732 9809044 8341076 -9220620
741292 -6277432 -536112 -5451006
-2768510 2034600 4912568 -4434858
2108504 9144340 -1589739 -4998198
4733252 11534 38692 -977272
94114 3194606 8785080 -5296874
2934904 2802194 -6855594 -6975280
1797616 7223520 -7228616 -5831876
-4244724 7287024 -1876692 9867684
-9635552 8999335 7657276 9875098
665792 602370 1383658 4033260
5020342 5974700 -2251951 -5183347
4948824 5245474 2949278 7544212
-9568820 4185150 -8626140 7167555
4580630 4067332 2124162 5649550
2808056 9205488 9184170 -1486682
9105120 -674531 3425433 560216
-51636 6246620 5512396 7663316
5156184 5706932 1574414 3171476
716534 1396648 -6722792 9082495
-7833336 -2093234 1235768 3648492
-6318784 4640742 4208092 -1394140
-3852280 -4974652 -5775854 3654734
3027736 -2478260 1165817 -6980956
3032414 -8398644 -9728320 4352302
-7937531 219119 -5877941 3982976
9358608 4930560 -8147092 5255233
-3412976 2763032 -8464676 9592581
8564714 403654 2979048 8086060
-1772956 -2912019 -57304 9049916
7991544 -8932431 -7274040 9640124
-1871162 6554592 8376912 -3798872
-3315607 8834496 1531612 6683220
-924768 -6862600 3309392 2953610
8966404 -6396096 -3181608 -773758
7291739 2203668 -9964792 9919924
1589996 -1410356 8902320 8942505
4868774 -470116 9787268 7186844
7972282 -7313136 -5801142 3076620
1881048 1556480 7728322 7698758
-3372398 6398800 -8194067 1351648
-1863408 2404052 5538952 382934
3752612 1832476 -1109428 -2263524
-2866382 -1223570 -7999268 -8645488
5769187 8282634 -4346292 4507083
-9795036 7158536 249450 3674824
1979640 6175380 -4316904 -3305600
-751820 -3759008 -1416436 2161344
2043512 -6411576 -6371204 1123570
