960
-7255616 -9836726 -7254116 -9836415
-9581998 -9840540 -9570323 -9825273
-5487142 -9899072 -5474251 -9875901
-826368 -9878136 -811025 -9852833
541580 -9916331 565007 -9888264
3623576 -9939684 3628714 -9935989
499815 -9885506 512853 -9866616
-2195492 -9886904 -2164712 -9879798
-7140624 -9908076 -7136668 -9904382
7061468 -9892536 7083970 -9867859
-2622170 -9958562 -2590122 -9943390
6029374 -9843020 6053895 -9811744
-4135452 -9895756 -4115619 -9895691
-6680044 -9885896 -6677518 -9877916
5285776 -9961774 5295737 -9958292
5242972 -9884085 5254586 -9855994
-8514660 -9903996 -8509196 -9878456
5206500 -9904172 5210279 -9888703
5976492 -9978924 5983116 -9969849
385736 -9957484 414349 -9930325
5872720 -9946313 5887786 -9922347
-1754984 -9837448 -1746955 -9825721
-9302840 -9988515 -9297753 -9963051
-9576580 -9917040 -9574079 -9890695
32740 -9982820 58795 -9977069
-1446724 -9951149 -1428176 -9923250
-234397 -9925544 -224497 -9911127
498680 -9977300 511517 -9952763
3119484 -9874289 3124067 -9859192
9971528 -9846598 9998872 -9815982
8431318 -9527900 8445670 -9523639
7342422 -9666488 7372036 -9644842
-9114426 -9713100 -9110584 -9681410
-3501924 -9716768 -3486764 -9696465
852640 -9583404 853107 -9559056
-4535576 -9548060 -4524016 -9529451
1855699 -9619244 1855922 -9615770
-8306068 -9674570 -8289054 -9643394
7253528 -9672220 7258069 -9665469
491624 -9715980 496067 -9698595
8187842 -9662864 8212233 -9652374
6639204 -9566270 6663092 -9566100
-8898532 -9695854 -8879694 -9680216
-8919616 -9632672 -8909618 -9611713
-9205164 -9569614 -9174954 -9566885
86124 -9545388 101627 -9516302
-126440 -9691350 -102083 -9673453
367912 -9560364 386611 -9559793
2169808 -9691628 2195624 -9662115
7024972 -9569772 7050823 -9545633
-9536600 -9681788 -9512997 -9667582
2113280 -9578194 2123032 -9551406
420699 -9531948 428780 -9521837
-899382 -9706764 -887259 -9683122
-4257000 -9589278 -4249184 -9583006
-1351318 -9617308 -1334680 -9609946
175786 -9706572 203934 -9677911
-126240 -9673481 -107688 -9672087
9930440 -9641500 9952948 -9611911
-9447296 -9672808 -9418492 -9657898
9057744 -9270602 9085338 -9264119
5392119 -9363662 5404690 -9333138
1858744 -9327316 1862367 -9304943
9987256 -9340828 10011692 -9316060
826159 -9434444 828426 -9404684
7429288 -9383374 7445170 -9362031
-1552752 -9256666 -1545840 -9234497
5180952 -9425824 5184173 -9412529
-426832 -9297770 -424545 -9275909
-2173275 -9296972 -2167117 -9280712
-2623952 -9436940 -2612623 -9434931
-5748922 -9319357 -5729804 -9295945
5923328 -9418112 5924302 -9412630
-75816 -9262240 -60474 -9236301
-7062942 -9409809 -7045614 -9408325
7977260 -9420076 7993780 -9419318
4570334 -9331940 4596253 -9327598
-5331279 -9255676 -5299931 -9226377
6972972 -9310060 6987074 -9281617
-5688884 -9289773 -5662025 -9266703
4958652 -9380416 4986568 -9369999
-8048236 -9431130 -8017414 -9424845
-6632620 -9320348 -6620274 -9294126
6410588 -9241216 6415354 -9235948
-6979212 -9338524 -6967185 -9321815
7437868 -9275932 7449785 -9272532
5565100 -9254844 5576594 -9250129
-5062804 -9438521 -5038121 -9411386
4985884 -9426652 4990705 -9409413
7629784 -9389335 7656841 -9386698
-5149560 -8960865 -5117080 -8953252
9929910 -8988199 9948622 -8982559
3205504 -9098784 3227105 -9091726
-6785756 -9059524 -6766658 -9039745
-7716988 -9000791 -7697547 -8986701
7535004 -9064868 7541002 -9042254
-5140136 -8974509 -5139263 -8959506
-9474540 -9051400 -9456605 -9045301
6468510 -9137432 6472063 -9133085
3893588 -9058084 3920777 -9028242
-3189150 -9106696 -3188203 -9101291
2375638 -9028284 2385071 -9016087
7626148 -9122454 7630876 -9097311
-4679000 -8977028 -4665635 -8964129
3900544 -9146742 3903881 -9137592
9778488 -9008406 9779448 -8984246
-2963065 -9045836 -2931451 -9019877
-9117440 -9006732 -9102027 -8982810
-3981208 -9064922 -3970151 -9039540
2731956 -8966986 2753344 -8937885
7762792 -8998820 7778850 -8975986
9495612 -9117985 9503035 -9100219
5548944 -9046880 5564803 -9025378
6893918 -9039664 6916707 -9024509
-5489284 -8986348 -5479567 -8986283
-5950090 -9159040 -5932337 -9143192
5724526 -9070412 5755527 -9038942
-5310172 -9006112 -5298665 -9001861
-1627842 -9099972 -1607627 -9091465
2138436 -8974170 2169168 -8966330
6451844 -8875208 6477549 -8850475
6776770 -8713300 6792159 -8693960
-4452562 -8842220 -4441418 -8840483
-62136 -8876318 -42712 -8859113
-5479500 -8872521 -5456031 -8867989
-8797646 -8794124 -8779394 -8775261
626946 -8829388 627314 -8796729
-6363044 -8820080 -6351880 -8817184
7311328 -8700226 7315083 -8692328
2008768 -8756468 2034184 -8728648
7339760 -8792319 7367014 -8768191
-3117057 -8832306 -3095031 -8809114
-9226376 -8693932 -9226076 -8686580
7112178 -8873173 7143115 -8866475
-6125794 -8815900 -6104190 -8784804
1592688 -8804120 1616736 -8797794
-9456037 -8697122 -9453230 -8687916
-6313190 -8820976 -6295583 -8805663
-2902944 -8800159 -2902688 -8788922
-922403 -8860652 -911628 -8848027
-6316872 -8794708 -6294386 -8773913
-80184 -8736044 -57695 -8719842
5991068 -8700450 5992623 -8678901
-3705100 -8852836 -3675077 -8847698
624169 -8878508 650680 -8860797
-4636182 -8822936 -4630334 -8817243
6607168 -8807372 6626980 -8785620
-2011690 -8724331 -1991651 -8710859
-6127268 -8841422 -6123705 -8832083
3505092 -8755040 3520081 -8741135
6700190 -8506662 6705499 -8501303
1543882 -8452588 1549995 -8449863
-8563549 -8506352 -8534187 -8500265
-4621148 -8470284 -4600735 -8463837
-4380500 -8482360 -4352368 -8449919
7863208 -8403092 7865475 -8398542
9647656 -8400300 9652180 -8380914
3681736 -8469836 3695867 -8454349
7415040 -8582236 7431074 -8581981
180796 -8444136 192058 -8425275
-8331240 -8402667 -8316232 -8373742
5491941 -8544524 5501595 -8535844
-5432260 -8483264 -5415685 -8479575
7189841 -8583510 7214435 -8569684
-8687864 -8420716 -8683424 -8405300
6790508 -8450756 6799737 -8430514
-4589064 -8501368 -4588549 -8493786
-1836838 -8564452 -1814343 -8540280
5181542 -8500392 5185024 -8474262
4784068 -8539774 4787909 -8519896
4575664 -8449531 4601318 -8438964
7243149 -8517868 7249849 -8497752
-7967720 -8582410 -7936185 -8571351
5218523 -8591876 5224501 -8580792
-6529212 -8467668 -6521757 -8455369
4149080 -8597482 4149531 -8591816
9858912 -8517932 9890111 -8498408
780956 -8534204 797820 -8503057
1945624 -8581208 1959583 -8567749
-1043770 -8541164 -1028048 -8522543
7642148 -8216678 7674261 -8213113
7211913 -8279992 7238371 -8259916
-9138876 -8310076 -9135238 -8294325
9537432 -8243112 9557890 -8210843
-7275892 -8238288 -7256005 -8223739
9073587 -8206244 9087045 -8189038
5486130 -8187593 5508134 -8165691
6395818 -8309606 6399925 -8288683
-486568 -8300780 -484937 -8294215
-2428028 -8152291 -2417198 -8122161
-9186040 -8275940 -9181039 -8273044
7220660 -8249979 7231048 -8224524
-8737828 -8189804 -8731866 -8189544
7590828 -8245758 7598339 -8243830
-9904254 -8159493 -9895874 -8130447
-7392060 -8183992 -7385837 -8161768
6963348 -8296329 6980812 -8279022
9384124 -8165500 9398065 -8157725
5385172 -8266014 5396266 -8258166
-7976752 -8267756 -7963950 -8246373
-1306876 -8313028 -1297419 -8298162
-3570576 -8130184 -3541281 -8104617
9716388 -8159500 9729988 -8147839
-3307964 -8181453 -3300678 -8180113
4049046 -8209900 4058578 -8193244
-3794576 -8154762 -3785857 -8153305
-5332364 -8202134 -5327277 -8186568
-9126988 -8290332 -9105881 -8283270
354500 -8287788 355750 -8273135
4947712 -8198998 4974875 -8185305
-4781554 -7866544 -4752532 -7838110
8498626 -7968524 8507523 -7949519
-5504098 -7887543 -5481654 -7885685
1627995 -7884732 1645239 -7874258
2219692 -8018492 2238992 -7991098
-1439348 -8033496 -1427021 -8014846
4402646 -8018880 4404021 -8013817
-2591581 -7974500 -2560195 -7967939
9448220 -7869452 9477844 -7846086
5477728 -7965740 5506766 -7944471
-6902360 -7955288 -6883474 -7935973
-7329394 -8007956 -7316949 -7990218
5865086 -7877920 5869217 -7849627
-9419916 -8002232 -9407278 -7991843
3865516 -7980312 3878996 -7972393
8245736 -7913616 8268820 -7885572
1408094 -7900756 1414859 -7878381
5801212 -7951724 5804987 -7948393
-900700 -7873316 -890000 -7872578
8529582 -7987110 8545983 -7964567
950096 -7973052 974766 -7953446
8487068 -7912526 8518901 -7894088
1436932 -7906540 1461759 -7877879
-7629176 -7923042 -7596646 -7902950
-6555121 -7854047 -6554164 -7851816
-2135920 -7911238 -2119292 -7901695
-8820900 -7910316 -8794791 -7885020
5882456 -8000333 5884496 -7992530
-1260530 -7948644 -1229214 -7929583
-9989068 -7894636 -9958517 -7864831
-8977260 -7617424 -8970962 -7593846
4591648 -7632376 4599722 -7625797
-14700 -7617108 -11139 -7595487
6287428 -7567660 6291087 -7565323
-3064302 -7607724 -3052884 -7583024
-2341648 -7575675 -2317438 -7570094
-7649400 -7672428 -7625779 -7644426
7640652 -7593319 7659236 -7578204
5627600 -7742913 5638292 -7712036
3614576 -7736524 3627334 -7708764
8046472 -7582882 8068792 -7558336
8002184 -7597738 8017806 -7571672
-2970807 -7589240 -2943190 -7576658
6516864 -7681684 6539936 -7650127
-9290748 -7619721 -9273226 -7588332
780408 -7668268 802516 -7641357
9619361 -7626433 9628250 -7619587
2625576 -7678144 2653278 -7668940
-3019236 -7725624 -3003410 -7721467
-431470 -7727956 -410122 -7717563
5612264 -7669309 5633276 -7650351
-6538644 -7564915 -6517940 -7545423
9302956 -7596996 9315525 -7566429
2191740 -7647190 2209888 -7644141
3639952 -7726200 3660874 -7703739
-6288252 -7759488 -6270612 -7735555
-8524316 -7747830 -8499725 -7745073
-4069416 -7729665 -4063363 -7697227
-7528074 -7616124 -7508247 -7591432
5471484 -7643016 5494289 -7625183
5015244 -7441580 5039944 -7431085
8978044 -7417784 8978155 -7388943
8334388 -7469775 8352058 -7468532
3289980 -7389540 3319210 -7359255
-7071379 -7444251 -7064171 -7430750
-2993356 -7395268 -2989250 -7373402
-7973208 -7374606 -7970076 -7347573
-1317880 -7433623 -1299196 -7407747
1351674 -7384620 1372373 -7379334
-2394376 -7329667 -2383819 -7320291
-8872104 -7431692 -8852939 -7417525
1865614 -7347708 1892821 -7344729
4125508 -7311498 4129696 -7298344
-2800345 -7328198 -2799624 -7305171
6376229 -7437460 6408150 -7430616
610316 -7459468 624354 -7432935
9608200 -7401980 9624700 -7369314
1059512 -7412392 1069639 -7382427
6496084 -7477870 6525139 -7460349
-1652424 -7447148 -1626965 -7415724
-2108566 -7357612 -2101675 -7329974
10272 -7472948 40540 -7441825
-9108988 -7417772 -9089259 -7390863
-7263712 -7343964 -7232764 -7324864
-1213652 -7293190 -1201995 -7264745
9882024 -7320216 9890635 -7291752
5258501 -7425324 5260338 -7408579
9290636 -7331518 9312126 -7306716
-3870344 -7334332 -3847283 -7333380
3542560 -7459727 3554987 -7434757
7183668 -7170700 7211216 -7168143
179592 -7190764 189165 -7171506
-2055948 -7005444 -2033843 -6995094
-2075992 -7199824 -2043805 -7175175
-6723824 -7086120 -6717131 -7085224
4129581 -7029548 4158770 -7022561
-1607678 -7137374 -1596387 -7112822
-4750228 -7124064 -4735896 -7091530
4873052 -7123214 4874734 -7093875
9071788 -7090284 9076550 -7063982
6124756 -7020848 6139384 -7008355
-4987454 -7062164 -4962344 -7040251
7134534 -7100696 7165424 -7092515
-3832868 -7096804 -3819577 -7078570
-8195980 -7133992 -8183888 -7124322
2441852 -7095264 2463053 -7062631
-830610 -7179758 -827486 -7157175
-1355552 -7125862 -1333343 -7102718
-6879084 -7000630 -6873922 -6980795
9497360 -7106892 9510917 -7099630
-3925312 -7189368 -3912775 -7161712
1295748 -7178470 1316200 -7161590
4232459 -7145166 4249283 -7130171
4607416 -7145396 4609281 -7124930
4474096 -7124132 4485041 -7111827
332806 -7129196 351266 -7120115
-8592019 -7006764 -8565991 -7005813
-9373634 -7119308 -9366316 -7102450
1845484 -7151220 1849919 -7119227
-1091716 -7193593 -1076307 -7183182
5189634 -6794332 5190097 -6777038
-4967032 -6875764 -4959956 -6868147
-5555932 -6870492 -5535331 -6858355
666880 -6867196 698858 -6834636
-369132 -6864680 -341507 -6858343
-9010964 -6779164 -8978393 -6774223
-7882233 -6774730 -7872000 -6764481
-766800 -6767942 -754752 -6745241
-4351844 -6806547 -4331938 -6796828
3040794 -6904968 3046461 -6882914
-8594284 -6798314 -8583120 -6778986
6614052 -6801196 6633359 -6773855
-8371 -6788156 1134 -6783587
4899864 -6842996 4900667 -6835327
1710992 -6758106 1728186 -6757475
4991944 -6902148 4999819 -6873679
7895093 -6854252 7912453 -6852446
-3718780 -6881310 -3703159 -6871484
7045071 -6897802 7055930 -6883061
9917008 -6909908 9935920 -6900804
-4911508 -6815598 -4891135 -6802223
7677568 -6778348 7681295 -6766296
-4850064 -6832396 -4821097 -6807433
4464389 -6813742 4481167 -6794922
9383712 -6805616 9400665 -6786140
-5216882 -6822748 -5211112 -6791080
5908360 -6730794 5939885 -6702402
9714491 -6887540 9734595 -6877627
4967540 -6745788 4994552 -6744456
-3447584 -6916448 -3429219 -6894967
-6269449 -6551266 -6269403 -6528117
-4441680 -6617669 -4438189 -6616428
-833596 -6607875 -807167 -6601147
9191512 -6551590 9218378 -6550730
7578800 -6557498 7581882 -6549120
2779116 -6476661 2807695 -6463980
-1668114 -6629597 -1655524 -6610662
-9889684 -6477642 -9884325 -6454677
-92834 -6526633 -60449 -6509619
89796 -6484970 104468 -6452599
5401996 -6547948 5406377 -6525698
-9738728 -6497161 -9723755 -6486254
9678008 -6455503 9680914 -6438022
-6118388 -6478699 -6117507 -6461996
-4104480 -6518252 -4095053 -6516259
4482268 -6580844 4489536 -6560950
-8238762 -6527888 -8223819 -6515891
8855284 -6499260 8870340 -6477863
8464510 -6625271 8488598 -6615228
7673256 -6512084 7694100 -6504229
8080584 -6550460 8107038 -6546661
3665308 -6605188 3673551 -6600297
-1690360 -6581272 -1689669 -6580272
7287812 -6597956 7305313 -6565910
-9373650 -6544364 -9356746 -6514442
-6711012 -6562636 -6692481 -6537680
5855842 -6491658 5867216 -6462865
7423025 -6624756 7436335 -6605082
7854207 -6561640 7874236 -6531524
524086 -6508748 531294 -6499438
8958493 -6279760 8977196 -6262458
-2778952 -6325293 -2765872 -6295249
6103260 -6220696 6128793 -6210003
2032068 -6320849 2054669 -6303079
-459052 -6180432 -452301 -6157930
217448 -6241936 227803 -6216757
4179380 -6251340 4191235 -6239582
7755652 -6206607 7759124 -6193736
3968468 -6265840 3982330 -6262750
1976928 -6193344 1997111 -6192448
-3827272 -6272566 -3815563 -6263663
7926108 -6211420 7934495 -6187711
-9810118 -6254490 -9808538 -6237401
8458712 -6325992 8472292 -6306421
6077744 -6332844 6091517 -6321333
1457716 -6180482 1476831 -6165612
6831212 -6326520 6849700 -6301276
-4707252 -6257448 -4691419 -6243917
831932 -6292352 860164 -6262361
6847014 -6262572 6853174 -6245076
3030002 -6316068 3033606 -6293977
-1819812 -6343444 -1811612 -6329011
-4838336 -6332392 -4817099 -6322154
8284312 -6308852 8311378 -6277865
3191948 -6191302 3207698 -6188113
1904372 -6271640 1930579 -6249452
-4052300 -6189730 -4039086 -6159485
-3753660 -6174540 -3723852 -6151540
-1455704 -6165724 -1451521 -6135066
3174052 -6298939 3202635 -6293974
-2368892 -5980852 -2355571 -5975665
-3953072 -5915756 -3936436 -5888005
8751652 -6004586 8756851 -6000782
4022772 -6051936 4051099 -6021677
837320 -5980764 856775 -5965659
2251992 -6042517 2263292 -6027574
7612412 -5885796 7623473 -5866236
-2656606 -5951164 -2629429 -5948413
-7735069 -6077596 -7716821 -6067605
-2398948 -5883700 -2372659 -5862860
-7465002 -5917804 -7462231 -5905755
7085140 -6058064 7100743 -6033312
175895 -6000902 193731 -5994506
-9018100 -5987032 -8988042 -5969836
-7940516 -5880300 -7924917 -5865584
-582767 -5941396 -577184 -5938405
4129408 -6039276 4144499 -6017380
3536781 -6067268 3549350 -6057716
-2639924 -5989735 -2631906 -5960467
-7367288 -6012060 -7336693 -6003000
-4240004 -5979980 -4211616 -5970424
-516240 -6011732 -498188 -6007253
1245112 -5922000 1270652 -5896337
6699137 -5905476 6713688 -5888206
6775796 -6053568 6807869 -6031800
8096272 -5929948 8110212 -5920381
8150544 -5964652 8154652 -5956999
7902633 -5986255 7903806 -5983297
328220 -5987892 350212 -5974248
9625412 -5884916 9647349 -5884252
-9135772 -5724528 -9103528 -5711744
326928 -5714716 349843 -5706697
5919098 -5746476 5934595 -5739622
-9738246 -5696473 -9718531 -5676294
-7504626 -5762876 -7481264 -5748791
839370 -5759676 842037 -5749838
-8217061 -5643796 -8198383 -5619699
-7680564 -5774975 -7674114 -5761735
9123192 -5780765 9133879 -5762383
2980404 -5709560 2996295 -5689970
-5223056 -5612780 -5196698 -5589225
551106 -5646764 553927 -5622462
-5161952 -5717972 -5145773 -5717217
1903112 -5655444 1931595 -5638736
-9965504 -5681932 -9943408 -5651959
2327408 -5614096 2345654 -5613554
3938108 -5615090 3955874 -5612246
-219595 -5615948 -191750 -5601532
-8115380 -5783660 -8104423 -5780078
8803538 -5692876 8821645 -5671645
-667857 -5680944 -652978 -5679168
-1051992 -5787268 -1029112 -5760307
7662150 -5602657 7681659 -5598715
-4376321 -5778536 -4354260 -5775710
-6242428 -5675643 -6213972 -5667172
1550760 -5797532 1561987 -5793453
4179177 -5600156 4209465 -5574053
1114769 -5636710 1120500 -5610064
-3686600 -5628992 -3683969 -5626886
-3398365 -5672071 -3386334 -5644468
4780114 -5370878 4794679 -5370279
2448236 -5505082 2480019 -5493886
-8674744 -5472612 -8673395 -5444195
7035528 -5512652 7035932 -5496103
1652100 -5492816 1682754 -5469986
-8286580 -5397796 -8266037 -5390720
-6068828 -5380208 -6057075 -5377117
-5945432 -5444012 -5939702 -5421984
2907130 -5474492 2934427 -5449111
-8903260 -5361123 -8891112 -5360750
2352480 -5394812 2362205 -5388131
-1696426 -5516572 -1683066 -5485931
-6031079 -5413860 -6023568 -5406465
-733340 -5391842 -730638 -5380875
3367356 -5447881 3392771 -5425423
9694612 -5400908 9724763 -5370896
7933520 -5332652 7962104 -5330843
-9360139 -5395510 -9350326 -5368514
-3869400 -5411548 -3857223 -5409597
1758708 -5454936 1777636 -5446148
-9315648 -5472802 -9310181 -5462987
-5365384 -5469025 -5358327 -5464176
-8298272 -5330360 -8287871 -5301577
-6532666 -5424990 -6503113 -5402813
4122096 -5431872 4127786 -5431012
5112383 -5339276 5134664 -5339027
742501 -5452588 758948 -5428825
-2100348 -5468836 -2098026 -5440727
5776920 -5452582 5796899 -5441629
2152412 -5346306 2158946 -5341904
6110912 -5145068 6126325 -5138041
6712109 -5147956 6742218 -5129655
613500 -5210916 641299 -5199327
9761074 -5106644 9791746 -5097104
3906620 -5081398 3920518 -5048896
2136972 -5215992 2167652 -5197725
2498784 -5163964 2528902 -5155907
9317816 -5235452 9341031 -5226532
4373859 -5130359 4381096 -5106290
7680957 -5232724 7689802 -5210949
-5395107 -5042380 -5378467 -5035711
466184 -5049937 498675 -5020347
-3464436 -5043584 -3452165 -5038649
9000024 -5236468 9023706 -5212851
8081640 -5092228 8112980 -5077468
-5463500 -5114304 -5433473 -5112987
8840618 -5222404 8842426 -5190303
-6053200 -5231124 -6028496 -5211516
-4498016 -5162734 -4489389 -5154812
235220 -5078508 244076 -5059774
-4757748 -5145970 -4754820 -5113452
-5423996 -5195260 -5408302 -5188672
-2320072 -5176674 -2317355 -5148365
7877656 -5180900 7893938 -5167244
6094324 -5080966 6125770 -5048499
-7547616 -5106328 -7525674 -5091138
611718 -5164728 635512 -5143938
4105964 -5122436 4128773 -5105208
-8709108 -5114510 -8682729 -5088027
-2524931 -5089133 -2500229 -5077599
1511266 -4805898 1516508 -4776330
9718116 -4920266 9738561 -4891417
-563492 -4820908 -549708 -4810781
1874063 -4811126 1900798 -4782827
-4591872 -4899756 -4591619 -4898196
-9676106 -4791528 -9653405 -4775352
-8193712 -4878444 -8185261 -4865693
-5182404 -4879340 -5162867 -4878454
1201632 -4772823 1219618 -4757038
-459400 -4835282 -427573 -4821857
9540912 -4931016 9554820 -4899054
-6837788 -4881589 -6821680 -4852031
-1521624 -4774748 -1498054 -4753539
-5650464 -4823859 -5644427 -4800792
6337417 -4780708 6359838 -4779851
9053516 -4895816 9071699 -4876820
6476132 -4796499 6479769 -4795907
-8480170 -4931948 -8456814 -4916118
2818788 -4827300 2833776 -4809905
7723460 -4883692 7739696 -4877717
2854554 -4949204 2886413 -4945949
5018460 -4899964 5037932 -4870960
6525872 -4789084 6552754 -4772363
7159574 -4788689 7181815 -4760393
-422864 -4842481 -416060 -4828475
-4006386 -4945580 -3989274 -4942986
3301892 -4889204 3318468 -4888665
-5191509 -4776148 -5187366 -4749669
5138596 -4908204 5150979 -4889528
8737870 -4957400 8765612 -4948693
-265804 -4630198 -236225 -4625854
1024512 -4638660 1041438 -4631057
553042 -4621932 575983 -4617810
5760234 -4578868 5779026 -4556703
-8347960 -4524215 -8346122 -4492327
-1366368 -4628756 -1360363 -4616215
-7188921 -4565879 -7187363 -4542120
-4698104 -4620348 -4686137 -4601532
-9326960 -4661222 -9305089 -4638810
-6820087 -4571113 -6816249 -4553461
741148 -4506020 772270 -4505064
2894212 -4481191 2911919 -4472890
-5165602 -4507980 -5162506 -4493496
-9053813 -4613643 -9022198 -4613322
2237648 -4530990 2257065 -4507045
-7950292 -4538314 -7947873 -4537030
1346458 -4632774 1357961 -4617847
-44842 -4607872 -43881 -4603381
3166844 -4592712 3193646 -4574571
-2055585 -4504496 -2036032 -4495044
5488412 -4668172 5491929 -4636582
6248396 -4585998 6257240 -4576403
6806752 -4560414 6810823 -4552126
-7581704 -4664896 -7568717 -4652146
7060296 -4538060 7082897 -4530252
-3841524 -4551854 -3831629 -4522997
-7850904 -4675180 -7829082 -4655025
-3728429 -4578164 -3714787 -4553251
5051868 -4644552 5054521 -4625538
-7303436 -4651132 -7290416 -4640144
-8072216 -4317644 -8063896 -4302646
-2445328 -4291664 -2436922 -4263730
-5004596 -4333772 -4974453 -4323180
9027652 -4352973 9043509 -4348945
2361252 -4256064 2372889 -4235432
2283680 -4272268 2289351 -4267440
1681114 -4224602 1697554 -4197349
-7203834 -4236836 -7199051 -4212561
2515802 -4245146 2518846 -4244784
5162044 -4329298 5164608 -4324126
-5030164 -4391404 -5004676 -4374975
1307970 -4318480 1328416 -4294970
-4122522 -4305501 -4114436 -4288681
-480705 -4323860 -462987 -4309830
-4795378 -4225986 -4783715 -4201104
-4412844 -4332614 -4386150 -4312534
4530453 -4372332 4538729 -4369743
5741284 -4243660 5767018 -4226171
9218398 -4226400 9234779 -4224311
5916214 -4370340 5925092 -4369757
-6844384 -4296780 -6837756 -4274431
-6662506 -4260204 -6639793 -4257542
-8581936 -4301008 -8577679 -4271379
-9927428 -4207020 -9920804 -4188841
-8683936 -4398148 -8656274 -4387415
-7822604 -4387778 -7796338 -4364558
2176656 -4237420 2203604 -4211160
-7206924 -4212748 -7191402 -4183999
-2207594 -4216054 -2188494 -4214353
-2662068 -4353062 -2652100 -4350274
-3582610 -4055372 -3556068 -4045302
-7388639 -4007880 -7368738 -3985915
-473582 -4076812 -457882 -4046576
-8399932 -3953220 -8398266 -3923367
-1182468 -3975556 -1150301 -3975384
2042244 -3957921 2067837 -3936631
5061784 -4096348 5069976 -4095073
471152 -4016828 489097 -3986740
-4886946 -4047576 -4858027 -4030874
4543380 -3960816 4570545 -3942372
6668712 -4015615 6677518 -3998230
-561676 -4067836 -530319 -4039344
8535612 -3977276 8559009 -3961993
9141156 -4104145 9149079 -4097972
2282792 -4001948 2301303 -3983629
8579164 -4049484 8582354 -4031162
-2903172 -4062698 -2892233 -4044599
-7305838 -4061412 -7300397 -4050402
770460 -4013304 797470 -4002916
9943856 -4000272 9958396 -3973646
-7995308 -3940327 -7986925 -3924735
6877276 -3951708 6890540 -3923958
3630645 -4041593 3643390 -4040663
620328 -4103808 624494 -4087869
5751014 -3931627 5772320 -3899636
-7908204 -4031664 -7894532 -4012225
7497801 -3985900 7506227 -3954830
5809298 -3990632 5839936 -3975274
-5085800 -4060382 -5074549 -4033363
-5979088 -4036140 -5968640 -4020455
-8343896 -3743602 -8341162 -3731712
4962874 -3752998 4973060 -3730764
-3693732 -3824236 -3666928 -3797282
-7255972 -3780940 -7227090 -3766587
5281040 -3700356 5286893 -3681022
5752984 -3779900 5764603 -3777724
-9963280 -3651837 -9956301 -3625505
6548976 -3659084 6566436 -3644753
2976108 -3655852 2992811 -3623787
-2648668 -3830428 -2621724 -3810309
990816 -3805548 1001417 -3784834
1429518 -3692044 1441229 -3676514
-8883755 -3647818 -8860816 -3618046
6931590 -3751708 6935729 -3740756
1400044 -3755900 1419738 -3749216
8762123 -3726288 8765254 -3707401
-9941240 -3801700 -9940285 -3775766
870392 -3755304 881378 -3746413
-1845690 -3826772 -1840672 -3812155
7148716 -3711372 7153436 -3685011
-6729693 -3826564 -6715512 -3824276
-6178728 -3710764 -6173026 -3694357
-5278150 -3738284 -5253777 -3727906
5778184 -3771884 5796398 -3763715
7172628 -3799284 7189110 -3792154
-7288730 -3766656 -7287955 -3762427
2287454 -3713228 2313444 -3686838
-1396388 -3802571 -1395072 -3801484
-4597068 -3711223 -4581074 -3686980
6744164 -3762724 6774361 -3753080
4623765 -3428420 4636139 -3397854
-1934125 -3360204 -1902586 -3350058
-8276023 -3431550 -8266435 -3425882
-2984428 -3494890 -2966037 -3489461
-6448125 -3542408 -6440592 -3517799
9639258 -3482668 9650549 -3474034
-6011134 -3495433 -5995492 -3492661
-2933550 -3420416 -2923959 -3389497
328190 -3403940 352401 -3392692
-9959968 -3494382 -9931644 -3490750
-413478 -3507812 -404980 -3505400
-3530120 -3514976 -3526125 -3486805
-2993146 -3464605 -2962026 -3437602
-6621205 -3487512 -6593152 -3484268
5082604 -3421068 5099377 -3395833
-7744028 -3439770 -7720720 -3433970
-3731928 -3452005 -3713453 -3440892
-7735594 -3427500 -7725426 -3410903
-730616 -3371052 -705565 -3343674
4232328 -3552538 4244762 -3546323
5806360 -3380742 5837125 -3378595
-169472 -3366412 -140845 -3345336
-1020548 -3367079 -1013896 -3335543
-273698 -3519320 -270382 -3512008
-9664286 -3477060 -9661375 -3470132
5993040 -3513272 6020863 -3485416
4110876 -3506704 4132811 -3478042
-2063766 -3411676 -2047130 -3390898
1176173 -3383261 1198579 -3382724
-9403188 -3491076 -9396768 -3474706
-4542524 -3206026 -4520831 -3195294
8795436 -3256090 8824476 -3229532
-9868460 -3144354 -9866815 -3119741
2455472 -3256800 2472826 -3224190
-4366124 -3098579 -4355133 -3095066
2084948 -3258476 2090861 -3252857
8841056 -3103326 8846651 -3079809
2023664 -3246652 2027656 -3221365
9523376 -3278764 9539771 -3277734
-9873976 -3231136 -9841529 -3225646
6391457 -3222408 6413880 -3214240
7722296 -3203036 7751807 -3193362
-5965064 -3240053 -5944623 -3208955
-3952930 -3159430 -3934200 -3150243
-5560090 -3088634 -5531056 -3065354
-8517127 -3151144 -8502376 -3149078
5736712 -3243265 5763883 -3219011
4337379 -3106780 4364804 -3106032
-8577800 -3244526 -8553964 -3228244
-1439420 -3263944 -1439060 -3244160
-6793840 -3112204 -6764481 -3101843
4401598 -3098044 4413228 -3067268
2436429 -3256556 2463170 -3255388
1124948 -3150978 1140670 -3135343
107040 -3224324 115558 -3204016
-9872036 -3163980 -9860557 -3144159
1827120 -3275475 1840749 -3249753
-660651 -3127691 -647230 -3118703
-3919232 -3161504 -3918800 -3141033
8991324 -3085650 9014401 -3065118
-7422931 -2894892 -7408280 -2887213
-744512 -2860420 -744200 -2840186
-7257995 -2955985 -7228374 -2944968
-2927648 -2886052 -2896384 -2865008
-4549108 -2918844 -4533180 -2889204
-2301904 -2844316 -2297148 -2839062
-2847304 -2804396 -2836267 -2778489
8872840 -2889676 8882455 -2879158
500740 -2954168 525824 -2942779
-8106220 -2998384 -8095139 -2979128
1587376 -2867310 1599583 -2865490
8808763 -2969004 8827510 -2957099
-3185724 -2866936 -3180013 -2862131
9738714 -2977772 9763833 -2957605
-2834618 -2844160 -2810758 -2836628
-3434084 -2957640 -3424375 -2941226
-2776600 -2924924 -2768159 -2894900
5535739 -2812364 5544409 -2779888
9358116 -2832362 9383577 -2817821
-1285282 -2922072 -1264695 -2905795
-1538862 -2992699 -1531757 -2982796
554000 -2925396 564573 -2909238
-2317908 -2928939 -2299933 -2900806
9530088 -2921564 9542757 -2916815
5115884 -2978524 5145692 -2946362
9272955 -2844686 9275824 -2814168
2356286 -2970284 2380163 -2948432
-532780 -2915632 -531263 -2906754
4440086 -2873628 4467940 -2851924
-573340 -2983086 -561470 -2978275
5052032 -2684838 5073638 -2681803
6384808 -2677868 6409002 -2653899
4399716 -2535868 4406535 -2533106
4644864 -2628732 4664720 -2628342
-9558874 -2645184 -9547769 -2632374
-2585708 -2554068 -2577513 -2540486
3861701 -2691854 3888252 -2691263
78632 -2587762 109243 -2573667
7895144 -2664492 7908967 -2636700
4309856 -2715911 4310681 -2708075
-6592296 -2558888 -6587734 -2550184
-7603004 -2699588 -7599118 -2688567
8989362 -2635106 8996538 -2609484
8327151 -2555436 8332507 -2550328
2679452 -2622508 2690391 -2600871
3536764 -2641228 3556007 -2618404
9771992 -2670334 9794844 -2652603
3257324 -2581292 3271119 -2576494
9921694 -2566268 9927897 -2564087
9172233 -2591386 9186137 -2574737
-5155568 -2686956 -5139830 -2670380
-7994520 -2655508 -7987632 -2648179
-7361293 -2536380 -7356147 -2523923
-3492123 -2634650 -3479989 -2608450
6189152 -2587000 6216916 -2584132
-8268124 -2602448 -8248475 -2588299
-6197484 -2673976 -6186188 -2656672
317148 -2573088 344080 -2552420
2139518 -2530218 2163574 -2506338
-7408660 -2592108 -7398365 -2564377
3841092 -2423910 3858008 -2408556
6086860 -2367055 6114128 -2364017
-3576316 -2277572 -3552301 -2247968
-2471612 -2360844 -2447530 -2342041
-3305140 -2385180 -3302132 -2378915
-5913644 -2380860 -5910032 -2370774
-4622900 -2379996 -4619891 -2376173
-1557114 -2331484 -1527648 -2306832
-8188770 -2277364 -8183928 -2253881
9508220 -2277575 9508929 -2263500
760580 -2291276 784025 -2261627
7489465 -2254972 7505872 -2236917
-4286392 -2284549 -4272733 -2281373
8868160 -2259888 8887431 -2238827
1045220 -2339596 1050617 -2312216
-6206420 -2261548 -6177284 -2255969
180540 -2407708 189975 -2394099
-4743016 -2321284 -4727038 -2315926
4065840 -2375573 4087351 -2358936
1992273 -2377466 1994591 -2349881
-310884 -2425956 -284466 -2400190
4632146 -2377920 4633928 -2370085
8955756 -2374776 8957856 -2356705
-9744608 -2378242 -9721415 -2351089
7569122 -2246254 7591177 -2234600
-8434638 -2399578 -8425500 -2394724
1898934 -2326124 1928986 -2305540
-9597845 -2277492 -9593948 -2263570
-8589924 -2284570 -8581857 -2274729
-4885336 -2400188 -4858865 -2393621
-9104711 -2062636 -9091561 -2048532
8704632 -2130848 8713774 -2099524
5649124 -2051390 5666802 -2024237
-4811612 -2019520 -4780671 -1995370
-4713944 -2057347 -4702188 -2034995
674478 -2134682 701317 -2109170
-2522645 -2115760 -2515333 -2109861
4154964 -1981676 4176176 -1977410
273986 -1999823 283414 -1995287
-5396032 -1993214 -5395163 -1984016
-9910728 -1996641 -9890295 -1976151
8680128 -2037068 8697580 -2011393
6669094 -2151218 6680325 -2132027
-3776328 -2130956 -3748639 -2102071
188290 -1980477 211994 -1965193
-795148 -2095464 -766584 -2091142
-7931042 -2079016 -7920077 -2051442
6422922 -2152796 6451570 -2151766
-731619 -2107868 -726324 -2106667
1141798 -2135932 1161220 -2114917
5777276 -2023156 5801210 -1998424
1107809 -2128513 1119950 -2121560
5032864 -2125423 5040508 -2102469
-5231272 -2068092 -5222104 -2041579
-1050788 -1969196 -1029378 -1962458
8912636 -2137540 8920699 -2106847
4638416 -1990672 4667576 -1962697
1600180 -2133752 1605863 -2128383
-3243688 -1971692 -3214752 -1968237
-9452474 -2113996 -9450197 -2089450
-344448 -1823072 -320229 -1792817
5538124 -1763756 5543706 -1755062
-395712 -1879396 -367687 -1866392
3016480 -1827148 3018632 -1819779
-1056560 -1681700 -1055092 -1669657
-5943944 -1735324 -5916957 -1712235
3171890 -1812996 3193583 -1811236
-4166134 -1704531 -4162342 -1672721
-5813698 -1817429 -5789869 -1795283
-4256776 -1811426 -4245560 -1808017
898680 -1802664 900372 -1800003
-5104749 -1697612 -5079944 -1677144
4651616 -1739556 4663500 -1727463
9887139 -1708010 9906537 -1704171
4431336 -1855642 4445382 -1838746
5888292 -1710120 5894290 -1682080
7543174 -1865716 7549200 -1832977
-4192658 -1819084 -4189565 -1805033
4191944 -1703620 4219922 -1689705
-1255596 -1710924 -1247607 -1698983
-4789576 -1760876 -4786961 -1755983
-9763948 -1813156 -9763047 -1788416
5166064 -1774408 5167513 -1744682
3185528 -1857020 3200120 -1828104
-6829506 -1848252 -6809992 -1834025
4824676 -1751356 4832066 -1723729
-6508819 -1712846 -6496592 -1709789
-1554026 -1688652 -1522898 -1682991
6731174 -1846604 6761731 -1830240
-4609542 -1715592 -4603679 -1700137
-4885036 -1512295 -4856524 -1507565
-8937436 -1451524 -8918551 -1450557
-4999678 -1476960 -4968600 -1476239
2362484 -1429296 2363613 -1414535
2858532 -1459100 2865772 -1450808
5327760 -1593544 5353950 -1584430
-5187053 -1455804 -5181903 -1432531
98608 -1500244 118109 -1479908
3088456 -1476312 3113610 -1455235
4443688 -1434144 4468261 -1408736
8757998 -1426252 8781883 -1416303
-752792 -1460772 -742304 -1432775
-9400768 -1577432 -9384104 -1558755
4420910 -1530425 4427974 -1517019
-9221340 -1515907 -9205281 -1497135
5978952 -1547548 5989597 -1545732
5220072 -1593995 5223288 -1583517
655804 -1554369 676772 -1551138
-4302700 -1524508 -4272445 -1514021
-7203366 -1495376 -7190876 -1490184
-8246460 -1430426 -8218697 -1423541
-5561076 -1434412 -5557055 -1408388
-1695396 -1421324 -1689905 -1408926
4900036 -1509804 4930085 -1505559
9784515 -1448274 9808203 -1428941
8944236 -1531180 8958003 -1515528
-8471706 -1496102 -8471117 -1476038
8229092 -1440812 8229636 -1409155
-9894000 -1580876 -9882583 -1553369
8384451 -1535724 8415400 -1530419
-2325914 -1258796 -2295572 -1228727
6211012 -1179784 6224788 -1156959
-7911352 -1200516 -7911244 -1188394
4450404 -1123436 4475453 -1094237
-4386154 -1255089 -4353412 -1247835
-2648962 -1271820 -2631753 -1259340
-3869920 -1302185 -3849493 -1281737
-9145664 -1126044 -9125847 -1101773
7238817 -1278125 7238869 -1262338
-8370342 -1222708 -8357764 -1219104
3470470 -1290364 3496706 -1287887
4729697 -1226676 4757439 -1199891
6717318 -1269516 6728896 -1246961
2439780 -1273586 2462904 -1273381
-4693004 -1239460 -4667333 -1231930
-716 -1218508 16563 -1210016
2327620 -1298240 2331906 -1270001
1879360 -1234620 1907416 -1227304
2009088 -1159820 2024694 -1139405
-8758768 -1120620 -8747610 -1112915
-5033148 -1154471 -5030963 -1152696
6998088 -1189686 7026172 -1158693
-7082166 -1176820 -7067751 -1149857
881012 -1233228 901853 -1202237
5053896 -1171132 5071915 -1159706
-8724644 -1193324 -8711988 -1180545
5235000 -1220998 5264212 -1206967
-2540252 -1307964 -2526490 -1287557
-7545016 -1187502 -7524517 -1159326
4642300 -1300140 4667794 -1273826
