61 583
37 26
8 57
19 52
59 54
58 34
51 17
50 36
39 57
19 46
8 58
59 1
28 36
30 14
39 56
47 36
24 41
57 25
51 59
33 35
11 33
16 9
29 28
59 14
54 55
28 22
43 33
5 19
61 22
42 38
33 57
35 60
7 53
25 31
16 33
11 24
55 14
28 1
34 26
47 51
25 58
11 38
9 38
5 48
2 44
24 58
58 55
39 25
57 35
9 28
3 49
58 29
48 46
29 55
59 29
24 35
5 9
17 57
31 57
24 54
18 14
19 31
5 11
31 16
61 25
49 33
56 48
24 6
32 33
57 6
34 7
24 59
36 42
38 31
2 49
4 34
7 28
6 37
34 31
9 23
4 12
47 48
15 16
23 24
41 11
49 53
7 52
29 52
17 40
39 17
4 14
22 21
37 57
58 54
42 30
14 43
2 21
59 41
59 61
34 56
52 50
6 7
11 52
20 7
8 32
8 45
27 28
26 19
28 21
39 35
12 5
31 55
18 3
24 48
10 21
53 24
1 23
48 14
23 8
28 24
61 34
40 53
1 21
16 53
12 49
60 22
18 13
8 37
22 32
47 9
6 14
6 49
51 57
61 48
48 28
28 46
17 24
49 36
53 56
48 19
20 60
14 17
40 51
54 18
27 7
38 44
58 31
30 17
18 12
1 13
61 50
48 6
23 20
37 22
44 3
8 61
2 10
23 33
35 56
14 42
48 25
50 57
60 36
53 47
2 59
8 50
27 38
22 53
44 13
15 54
18 8
9 13
61 39
41 31
15 6
44 31
1 3
19 22
23 35
12 28
21 61
23 48
22 52
61 46
15 48
5 27
41 30
8 1
37 27
9 17
55 39
48 35
13 21
40 23
54 30
34 32
42 34
10 31
37 20
7 13
61 6
1 17
12 9
28 20
1 36
6 41
43 60
54 40
61 33
21 8
52 5
47 34
11 28
51 45
59 18
44 42
23 16
61 38
32 47
35 25
15 40
28 58
41 53
48 12
42 19
6 4
19 18
46 43
36 51
35 54
3 15
29 25
43 48
29 6
58 48
17 43
2 28
1 54
17 49
36 17
60 58
28 4
32 45
15 8
37 18
51 14
54 21
28 6
57 23
59 11
20 33
13 54
4 59
5 1
28 35
18 46
11 9
29 61
16 26
23 22
56 57
8 11
44 7
1 32
44 17
15 29
4 9
26 45
2 53
20 24
32 15
9 55
13 58
10 40
36 18
15 23
1 61
59 57
41 46
55 36
40 45
42 61
58 56
18 15
23 29
53 38
25 44
32 2
57 32
30 19
23 10
16 1
1 45
50 11
46 5
44 6
17 50
36 39
19 54
29 14
57 47
44 23
17 26
7 54
14 9
53 25
21 59
40 36
14 44
17 6
50 20
42 56
27 15
9 43
9 57
6 52
41 52
49 21
27 30
34 13
10 60
12 1
5 20
3 27
53 14
49 37
52 45
45 57
60 52
3 60
6 5
43 50
2 46
20 10
31 40
23 55
33 41
15 26
44 49
7 16
2 38
53 52
20 17
2 31
8 34
9 44
20 43
48 45
8 3
32 51
49 41
56 45
25 16
7 32
1 6
15 36
12 44
7 56
56 19
8 55
4 58
56 61
14 33
1 35
12 37
55 27
25 10
22 39
54 51
35 59
39 15
34 33
40 25
55 15
36 20
40 39
12 22
20 6
15 58
31 30
35 12
36 9
1 51
28 32
24 27
10 28
44 61
41 48
25 37
56 14
16 18
17 12
60 42
47 46
40 6
48 21
2 22
7 24
36 14
20 25
56 10
41 61
2 13
24 56
41 20
23 25
46 20
31 54
9 59
15 59
59 8
9 18
7 3
39 23
10 53
22 10
11 35
47 49
32 19
36 11
47 17
52 12
16 47
37 51
52 55
54 32
50 27
21 19
30 36
11 56
33 10
33 13
32 12
36 45
54 52
30 52
48 29
44 60
49 18
5 33
9 48
30 13
41 56
44 55
9 52
43 16
50 51
25 54
4 27
33 1
57 29
21 50
32 37
13 52
12 2
35 51
24 46
37 39
54 22
45 37
43 53
38 7
32 35
53 8
16 48
37 50
4 40
33 27
46 58
26 43
56 33
9 41
40 60
25 45
10 15
61 2
60 50
56 2
31 46
18 43
39 42
60 31
13 15
53 31
45 39
19 39
29 42
37 4
11 3
7 33
40 49
32 43
42 32
21 30
20 21
8 51
29 36
3 47
15 60
44 45
34 17
3 56
22 6
59 10
32 25
21 12
26 2
48 11
28 41
9 35
15 52
55 7
55 1
41 42
36 37
11 42
32 59
40 9
47 13
31 28
43 56
37 3
40 57
42 33
37 61
43 21
9 25
26 50
30 5
18 50
13 5
23 28
2 43
24 14
44 40
17 54
61 4
13 11
14 15
28 5
43 35
35 22
54 34
35 42
15 2
4 60
4 39
23 11
48 59
50 13
9 51
44 50
55 25
43 31
17 18
43 3
57 42
46 9
28 19
34 10
26 21
61 3
1 49
13 32
29 47
12 34
54 12
21 44
19 16
52 25
5 21
17 25
55 28
5 17
13 25
34 25
12 19
57 12
60 18
26 25
22 30
42 18
48 13
55 22
