485 8493
351 80
90 226
143 144
238 65
359 267
275 474
118 140
439 159
104 281
30 147
396 207
57 455
328 405
439 165
374 103
212 460
354 112
63 150
356 186
466 120
444 201
281 484
320 315
82 451
283 332
1 260
416 61
357 84
56 68
132 30
381 264
13 345
270 214
51 8
165 287
234 412
162 445
128 32
292 29
298 239
188 111
159 354
305 130
392 413
457 205
358 369
42 31
128 349
20 48
284 99
192 221
251 248
114 478
59 196
161 358
295 463
153 102
394 339
38 365
42 130
15 251
289 474
299 317
422 199
281 103
434 96
58 286
165 472
146 328
167 97
174 477
86 130
342 423
401 41
343 100
463 430
211 416
87 233
378 471
372 193
31 359
72 380
167 21
481 85
304 90
382 390
136 89
93 281
345 272
384 186
28 81
272 250
319 15
271 82
273 241
12 97
282 111
261 92
379 284
126 269
483 196
463 115
281 34
404 170
352 411
173 140
232 287
122 173
357 147
329 164
92 169
291 36
320 222
292 92
314 60
282 277
72 407
400 427
301 334
416 382
422 40
298 171
30 275
465 245
249 301
73 67
341 4
448 226
409 206
97 280
475 437
446 172
253 416
316 198
372 224
301 33
216 128
115 432
100 479
127 265
11 274
360 230
105 405
160 444
94 167
441 24
200 407
162 296
84 290
237 166
279 55
283 319
380 29
219 482
157 398
239 326
53 177
54 435
118 398
429 45
225 51
138 449
221 475
232 75
378 220
237 289
326 155
330 15
57 331
365 378
482 95
324 405
355 185
354 71
269 49
150 172
174 39
58 241
403 286
480 82
324 76
350 167
408 345
463 294
104 66
269 121
262 94
455 4
438 340
371 456
323 471
367 264
266 188
144 457
370 333
212 334
459 223
270 44
340 225
318 266
86 4
369 13
159 324
48 311
357 169
29 93
409 286
133 171
124 304
158 227
282 14
112 44
211 329
175 453
309 378
55 75
475 153
157 102
72 403
392 466
473 113
227 85
65 400
294 170
141 403
3 218
330 142
295 384
219 40
93 171
311 477
133 93
402 155
160 360
236 437
64 383
313 389
16 169
238 180
130 344
348 438
111 280
459 334
129 337
307 333
37 103
471 303
161 350
376 62
476 119
275 110
296 412
265 357
20 143
459 159
311 122
420 271
97 345
435 27
242 396
95 312
97 316
95 201
195 464
428 42
479 266
232 478
312 189
45 106
59 405
137 88
249 121
243 275
300 468
282 275
385 222
440 277
175 75
308 88
63 289
299 483
390 79
238 32
452 332
16 219
237 184
108 280
157 424
59 189
233 205
345 230
126 225
324 84
75 313
306 13
130 306
178 293
404 256
218 118
15 166
18 206
333 378
60 121
192 170
374 52
449 180
52 264
325 466
407 341
251 187
251 444
373 286
118 84
422 117
229 261
255 258
188 450
399 216
420 61
366 195
292 112
79 299
316 293
447 441
339 155
196 65
166 480
325 268
142 289
201 304
405 153
257 207
60 91
237 12
301 7
164 231
301 441
147 365
133 55
15 400
164 154
425 11
321 214
387 169
437 195
152 307
267 395
466 32
363 477
282 50
97 357
115 293
460 60
68 363
347 422
18 137
341 203
237 410
233 41
273 477
300 79
161 103
189 479
287 238
65 201
336 308
105 52
2 277
65 66
442 96
181 195
87 53
169 31
330 469
290 395
224 245
91 100
179 375
255 223
77 228
404 295
29 375
473 14
473 381
434 100
287 237
260 263
127 43
484 130
411 38
68 197
427 287
351 29
407 320
404 213
411 216
86 51
81 371
253 428
164 474
239 295
418 200
259 174
30 408
468 315
27 229
339 237
246 401
158 130
53 29
245 155
75 128
385 142
302 369
296 140
140 403
286 353
75 48
208 327
157 286
435 120
202 86
359 263
455 363
430 283
18 90
101 375
83 409
339 102
359 78
42 404
148 366
296 235
323 301
9 435
234 481
244 326
22 416
163 46
160 447
219 320
149 129
176 339
105 316
239 54
63 108
207 128
207 381
162 320
92 52
419 8
167 396
322 420
54 444
144 456
95 301
377 276
128 70
77 144
442 171
323 468
459 253
277 165
38 78
266 82
91 374
431 296
414 152
161 230
8 214
228 118
464 32
123 59
325 270
174 320
98 403
417 137
152 187
337 332
70 362
26 362
442 63
321 106
270 62
162 283
235 13
418 136
140 421
92 98
469 346
69 429
417 132
209 7
424 456
143 282
106 457
258 45
331 293
249 229
341 264
396 475
272 141
239 485
327 50
189 160
166 229
122 312
158 241
176 404
432 201
103 140
305 191
114 162
259 18
104 339
160 400
335 46
391 353
215 409
141 338
15 10
369 85
237 445
190 237
356 352
213 302
483 8
14 273
384 397
304 329
11 116
333 112
398 256
377 196
183 343
361 204
134 71
310 237
131 411
242 474
235 255
310 125
28 251
389 266
475 249
113 316
428 399
51 431
189 258
294 307
433 22
410 108
377 41
162 26
463 93
73 293
125 261
463 4
43 364
57 423
390 315
92 64
466 245
155 181
452 484
92 391
477 468
78 17
218 437
447 408
321 298
412 67
240 13
443 382
372 262
141 469
182 282
429 313
22 320
410 184
434 143
227 448
306 68
70 24
426 480
435 404
395 471
266 205
155 218
158 410
331 446
94 315
470 137
198 43
364 440
77 452
445 425
14 114
382 115
233 325
317 222
347 315
112 114
59 288
162 451
431 186
100 202
94 326
210 231
322 358
70 231
76 12
161 23
34 148
221 82
280 405
373 119
214 433
349 209
29 6
226 287
201 103
484 46
120 327
102 292
188 359
225 255
464 444
226 75
88 141
178 143
397 182
223 124
150 355
286 62
417 478
178 204
401 262
111 398
308 153
359 35
447 38
43 89
70 17
389 264
16 184
28 436
108 8
336 121
208 189
482 302
241 314
51 221
330 50
27 365
45 105
308 87
133 381
332 234
66 210
83 229
159 361
100 478
444 142
272 216
388 404
389 169
420 76
419 64
82 342
288 69
181 369
431 80
237 227
212 95
335 19
170 194
265 475
254 206
195 162
41 282
108 414
424 74
168 396
482 231
477 250
439 9
454 425
253 473
302 12
190 8
170 276
190 23
295 317
109 286
282 414
321 220
110 3
169 68
293 202
307 372
449 280
447 318
276 82
124 366
306 137
137 481
140 199
191 230
107 320
128 100
283 293
267 82
341 240
251 317
219 48
85 97
2 446
456 158
128 169
111 94
422 157
311 227
383 279
173 220
234 108
214 164
139 172
95 428
182 262
190 399
451 243
391 24
447 312
82 224
389 269
473 90
473 49
154 29
55 157
343 437
67 183
316 132
73 342
335 323
140 6
433 135
417 280
213 182
433 290
139 429
269 433
472 117
346 351
367 147
268 175
280 219
429 62
4 38
214 422
485 315
336 250
402 260
131 295
355 40
230 278
456 162
63 117
100 29
294 11
411 252
164 173
43 58
392 345
412 125
450 154
332 265
133 249
259 240
160 238
132 277
189 483
180 242
153 253
81 260
14 5
416 164
113 3
67 115
149 153
12 449
408 45
375 453
311 28
69 378
264 10
270 368
248 419
2 59
264 464
371 254
460 403
347 456
277 285
439 167
87 372
455 422
482 142
225 300
1 477
413 197
166 6
262 277
114 13
66 71
160 93
66 142
330 250
86 77
44 94
386 129
109 423
168 285
124 483
330 112
103 362
342 278
131 292
416 335
484 178
69 45
220 226
249 362
439 194
244 262
143 235
256 394
383 326
302 194
382 407
429 101
370 400
319 279
197 393
263 347
238 360
323 27
196 5
179 229
284 209
271 232
367 299
108 307
130 485
133 408
395 465
481 458
270 217
291 398
34 411
149 103
358 109
163 409
470 85
109 89
316 33
312 207
20 240
104 12
459 463
235 439
372 12
402 275
59 257
262 472
132 229
23 222
237 174
99 93
378 279
166 273
304 51
276 264
71 129
32 385
1 443
142 347
301 44
287 284
105 230
358 174
445 173
81 29
346 138
402 152
385 91
113 305
172 38
357 91
319 193
296 135
223 479
437 291
242 422
140 107
132 147
262 267
47 20
306 50
378 193
329 476
405 7
240 61
118 456
243 14
373 293
386 371
372 110
438 472
333 111
351 261
328 82
190 183
176 25
33 419
383 31
410 63
66 430
416 288
420 462
73 475
307 460
14 124
29 275
271 68
59 442
258 452
300 312
335 334
349 334
334 165
316 354
236 30
99 104
154 465
68 172
306 159
80 422
72 187
168 62
303 22
374 43
384 413
46 172
376 111
480 149
373 254
141 15
297 120
158 14
202 385
48 73
33 302
444 285
315 359
317 146
63 436
292 3
48 180
96 186
326 253
114 299
343 274
215 382
201 86
424 454
150 284
453 164
308 464
158 320
302 78
332 310
436 278
262 157
125 47
182 350
75 15
295 178
91 319
72 108
385 228
416 412
59 174
368 200
335 7
363 4
251 8
317 430
151 482
175 63
438 78
214 358
233 261
87 426
110 116
15 339
219 191
111 349
336 15
193 138
457 107
396 23
221 4
207 431
93 410
58 251
226 98
81 176
73 179
297 159
246 116
192 148
476 398
350 189
125 333
316 438
48 460
434 251
22 274
118 262
428 427
96 395
72 5
83 347
405 338
83 136
431 32
201 336
155 401
117 66
81 56
297 301
142 474
257 483
282 477
308 312
232 174
60 394
219 174
321 413
408 475
13 275
319 183
412 49
180 468
396 221
118 195
14 326
476 422
217 203
394 109
164 430
45 393
3 397
389 98
71 391
291 362
163 393
118 249
345 371
163 56
236 415
100 251
236 267
274 400
276 109
91 428
247 119
348 442
234 458
313 57
355 191
69 239
157 357
211 198
66 251
160 161
78 197
341 165
173 263
168 360
32 366
171 64
304 149
112 84
423 95
290 460
147 27
188 408
440 398
54 336
52 292
383 132
387 452
408 432
428 168
481 465
416 465
421 240
386 302
279 14
33 213
215 277
423 478
317 356
360 367
451 34
407 141
305 315
457 436
6 296
144 33
198 343
34 58
157 358
79 10
270 300
196 38
67 448
123 183
448 366
240 38
70 455
71 253
421 304
154 400
267 323
292 79
236 26
272 184
425 367
176 292
360 281
17 403
339 185
124 390
330 332
245 238
94 347
53 97
230 12
358 14
381 452
382 422
332 82
269 104
378 404
80 102
89 45
304 230
167 286
344 335
315 144
220 405
42 337
160 89
279 369
189 89
116 75
189 78
79 445
392 174
296 27
156 455
100 283
157 315
105 279
350 345
382 138
288 322
243 380
137 349
398 362
282 56
431 35
115 370
414 394
79 15
430 409
138 97
106 343
314 111
392 30
184 371
320 196
408 151
344 322
371 217
459 422
455 463
62 311
44 70
328 363
378 126
351 280
88 217
161 413
10 103
40 24
127 477
303 425
208 67
411 60
423 358
318 25
140 306
367 477
469 45
54 97
422 435
413 144
303 157
300 319
83 222
448 24
303 322
353 117
265 60
69 30
156 227
476 414
472 182
122 306
20 224
468 476
130 469
211 267
77 424
216 204
119 466
136 279
420 451
93 145
239 364
186 264
362 97
434 355
18 363
415 177
315 75
259 405
13 121
12 397
146 350
310 425
129 157
298 66
76 479
422 485
425 360
256 304
342 201
155 73
366 213
97 125
242 74
228 200
182 107
451 218
256 159
87 89
361 74
285 127
467 308
63 126
461 383
48 385
414 430
141 74
346 279
55 278
476 313
454 188
365 13
380 158
50 141
478 132
390 273
381 183
413 149
279 146
5 376
270 426
158 27
455 433
234 263
403 134
138 326
456 417
81 383
439 135
353 474
317 304
432 327
128 196
166 121
283 108
262 463
393 299
125 37
435 419
85 473
317 98
134 173
177 321
102 471
192 371
314 157
167 399
427 462
465 366
145 148
70 202
170 32
186 265
130 191
37 181
75 3
479 155
67 357
126 331
447 22
281 343
148 240
257 480
360 102
420 353
149 165
376 45
317 382
19 165
280 56
26 118
39 31
191 59
214 228
214 391
391 3
282 236
482 445
344 223
256 476
318 441
31 285
46 245
187 413
214 111
74 233
14 37
398 29
262 469
226 168
235 82
172 189
101 78
310 173
456 133
169 349
43 99
198 283
437 406
187 342
260 54
279 227
144 265
166 463
73 379
366 224
470 386
472 37
333 23
222 260
399 203
33 398
222 99
474 161
233 65
334 454
341 59
440 13
67 143
424 311
108 48
397 415
284 201
33 139
135 427
384 463
370 211
389 400
321 93
443 61
259 225
472 453
479 262
179 432
418 451
476 78
279 166
162 374
289 59
195 122
86 318
141 439
223 378
436 150
171 283
144 135
466 133
264 31
305 217
36 140
142 455
203 173
23 95
114 269
422 399
312 398
168 166
216 283
479 40
136 173
269 256
1 97
39 314
115 477
115 277
323 5
250 176
380 294
304 17
251 448
170 47
256 25
206 475
386 323
136 476
325 184
110 397
336 358
125 300
69 181
169 139
120 246
212 359
62 383
358 167
108 82
383 51
328 228
342 339
149 347
465 463
434 457
299 32
72 288
20 274
456 21
213 403
484 352
237 316
117 181
412 240
267 297
259 333
398 78
298 346
22 161
49 436
332 183
155 276
137 314
115 269
264 221
173 37
308 123
3 258
401 472
142 471
195 114
247 158
293 478
408 102
460 375
442 400
96 280
341 290
121 173
331 351
102 178
177 235
128 198
56 479
423 30
456 76
235 371
459 219
301 358
474 150
283 10
40 344
385 46
272 253
305 33
128 450
185 392
187 389
422 228
461 152
50 359
353 376
302 112
330 89
15 412
451 120
182 154
387 4
39 481
451 474
34 288
191 322
455 215
421 115
295 254
2 129
208 65
139 427
349 330
407 388
16 295
187 390
313 479
343 468
324 13
207 480
213 479
440 245
339 455
430 336
323 435
333 91
66 362
125 376
91 480
384 87
439 193
183 367
218 192
143 57
215 389
58 244
256 254
215 290
3 223
319 5
210 323
248 98
194 453
360 416
338 415
81 340
457 59
158 152
242 228
141 169
322 14
166 378
30 128
426 177
104 452
259 30
94 231
278 329
433 436
148 55
235 395
426 64
438 317
361 157
242 137
415 422
10 82
96 188
17 93
443 417
454 68
87 185
77 309
388 108
135 89
338 398
429 266
238 265
466 13
350 11
345 71
73 236
332 407
125 148
38 112
78 478
465 232
185 144
175 91
60 10
332 379
87 157
216 362
100 127
95 103
332 205
168 251
57 170
151 160
46 338
469 238
72 31
83 382
382 139
228 113
20 474
235 457
346 385
272 127
406 380
159 383
478 465
217 308
448 5
227 125
479 413
14 481
20 484
306 458
241 453
422 19
449 351
16 103
46 100
326 118
320 327
357 86
313 94
235 294
122 95
336 267
59 422
27 125
81 65
60 377
358 59
35 353
437 286
187 193
34 419
43 35
15 232
194 181
183 282
364 343
111 114
198 157
290 258
14 174
83 381
96 293
149 109
319 41
454 78
352 449
16 397
423 130
407 259
370 381
77 298
303 224
267 298
52 190
258 426
320 449
344 312
411 452
443 204
117 484
197 60
377 365
416 21
422 421
17 108
24 106
449 233
124 341
341 433
76 465
99 115
449 388
71 440
396 34
485 307
369 417
99 18
26 263
383 166
161 275
52 23
314 308
211 146
42 209
74 148
342 37
274 202
321 444
393 21
278 89
381 228
419 71
89 263
415 288
80 263
139 420
135 13
12 338
61 64
445 36
473 341
405 233
322 266
335 106
138 391
326 320
28 152
92 350
278 371
382 267
255 278
370 156
135 44
63 326
208 480
68 456
50 483
277 250
237 354
295 172
12 259
224 130
447 245
407 154
386 198
424 357
458 138
416 92
403 196
370 334
344 101
471 148
115 198
321 292
317 105
225 335
375 233
334 43
430 464
472 50
236 232
426 195
235 164
26 445
278 147
423 463
241 291
51 54
131 327
222 284
217 181
460 69
304 119
414 286
370 24
314 303
281 334
343 196
208 415
136 71
301 283
325 10
439 350
461 204
7 472
371 380
300 8
13 110
384 89
4 256
366 290
85 380
95 341
186 273
397 264
325 82
274 269
80 47
335 137
147 264
481 429
147 437
305 156
290 152
66 479
377 374
195 363
146 374
96 105
440 197
286 134
457 15
210 401
384 478
137 282
265 301
154 430
315 401
386 303
39 242
177 121
356 6
455 240
236 330
298 232
107 37
387 229
431 272
245 383
23 410
56 443
91 130
165 363
48 389
80 12
194 449
51 426
85 234
324 157
300 137
180 230
270 483
433 79
448 52
85 202
13 28
8 466
452 11
300 373
68 320
68 376
466 164
190 266
91 18
234 448
150 83
479 458
187 439
152 38
462 84
296 411
389 288
86 192
101 219
49 115
254 77
14 104
368 386
52 353
190 462
25 43
420 178
284 293
377 131
322 99
242 359
481 217
148 33
485 407
88 113
468 287
258 34
355 10
301 464
217 353
264 308
201 418
34 344
274 361
254 398
28 5
170 299
17 394
439 441
161 142
311 347
155 342
30 215
76 350
91 377
193 393
116 129
105 430
48 256
271 437
44 211
261 250
385 475
370 437
76 161
265 330
367 318
447 386
74 177
178 199
458 174
403 392
161 363
325 241
77 183
41 48
50 146
410 427
14 390
176 130
188 14
265 105
96 300
178 153
262 430
131 412
172 224
415 54
244 260
149 408
230 100
37 303
309 319
337 350
193 160
215 114
394 288
295 380
51 116
373 50
461 206
288 227
269 337
322 12
369 213
243 31
212 459
394 482
348 232
219 30
156 408
225 448
123 225
210 251
33 120
10 301
182 99
34 169
425 311
213 310
222 91
224 201
124 454
5 470
222 27
280 289
330 137
199 65
235 237
41 220
359 344
211 151
478 27
119 130
383 71
383 167
232 84
153 34
77 460
249 436
254 456
321 66
410 269
165 355
126 125
141 483
251 242
482 423
187 458
77 398
8 66
176 387
67 76
454 110
455 134
38 385
281 449
102 264
236 3
373 477
91 72
48 141
220 240
106 28
470 23
224 276
284 81
49 378
153 254
332 253
351 1
382 296
346 66
78 88
137 458
370 243
32 167
353 354
427 325
233 115
148 330
226 363
122 85
60 382
239 134
79 132
57 77
291 96
86 395
440 301
310 57
457 438
362 203
192 397
211 253
273 78
250 346
58 415
268 200
49 211
74 319
323 116
183 426
384 145
183 200
173 364
348 271
174 77
387 418
28 212
45 102
53 364
460 353
211 473
301 472
187 98
409 386
67 202
375 432
134 187
51 463
303 184
108 278
267 148
369 201
247 361
272 306
253 244
340 465
129 347
353 70
322 209
439 10
174 207
13 255
436 198
472 334
9 211
446 329
365 301
260 237
22 482
263 358
362 394
29 393
484 234
349 158
50 205
58 177
476 288
304 324
439 171
30 464
34 154
382 279
479 49
357 213
48 351
96 325
416 467
223 465
248 264
106 400
428 411
213 394
257 332
123 48
226 454
283 208
263 192
366 312
453 474
224 75
208 20
371 23
340 154
293 475
46 356
3 276
67 471
275 292
70 204
201 298
398 160
127 198
293 217
287 458
341 397
20 89
405 277
67 173
474 92
67 268
294 218
349 93
226 127
382 150
416 26
36 332
341 20
184 163
252 278
208 124
418 316
465 24
453 441
203 311
189 384
338 362
157 280
243 454
118 102
142 137
109 192
347 411
25 424
348 179
123 145
44 418
278 334
340 350
145 140
374 118
25 466
187 194
255 61
261 260
421 29
347 370
397 346
308 44
149 39
239 400
310 340
79 473
43 319
244 228
192 70
107 369
221 108
40 221
243 39
8 246
201 389
429 424
27 270
91 71
296 105
97 452
113 269
456 77
17 213
234 18
168 208
109 175
310 140
423 25
98 473
79 367
420 10
264 353
94 152
409 114
448 305
237 305
180 340
372 48
162 438
434 447
227 369
353 193
274 468
121 239
389 388
129 134
225 106
136 37
338 401
468 434
387 280
253 80
279 70
156 320
82 200
40 312
337 177
183 119
379 122
40 385
265 248
192 381
107 54
130 273
258 349
142 356
237 62
155 30
109 400
73 128
226 442
21 400
352 443
187 92
231 342
478 46
467 310
79 207
477 104
266 293
52 185
356 443
63 333
444 212
450 398
308 53
429 369
359 231
452 379
264 154
300 243
361 139
384 231
237 114
175 138
216 54
108 119
266 458
415 26
52 299
290 441
415 405
260 41
10 317
200 395
34 20
479 244
90 225
47 247
392 369
70 475
220 300
199 105
358 334
315 42
129 178
236 444
117 334
467 444
89 26
87 434
195 281
249 154
49 91
467 117
131 137
231 240
257 27
264 485
65 364
351 216
277 100
464 344
440 446
76 124
221 384
332 254
167 263
357 323
106 319
200 116
15 169
376 411
115 355
260 342
215 457
433 369
339 135
374 378
188 438
318 187
467 409
163 66
43 313
189 389
152 228
374 415
197 70
196 328
98 272
385 11
251 220
459 206
192 180
78 477
283 131
287 23
94 408
327 360
122 189
151 115
418 445
415 421
117 256
422 108
301 250
51 273
63 472
397 205
391 263
190 10
380 441
16 218
423 210
203 299
236 290
428 457
485 52
114 95
94 366
178 439
172 191
313 37
119 440
312 454
277 187
167 401
225 305
333 424
408 293
152 293
147 84
123 254
339 344
354 100
273 381
158 453
206 88
162 81
15 31
88 34
185 318
414 253
68 112
238 215
339 172
124 133
207 384
417 81
261 316
328 97
433 430
83 174
250 70
363 48
186 412
428 70
336 352
419 402
403 203
221 461
171 351
168 260
55 411
330 421
267 410
437 404
35 239
279 73
299 40
462 408
385 428
355 159
311 21
119 234
449 43
410 477
327 226
126 144
31 472
309 240
431 452
442 190
221 297
84 235
226 87
218 405
411 253
162 344
225 124
466 152
377 186
57 398
238 405
269 415
149 311
219 46
194 342
118 174
437 257
4 12
348 131
95 133
227 119
330 205
395 379
286 446
215 216
217 165
259 194
292 64
329 39
277 79
47 175
38 390
402 304
311 91
363 223
9 257
420 221
192 315
376 356
464 273
147 41
337 121
370 68
58 247
393 205
439 64
303 104
311 403
101 230
190 451
331 336
84 81
396 139
154 67
472 277
303 416
93 84
411 469
99 131
31 316
272 93
270 240
273 414
58 385
259 82
9 328
116 19
172 396
52 296
87 4
402 459
304 213
242 304
485 162
120 236
463 308
390 471
383 176
411 113
325 442
116 170
455 335
95 432
69 440
88 248
118 54
228 138
176 136
435 410
264 431
410 78
62 222
402 291
180 61
273 337
79 480
35 106
298 390
336 364
132 11
115 55
197 348
471 119
76 345
82 219
243 349
144 158
369 119
69 254
1 212
445 444
348 250
407 129
372 348
37 57
256 469
257 306
87 92
13 442
468 369
380 383
391 75
424 447
172 49
166 285
168 388
231 188
350 369
196 297
459 23
41 439
57 27
179 464
26 350
423 440
206 483
465 400
440 27
473 94
334 266
401 226
313 46
182 358
88 179
217 172
133 116
211 32
388 259
473 60
113 349
272 191
443 320
417 407
296 60
297 337
227 174
483 258
106 364
362 387
68 76
32 430
60 399
335 42
94 319
469 318
188 110
290 204
140 394
383 482
396 156
114 327
302 98
104 173
266 271
209 474
210 204
216 364
16 449
394 27
373 99
69 2
45 141
55 128
154 401
420 63
192 141
451 437
282 167
138 79
315 153
326 483
346 52
77 5
223 293
429 54
410 88
482 5
253 199
248 310
334 255
423 124
410 342
337 215
375 217
29 479
1 186
208 180
355 148
45 311
212 155
124 216
198 417
166 398
90 215
249 188
182 370
232 113
65 169
381 179
225 14
282 312
8 261
367 358
65 321
456 109
91 261
192 215
49 81
331 291
43 246
84 41
173 90
324 96
347 40
256 349
344 177
387 211
115 41
271 177
483 167
299 178
42 375
301 205
343 302
164 461
303 286
228 405
63 240
32 303
5 216
107 444
462 316
78 415
463 171
454 253
48 401
409 78
391 86
168 343
78 99
374 70
176 86
183 315
387 386
395 286
38 403
381 396
87 281
64 396
286 288
467 256
37 318
386 436
438 59
226 337
462 367
22 94
349 140
427 89
404 141
87 429
347 50
302 444
151 399
371 54
431 43
147 196
68 152
50 395
103 122
467 432
66 246
213 383
36 188
232 132
479 455
180 156
108 188
476 194
113 137
106 55
332 87
32 56
345 110
374 11
404 239
166 290
3 65
161 450
316 177
109 146
107 472
114 280
339 295
282 264
266 53
485 332
208 77
436 403
104 164
203 141
52 41
301 269
424 386
461 415
433 465
471 457
103 189
156 142
207 225
45 354
370 429
477 400
71 423
422 250
152 425
373 171
180 292
442 4
243 437
313 334
353 383
422 294
138 360
401 146
257 335
359 5
275 99
210 392
176 111
100 393
67 351
443 271
33 180
60 400
468 365
403 258
74 36
462 128
165 103
267 176
173 309
119 281
378 98
58 217
229 385
395 282
250 76
38 330
446 128
389 154
99 138
67 296
268 373
19 93
122 324
160 259
136 234
299 272
470 402
230 398
82 18
429 104
235 422
426 235
340 133
164 58
446 183
147 317
326 362
121 90
403 443
225 86
93 266
468 247
145 149
299 221
358 83
398 138
218 444
3 212
174 481
10 483
101 207
141 219
178 398
68 9
421 279
341 448
382 216
15 395
323 190
372 94
356 444
376 458
248 305
256 415
58 14
293 350
362 342
196 72
290 4
393 126
104 44
354 129
214 86
31 163
115 302
272 174
168 85
101 314
263 403
242 363
174 307
374 443
169 239
314 246
359 322
314 257
363 69
14 255
272 343
439 14
48 15
434 246
48 462
331 282
451 342
337 157
138 445
424 426
364 402
75 374
484 407
193 264
129 233
345 303
311 42
352 220
156 304
156 376
331 395
107 274
476 154
475 137
446 241
238 279
19 168
458 462
5 90
56 409
33 127
155 23
121 282
153 20
343 81
138 395
336 209
36 456
409 134
462 321
309 435
124 437
23 291
34 438
9 125
307 373
4 357
70 443
117 442
73 296
419 72
53 201
258 382
363 148
396 394
443 221
174 426
249 198
426 320
23 435
248 318
320 53
80 334
185 409
225 247
431 236
234 404
319 358
431 373
243 351
439 80
10 51
48 420
52 401
264 74
80 116
108 219
186 402
402 148
163 116
183 300
221 142
130 111
140 138
127 401
224 5
175 245
48 432
361 131
208 102
85 301
349 122
255 425
125 304
129 41
173 421
218 347
313 111
209 181
261 463
407 69
101 165
331 179
428 401
115 450
211 246
2 5
484 372
272 344
368 187
68 78
243 227
173 415
46 168
22 58
407 103
354 352
362 253
269 40
125 144
450 55
376 432
25 102
252 48
462 461
278 391
439 82
314 255
382 243
288 213
328 270
356 239
422 291
236 312
234 266
432 403
429 39
171 9
256 417
77 361
29 425
6 439
210 468
37 382
399 313
432 332
126 196
239 279
13 276
368 174
409 100
172 98
39 447
458 463
374 364
144 454
64 293
229 232
35 393
96 118
18 262
216 476
375 118
26 34
113 127
123 276
409 263
476 407
385 84
434 388
382 441
317 443
398 260
24 47
348 201
132 196
210 144
352 157
21 267
74 350
7 273
122 456
6 423
263 437
79 332
269 57
375 478
231 391
172 213
89 467
403 385
274 203
338 245
280 72
36 153
72 165
293 135
365 104
441 286
310 258
126 162
225 294
381 163
156 428
214 342
178 162
260 186
26 270
283 35
443 173
300 233
93 309
71 319
474 396
158 238
92 85
443 386
431 455
264 463
390 483
474 198
11 457
179 351
257 407
137 368
466 344
64 422
205 81
198 175
473 50
191 222
162 4
24 270
63 469
383 173
239 151
45 474
58 260
234 466
341 282
267 286
42 178
250 295
447 86
21 323
16 339
434 470
467 64
451 215
389 93
104 316
108 106
274 141
243 435
297 381
474 390
147 23
126 83
121 181
305 89
244 436
465 193
250 443
253 66
461 141
393 278
69 31
157 321
175 164
284 54
420 179
230 87
62 359
197 388
481 171
209 20
354 245
315 399
222 403
152 310
462 398
471 218
236 191
167 126
303 57
453 259
95 2
152 138
471 87
336 119
432 395
162 313
64 427
42 344
92 262
209 364
442 158
400 446
221 54
309 365
299 370
1 290
18 311
439 449
296 51
43 346
74 400
241 40
451 258
58 283
26 175
279 27
380 436
302 156
430 25
402 443
81 339
39 19
132 134
82 351
214 335
408 264
351 441
69 462
7 48
155 392
137 115
197 242
120 96
307 287
152 406
327 178
66 9
186 87
176 453
347 88
73 292
396 227
101 84
476 257
124 299
410 483
245 353
13 277
175 82
381 46
58 206
191 350
411 100
189 55
228 224
49 304
238 417
245 30
428 52
455 438
142 414
95 137
164 398
117 154
448 479
446 338
84 270
313 386
473 32
247 201
451 363
147 319
45 453
401 175
211 48
130 249
118 474
307 166
371 333
79 19
124 260
359 73
133 432
225 454
34 211
170 384
154 252
249 173
431 254
271 172
129 47
81 38
133 14
54 168
289 369
427 474
368 115
123 265
55 422
176 241
338 299
387 430
47 473
308 435
72 285
74 292
60 275
293 190
177 184
66 316
88 1
369 75
468 114
256 263
34 109
13 448
123 200
378 197
290 311
353 1
37 174
80 120
478 98
85 127
408 295
16 444
84 140
60 227
44 476
22 324
374 231
412 167
377 373
50 65
464 461
120 372
272 110
3 470
133 303
147 88
194 343
217 52
315 279
59 193
391 437
184 255
225 84
10 404
175 74
263 374
386 344
156 399
44 177
398 431
132 25
155 81
365 190
200 402
261 359
178 339
65 362
214 449
275 156
418 444
243 265
452 123
342 165
174 201
279 278
228 473
380 282
170 346
277 353
50 377
199 145
112 227
220 140
418 205
458 328
68 468
85 358
411 64
303 310
377 440
103 152
149 383
382 469
318 84
341 233
318 407
274 27
207 290
99 269
263 115
287 410
235 400
420 124
126 405
248 241
34 480
408 69
383 269
295 281
388 38
332 315
330 41
459 438
346 84
110 163
471 77
114 33
143 328
339 283
182 238
420 8
332 131
202 92
262 273
192 404
268 103
67 470
158 312
245 262
260 143
179 344
417 18
72 363
279 243
472 93
386 127
118 483
362 95
183 89
204 130
96 274
335 57
347 391
345 193
4 429
234 362
390 457
137 3
72 281
161 50
172 258
296 369
378 56
175 144
460 94
304 387
57 213
397 244
80 248
51 169
421 317
209 460
129 481
322 152
467 374
246 363
267 218
98 140
73 336
460 203
462 237
369 22
402 68
334 178
144 223
468 93
430 376
253 139
117 165
295 429
155 196
330 473
51 1
3 450
205 47
286 216
189 449
426 197
368 282
364 379
373 404
40 115
411 122
41 40
103 197
444 36
109 119
465 260
21 228
93 122
435 130
342 241
129 346
413 296
283 433
63 134
351 343
199 412
454 432
445 82
437 443
380 213
414 255
237 156
471 19
367 308
79 430
41 79
81 226
325 288
180 46
390 440
24 451
148 248
363 470
235 133
157 449
281 14
24 407
477 447
111 296
425 414
398 381
195 2
108 289
319 288
442 477
44 309
212 63
94 345
462 202
226 195
250 386
89 249
457 127
369 383
146 226
212 194
298 456
459 129
59 260
23 133
44 321
436 220
251 167
269 184
276 298
401 186
232 278
359 79
123 35
355 160
385 353
105 388
195 18
415 428
377 462
99 287
277 139
101 253
26 326
212 443
131 184
263 75
381 79
343 371
459 160
243 431
459 237
22 24
189 203
456 383
137 258
338 3
166 320
366 202
414 223
433 296
244 411
102 359
167 311
452 143
167 17
165 261
246 195
304 367
126 67
24 110
317 370
80 188
369 245
170 237
117 348
223 122
326 184
6 27
161 178
128 107
103 336
294 328
307 426
231 383
446 134
42 117
134 225
4 474
43 203
481 222
466 478
263 15
265 67
150 101
384 471
107 122
399 433
50 312
306 171
173 135
28 471
484 476
264 110
185 54
82 38
352 224
131 71
83 216
54 74
341 351
211 114
260 340
109 120
117 316
249 339
104 168
111 252
321 317
459 216
341 256
275 349
475 114
159 70
443 284
241 38
229 16
237 343
129 397
208 281
223 73
51 210
278 415
477 383
263 125
101 99
13 149
284 13
123 180
354 357
177 296
147 344
176 38
216 254
395 95
409 165
454 333
225 108
18 232
6 325
31 479
455 124
20 66
352 445
474 373
107 58
46 13
59 184
8 266
345 341
451 334
319 205
453 407
286 261
101 136
265 275
319 269
341 39
30 225
58 430
299 344
179 422
111 479
399 377
154 250
164 139
222 229
232 460
99 135
480 461
309 126
274 340
263 325
334 158
169 421
355 11
223 136
124 224
147 277
443 332
159 368
475 304
315 376
357 63
124 130
436 224
373 324
245 260
23 199
430 445
429 85
183 417
125 173
215 70
286 57
421 458
101 294
265 268
6 43
318 350
353 83
394 2
182 333
380 458
405 199
377 369
2 297
1 414
304 339
288 84
213 460
19 218
76 348
377 210
211 37
399 67
206 67
189 433
324 116
25 45
462 401
482 453
296 34
360 388
410 357
225 279
85 263
418 278
182 100
310 229
251 376
403 387
158 365
6 464
423 353
304 471
394 190
26 173
162 104
362 52
10 452
86 420
402 129
416 315
60 318
395 412
119 5
78 11
318 429
457 402
477 190
330 171
471 474
14 399
155 356
299 229
478 153
55 31
181 81
312 210
218 237
189 393
435 203
484 149
407 6
220 36
468 361
188 4
279 281
86 190
233 189
187 55
263 471
484 76
154 369
328 155
49 44
106 467
344 205
387 311
453 159
187 242
209 245
442 434
172 180
20 349
157 266
354 361
210 139
366 410
444 295
280 65
437 241
201 398
483 197
269 247
215 1
27 101
182 187
77 408
426 115
105 167
79 65
178 196
408 107
443 158
245 220
470 326
438 428
275 451
115 135
416 271
69 9
211 292
471 382
425 395
418 184
189 94
185 469
197 293
310 250
235 211
440 334
182 439
102 370
155 46
70 446
364 452
298 173
42 285
300 18
398 50
277 341
421 322
330 247
236 338
15 374
88 477
290 320
199 185
292 239
471 255
70 199
57 13
245 297
99 56
1 267
153 156
14 175
101 431
476 392
197 152
114 96
266 63
473 268
432 309
214 249
119 443
477 151
105 32
413 232
55 68
201 55
158 148
36 276
39 128
372 399
89 401
63 97
371 243
192 63
26 338
278 185
456 323
456 207
384 381
92 228
8 23
138 320
11 304
45 49
94 329
100 186
315 408
137 80
434 144
332 352
313 159
87 450
176 345
287 416
368 295
440 53
291 451
322 156
258 145
457 123
458 72
239 162
17 168
346 62
297 81
459 484
468 242
470 34
350 240
3 213
14 211
406 315
24 218
6 268
388 28
450 182
143 418
261 254
429 337
298 380
201 226
422 141
402 106
362 219
106 39
361 346
296 180
465 414
412 92
100 459
420 150
118 266
27 370
218 443
247 16
125 402
429 181
371 477
361 372
19 236
184 174
480 433
166 99
266 106
199 84
324 227
162 216
221 390
467 255
298 128
59 330
291 11
153 288
384 4
119 167
195 421
84 300
173 69
172 143
75 413
414 323
393 36
324 306
151 387
248 464
459 117
375 326
170 142
32 221
298 51
18 420
10 141
16 349
303 377
363 332
480 150
431 367
342 424
412 79
185 381
69 459
173 390
166 342
222 253
231 366
348 104
467 406
461 86
199 272
440 59
144 186
153 445
161 225
353 216
197 333
460 165
379 313
44 282
106 352
142 228
23 172
247 39
367 186
305 114
463 225
68 237
8 62
456 416
400 361
372 31
109 221
358 259
310 88
113 376
130 402
446 218
2 439
75 200
254 99
19 202
21 39
130 154
249 485
83 202
136 16
341 76
405 411
467 264
218 92
169 47
459 152
34 93
310 20
83 475
208 2
216 428
143 432
25 452
319 463
166 9
329 280
117 179
438 64
106 429
137 432
205 119
101 370
365 326
109 452
327 225
220 100
45 48
408 47
141 249
367 469
228 434
34 239
140 360
306 18
366 104
459 163
130 335
4 443
232 172
373 141
359 37
123 394
162 219
59 176
338 25
256 458
458 331
425 470
465 281
1 197
87 191
124 24
426 216
208 427
322 115
353 165
151 287
93 186
432 277
47 395
423 134
273 395
171 213
140 163
39 208
381 86
395 299
49 194
434 280
172 384
263 257
467 251
294 129
199 257
175 412
23 274
46 177
342 8
332 68
99 308
481 145
166 370
148 462
459 148
224 190
136 216
321 411
302 464
419 178
251 364
302 240
475 352
162 108
251 188
344 66
332 276
442 162
355 196
4 159
79 61
179 438
417 425
54 119
150 180
3 224
148 452
168 479
59 395
313 58
17 251
141 239
419 295
284 84
420 315
194 134
30 361
35 121
335 62
470 441
356 337
189 299
249 295
440 201
443 108
111 141
133 317
175 191
282 267
93 226
445 12
193 34
55 84
400 285
351 297
293 95
257 118
400 202
414 48
55 37
385 111
26 222
104 7
253 33
471 33
432 460
41 29
59 180
146 58
206 211
213 189
453 152
65 264
229 130
34 348
198 276
155 473
363 443
121 201
23 86
362 155
18 246
362 47
81 192
395 335
347 61
142 313
408 229
152 175
395 244
376 52
397 50
196 314
436 180
215 412
112 290
359 7
158 232
321 332
314 423
325 470
143 16
463 218
65 338
383 11
332 305
371 160
304 226
118 303
447 396
122 217
457 353
368 175
317 181
313 411
453 319
53 10
24 381
294 296
339 350
1 171
264 471
67 19
191 479
442 479
318 38
212 130
362 357
478 158
413 170
285 335
42 85
322 84
291 130
304 403
229 68
182 42
292 475
431 110
16 282
48 291
171 315
308 34
303 217
180 8
159 429
92 447
233 2
71 68
248 267
449 306
437 47
308 454
235 87
159 59
3 245
265 33
436 438
351 386
179 377
32 192
56 252
9 239
79 406
445 202
438 171
42 123
134 394
362 115
184 244
46 330
73 224
183 309
316 215
319 156
347 273
416 476
128 92
66 35
66 277
48 189
245 485
260 272
382 399
232 483
248 483
23 277
323 99
303 357
406 449
457 352
444 2
484 87
230 194
235 29
395 12
248 85
159 142
367 36
266 340
369 220
170 180
353 181
32 163
291 343
253 398
135 483
314 411
33 315
190 170
109 270
440 287
263 264
201 222
443 25
478 156
455 372
451 20
253 258
316 93
34 295
34 150
309 289
147 333
133 339
392 429
468 432
396 388
450 66
301 171
114 364
464 337
86 100
361 263
37 126
292 2
82 188
423 430
58 434
346 354
148 80
350 332
47 156
219 78
353 438
140 433
64 369
180 323
114 142
61 59
188 74
331 272
3 342
143 188
305 472
185 68
441 328
201 248
224 449
310 426
438 124
66 242
18 260
58 175
45 117
461 403
463 123
140 270
167 332
138 40
30 262
107 93
238 195
86 457
201 114
259 172
481 119
316 404
279 368
184 320
6 156
298 307
380 210
350 178
485 60
468 257
355 91
175 342
279 160
258 110
187 469
420 190
92 269
273 470
333 223
340 314
161 130
395 328
386 309
412 375
40 444
369 426
170 161
96 197
113 390
257 370
66 145
384 82
431 150
138 244
379 459
310 448
19 391
292 192
320 36
448 136
220 9
389 65
282 419
340 258
184 104
474 418
174 255
126 122
398 98
111 231
154 169
259 168
51 141
193 272
476 204
316 285
162 393
255 333
243 139
161 288
222 293
294 245
223 226
117 218
93 484
156 140
254 302
475 65
89 385
393 361
35 339
383 210
423 250
112 133
256 27
476 206
59 18
171 241
363 398
124 178
441 3
459 106
335 259
84 80
163 396
394 307
225 271
104 436
464 47
2 202
423 322
200 370
321 95
84 223
84 8
224 251
443 423
299 144
271 447
109 4
254 108
144 36
91 338
450 25
168 176
86 250
449 32
33 47
444 215
426 470
104 370
40 289
444 33
195 373
285 133
357 382
330 414
327 115
412 10
203 92
295 218
218 139
347 1
427 106
96 100
59 43
352 453
365 206
210 348
475 157
182 90
473 240
123 462
349 295
284 368
30 418
254 226
140 301
12 410
135 252
178 116
381 315
96 384
329 228
279 108
357 255
3 22
36 443
147 29
47 318
423 182
370 394
63 120
190 107
402 425
286 225
94 192
469 398
305 476
39 424
399 109
400 173
204 381
215 272
93 215
25 428
338 20
26 68
480 421
56 398
365 18
446 76
208 420
284 200
350 194
43 51
221 14
42 413
167 428
364 237
371 189
121 307
480 144
247 372
453 243
96 482
49 400
415 316
251 197
288 339
235 192
350 19
149 279
183 196
160 325
58 450
114 160
485 109
384 241
421 125
126 128
343 16
234 252
356 374
112 398
72 4
480 53
377 18
175 289
198 425
336 452
250 376
405 244
464 467
225 399
49 445
115 1
133 413
471 57
271 294
356 470
211 40
301 19
186 232
166 199
276 304
157 62
285 281
82 372
78 428
164 224
151 64
346 223
61 418
254 171
337 445
145 53
398 247
259 299
215 25
115 323
288 337
341 452
94 385
375 110
191 18
15 210
451 158
76 158
419 241
2 12
76 355
76 83
225 285
81 97
10 95
196 363
157 155
374 297
21 346
220 94
156 334
55 310
76 360
424 59
360 24
189 136
177 189
143 285
293 246
174 94
207 386
285 69
242 20
230 138
372 447
436 460
423 359
108 81
346 59
388 484
9 106
1 6
439 242
38 434
336 317
53 3
332 326
377 319
427 478
5 129
472 175
174 353
285 345
72 236
103 345
162 243
166 150
81 262
300 351
396 72
449 283
473 150
80 21
124 462
196 471
244 425
165 93
224 442
474 145
364 303
68 435
148 249
19 440
453 432
199 464
355 284
11 197
292 410
111 395
96 225
349 417
481 213
312 57
296 12
373 349
67 240
264 449
122 42
414 455
141 451
392 43
305 56
30 460
13 376
9 7
163 268
346 286
392 340
111 413
65 46
440 416
182 396
85 62
33 38
319 51
11 245
367 32
462 433
238 445
406 236
11 210
257 70
229 257
411 254
201 12
196 201
324 452
421 361
169 338
427 268
344 170
376 378
131 463
400 61
54 328
41 332
326 457
399 472
201 192
315 169
200 217
161 342
396 148
151 182
439 200
427 405
38 171
155 220
262 6
400 14
442 322
87 214
412 284
275 204
264 2
377 356
437 293
134 406
416 307
358 303
212 133
30 397
194 114
351 228
404 330
294 227
294 132
180 39
28 434
417 344
300 344
356 96
65 307
181 147
180 388
20 470
48 297
4 307
83 95
442 241
210 362
35 207
209 89
73 174
433 126
326 103
319 40
90 437
240 321
469 402
353 435
421 482
48 124
327 121
420 107
317 329
49 210
274 322
9 90
150 460
271 188
31 456
355 17
90 16
119 322
380 30
36 228
396 153
265 360
102 354
450 483
6 424
199 376
242 208
253 240
254 80
97 52
1 131
353 32
447 57
472 448
394 308
297 75
168 16
197 259
99 462
88 148
298 446
361 66
333 212
450 447
233 190
392 257
44 69
411 273
402 407
23 388
101 373
319 115
362 32
381 187
51 446
258 463
361 22
266 365
431 219
396 85
296 395
1 103
436 171
481 352
389 469
432 174
462 446
135 189
58 65
455 139
340 273
468 120
136 249
161 286
344 445
315 29
3 36
36 123
431 359
353 82
399 39
383 37
11 80
237 18
479 417
62 315
281 121
414 441
371 79
351 419
419 340
310 206
25 480
269 84
448 404
44 202
359 8
125 82
395 426
266 179
266 74
415 178
379 237
179 245
287 171
121 43
456 129
190 64
101 449
122 254
326 107
347 114
261 20
70 268
477 348
322 161
456 433
113 259
263 11
280 345
219 440
98 335
429 450
471 461
370 254
68 238
301 141
82 431
44 201
256 450
444 475
462 350
83 188
3 466
166 253
122 295
57 141
365 335
194 296
396 191
299 208
221 288
350 288
166 147
215 297
107 41
418 327
83 183
475 66
216 408
111 419
397 286
473 408
177 116
289 124
415 47
73 334
434 137
365 194
429 254
374 127
122 92
146 89
340 211
267 276
326 442
422 274
251 39
433 266
276 1
330 297
448 324
83 75
415 94
428 137
431 227
260 251
59 133
296 389
31 188
156 265
404 218
463 21
444 128
161 372
291 139
390 260
58 389
249 479
427 188
331 160
163 280
120 269
197 441
28 143
316 200
346 50
305 337
109 371
121 139
390 249
116 206
485 53
172 438
247 24
160 42
247 483
414 205
199 294
47 70
226 419
356 12
97 87
472 333
125 67
403 129
242 318
341 479
336 31
376 447
343 462
96 26
77 241
203 159
87 320
162 354
388 258
302 235
245 119
124 205
164 360
182 454
161 460
374 253
82 309
270 449
376 372
418 291
152 248
480 325
75 282
253 137
346 148
430 280
228 345
174 218
292 78
317 311
227 137
19 174
64 141
379 169
448 23
90 327
369 148
354 14
37 279
11 305
30 104
377 208
92 386
37 431
300 6
311 331
100 275
68 163
116 477
30 16
376 351
242 98
304 412
422 438
386 75
415 454
463 326
212 351
392 464
390 51
26 220
378 412
457 253
304 10
130 464
268 279
469 292
237 136
13 90
262 107
326 262
80 398
482 269
138 441
423 193
378 251
300 44
202 203
43 312
109 207
295 8
193 336
220 253
428 260
20 204
182 144
111 271
271 15
95 473
386 268
31 394
61 451
353 344
444 268
374 398
456 391
457 441
210 7
231 178
231 345
416 376
484 277
127 1
459 359
250 445
178 372
423 221
28 283
208 342
456 47
184 454
432 286
134 361
200 25
203 312
174 10
242 429
170 402
476 122
8 250
481 252
321 262
384 251
287 467
256 173
99 439
156 369
160 49
456 262
178 394
314 186
13 446
471 337
195 261
42 309
91 255
413 275
255 228
387 413
13 425
54 318
360 117
245 458
290 32
5 428
98 46
118 279
130 382
64 239
227 167
144 400
278 454
279 229
476 243
123 398
102 433
140 475
98 275
37 452
325 211
57 104
303 445
307 165
466 424
200 459
379 346
87 128
22 273
161 195
153 175
74 110
207 422
153 277
324 354
192 472
434 67
329 230
270 350
40 267
247 19
225 98
372 329
297 78
407 470
350 343
116 388
355 73
392 477
17 156
49 358
38 478
335 445
397 25
26 399
418 295
292 65
234 357
237 431
335 156
40 72
70 472
135 310
80 208
172 335
71 287
137 345
402 110
446 322
51 130
138 47
200 297
17 391
45 250
378 266
86 13
138 409
483 328
47 58
157 383
54 108
350 65
334 105
318 13
168 365
106 281
366 381
46 475
366 22
86 106
197 258
174 400
42 461
473 26
36 179
216 183
348 237
450 376
175 345
190 471
165 121
74 63
335 451
282 280
215 118
252 459
175 214
425 328
474 155
363 456
11 354
30 478
201 349
200 150
129 159
324 177
203 446
465 238
271 323
406 407
405 378
339 467
333 70
29 118
124 108
296 424
141 231
401 3
422 315
87 234
364 212
445 402
83 113
248 97
239 126
345 157
164 72
91 463
43 91
284 446
404 264
204 245
402 318
31 231
93 55
348 84
444 451
374 14
311 211
170 406
284 95
405 195
402 45
125 93
348 465
402 56
454 267
196 25
303 147
194 219
380 112
37 451
412 32
302 133
477 256
274 167
369 30
360 455
62 255
217 145
364 179
321 184
405 447
254 180
450 377
297 218
100 296
32 480
475 439
421 80
385 442
231 60
395 150
19 252
188 89
196 172
476 356
429 367
130 360
392 425
434 345
201 282
125 437
434 422
136 420
118 477
194 356
317 132
23 54
77 318
418 240
169 346
449 120
386 463
227 439
309 83
169 118
483 284
112 359
230 393
484 422
455 268
289 434
439 271
308 25
2 32
21 479
424 482
239 131
240 450
317 344
304 160
9 44
186 249
319 331
199 373
172 356
9 176
98 421
256 217
122 333
276 235
282 452
234 425
127 413
432 440
51 98
162 465
482 262
433 452
467 385
180 124
128 405
303 243
418 244
88 241
309 138
349 208
217 117
26 19
299 388
77 348
228 15
25 150
1 261
51 229
117 270
112 286
297 52
340 65
252 228
160 450
280 316
385 460
349 404
40 145
304 380
320 399
194 340
225 227
40 99
82 133
73 371
452 66
171 394
108 183
45 231
322 272
191 422
213 202
413 254
59 364
187 437
395 53
132 47
458 86
12 180
260 396
463 436
359 292
70 411
419 328
381 90
465 248
207 277
159 133
277 441
108 356
166 41
323 458
101 214
246 107
374 397
185 467
368 170
11 261
16 390
198 443
183 6
427 55
53 240
154 456
60 336
2 189
376 98
278 434
294 238
314 419
396 210
455 391
96 428
50 189
116 298
166 289
464 42
122 366
120 171
284 120
164 169
97 399
278 24
268 370
134 19
22 243
329 415
477 17
75 361
291 117
240 232
364 76
264 98
207 144
468 88
292 247
480 322
371 375
336 320
328 480
321 308
40 435
399 440
328 36
376 479
149 95
323 164
237 239
258 75
184 426
293 469
60 157
354 139
138 249
121 290
272 394
187 236
79 318
343 73
120 351
82 379
408 367
343 217
268 254
26 452
69 386
188 482
17 340
462 80
85 23
464 177
97 117
393 116
29 264
398 129
78 223
467 188
285 382
300 349
182 74
191 157
472 123
96 159
449 199
123 429
419 218
311 19
415 285
237 386
398 451
203 480
13 245
83 271
417 325
61 154
293 208
453 125
152 143
151 18
130 345
172 308
326 207
36 453
265 175
205 288
415 330
223 485
404 381
172 78
419 164
21 371
458 466
82 160
65 10
422 22
354 323
236 413
270 64
395 157
308 278
260 137
302 172
348 400
93 401
255 142
27 354
26 206
460 481
213 385
31 398
483 440
122 445
258 168
18 409
100 300
280 418
134 367
62 210
355 238
348 446
144 427
384 181
377 253
144 273
329 342
460 179
427 254
168 297
289 318
367 137
388 196
287 415
192 282
387 384
173 402
255 63
415 72
115 229
51 306
19 414
443 230
26 159
388 46
67 127
120 339
176 444
65 22
17 71
116 466
427 177
274 228
372 379
199 188
439 443
7 341
409 123
56 329
161 60
280 436
142 264
337 416
184 122
206 399
79 112
56 316
395 256
322 185
428 353
312 149
243 308
46 45
223 152
431 116
91 418
58 118
332 475
90 475
98 325
202 22
310 17
407 231
373 49
178 54
106 306
436 219
150 108
37 101
393 218
338 160
247 461
13 223
225 133
299 216
241 199
136 105
347 294
272 114
420 106
104 123
287 314
215 36
366 48
268 174
358 245
333 164
305 259
408 53
353 424
192 143
156 307
310 295
33 125
160 308
32 210
12 412
384 36
100 366
247 333
426 71
62 393
314 80
85 295
242 198
227 378
394 430
340 125
39 476
432 262
167 426
231 477
64 133
361 446
101 220
239 275
74 267
177 45
307 424
145 461
116 44
211 203
166 300
165 14
98 32
28 43
200 385
306 103
465 293
478 184
216 185
129 287
64 296
239 200
420 349
170 16
469 295
363 55
164 151
316 90
50 218
429 366
179 399
204 187
161 466
386 26
81 199
439 454
243 429
362 156
392 276
337 220
108 213
437 409
189 111
206 414
35 73
144 124
61 14
165 60
120 308
49 281
156 438
483 264
120 121
363 271
284 182
195 289
96 446
441 191
81 82
106 372
447 129
185 120
122 459
112 267
403 156
328 102
51 425
284 428
450 177
306 20
55 7
137 47
148 179
10 117
470 360
8 40
178 376
228 154
147 39
163 138
72 70
425 223
28 278
372 136
388 14
260 73
409 125
386 161
127 206
415 482
293 396
474 175
26 80
220 66
30 75
119 395
351 242
323 299
136 194
307 110
283 335
397 463
485 88
469 381
103 415
459 461
261 275
166 35
417 1
313 408
141 291
206 480
354 178
184 139
191 483
340 73
301 62
416 377
242 165
27 359
70 394
37 293
93 430
382 295
349 157
213 130
169 268
359 42
357 205
284 440
377 126
22 285
110 333
341 360
440 481
58 342
83 318
51 311
231 71
218 221
59 12
38 414
103 30
141 334
138 12
468 253
219 385
426 47
157 29
307 127
480 92
268 428
198 221
473 213
111 142
400 50
165 199
26 425
150 28
121 433
221 177
374 136
302 476
328 442
182 112
368 75
106 292
314 349
340 250
472 349
67 350
227 334
324 35
467 257
151 12
36 390
188 13
167 409
427 363
283 165
319 250
382 244
380 334
336 366
17 79
88 247
196 47
423 139
364 22
247 478
362 334
109 392
479 321
54 70
7 218
230 263
107 338
340 458
88 68
354 189
262 328
105 365
161 54
453 145
166 200
100 200
81 423
483 84
442 124
362 254
236 429
353 104
398 429
355 72
435 433
192 334
52 133
219 214
325 441
229 227
435 66
268 55
254 139
467 363
352 361
402 439
323 1
86 283
183 472
375 342
211 405
296 226
77 102
405 48
28 446
8 227
216 271
108 408
278 113
145 409
247 415
477 177
43 36
470 451
59 362
157 65
172 144
461 381
311 376
402 313
110 346
116 263
273 276
46 158
87 162
333 360
100 81
370 158
137 89
285 144
361 445
467 430
374 25
124 369
87 174
468 66
298 434
44 402
39 41
412 128
477 421
165 221
476 58
327 470
153 164
247 268
359 246
162 322
8 223
350 162
41 458
301 242
391 113
44 337
303 362
95 365
457 312
440 348
418 168
264 370
457 437
31 361
460 186
428 210
267 469
260 95
248 237
325 208
214 471
450 300
176 455
35 300
112 418
11 9
307 107
299 163
308 448
308 485
416 343
36 236
259 31
115 454
182 23
156 69
282 246
440 263
1 140
329 272
374 328
194 158
351 293
73 187
237 423
48 223
126 431
418 338
152 183
323 270
394 415
412 162
366 142
230 210
257 391
238 237
76 320
460 8
297 25
58 402
258 252
324 278
334 324
229 164
195 385
94 11
187 131
328 447
94 148
379 144
64 251
97 342
220 196
211 126
412 342
26 144
13 367
38 307
416 193
136 348
351 51
55 159
213 390
144 156
74 282
103 398
368 331
174 286
247 386
249 370
387 258
254 33
181 266
261 160
130 165
390 335
427 453
178 428
23 178
381 466
364 353
179 205
438 253
129 467
281 427
110 462
244 74
379 117
296 72
256 275
79 161
148 124
224 335
305 355
287 249
364 222
25 168
422 47
86 1
272 111
111 265
89 266
343 359
322 126
91 138
345 391
485 462
396 128
306 269
284 45
83 160
131 466
188 459
443 451
111 370
422 234
123 324
56 403
73 467
324 246
58 168
105 149
485 267
158 314
68 374
58 87
168 344
263 473
380 203
296 169
282 42
44 441
477 268
100 149
317 92
345 297
324 7
339 355
153 49
304 434
192 152
290 448
280 429
111 470
454 397
122 134
331 422
162 436
282 430
476 442
407 199
159 398
28 12
170 84
276 371
364 400
158 59
454 146
181 426
299 473
296 418
83 149
357 51
372 86
119 75
398 353
230 406
358 271
102 148
2 434
325 181
172 168
310 466
67 64
95 305
146 481
207 296
407 248
101 229
250 430
3 326
294 153
164 138
466 172
467 314
234 383
270 207
260 294
66 275
207 377
353 150
393 378
368 410
254 278
385 418
53 332
13 153
146 230
137 156
240 353
296 149
414 397
281 83
145 114
168 312
172 424
181 264
333 52
127 267
64 341
151 409
404 299
95 374
398 4
167 171
315 249
231 276
184 204
147 219
443 24
154 240
101 73
456 66
73 269
267 413
363 3
80 147
372 58
132 483
97 378
34 45
77 376
195 478
413 483
475 115
297 182
111 449
481 205
227 165
354 63
279 265
376 400
190 319
472 249
401 256
201 7
277 424
130 393
16 217
359 96
372 434
472 124
249 446
372 341
140 38
339 352
281 433
209 431
170 30
39 78
142 280
281 82
171 24
403 204
365 236
469 463
272 372
64 437
95 435
39 373
437 264
233 68
342 469
19 243
71 210
444 398
168 385
41 146
236 347
449 435
299 412
171 8
229 278
236 303
144 215
269 155
236 27
120 369
319 399
420 164
11 376
299 36
103 305
258 373
147 217
174 359
404 110
112 413
409 354
265 226
105 394
299 231
187 133
304 370
15 252
135 307
221 449
442 153
307 435
150 10
13 25
216 383
32 298
202 402
447 210
218 212
270 369
415 152
433 342
276 326
162 310
113 472
372 129
196 18
431 456
49 383
412 219
69 286
335 339
43 42
148 449
406 451
482 206
219 149
63 182
177 343
347 382
161 354
306 251
442 269
154 473
210 245
366 262
53 168
177 5
421 320
481 237
434 121
262 100
146 462
182 124
253 72
478 436
146 35
457 315
191 258
311 275
61 196
321 116
466 356
6 60
270 53
466 78
144 154
182 261
224 148
40 397
11 188
322 305
481 51
151 90
81 71
359 406
194 106
316 42
132 73
383 335
251 226
451 214
149 300
311 121
7 177
322 438
358 262
255 294
134 460
136 222
391 192
365 214
332 342
163 252
32 384
375 390
62 42
55 465
135 233
435 335
421 103
418 245
41 318
8 175
75 1
122 249
449 219
456 284
175 444
274 275
351 395
397 385
485 238
298 261
451 397
12 233
51 288
217 238
448 199
214 258
304 146
330 295
454 50
119 155
412 398
298 297
239 408
333 81
212 31
6 212
119 181
186 205
363 479
59 359
355 304
339 53
37 193
294 426
128 313
193 321
54 439
22 142
310 382
341 327
204 144
349 203
443 358
33 299
443 42
283 151
213 153
320 385
141 8
56 321
446 27
35 84
198 222
78 218
483 30
317 71
174 148
238 397
221 463
359 330
70 375
266 311
195 396
315 449
11 251
317 388
82 191
153 66
282 227
164 421
176 399
106 408
253 282
429 178
78 336
386 425
193 167
249 437
470 84
453 42
114 373
413 266
369 295
29 178
232 468
16 458
398 443
281 445
32 101
113 43
168 120
252 189
37 216
234 215
272 290
475 118
23 109
357 43
53 433
229 319
120 105
8 151
27 49
233 414
337 141
144 395
76 380
482 108
117 418
272 289
230 401
481 161
163 421
235 31
420 214
283 406
22 475
415 90
351 178
7 466
343 193
143 54
123 93
139 317
178 367
31 117
225 202
226 348
384 193
102 240
438 245
117 52
346 47
301 290
166 141
352 259
244 369
20 459
372 211
179 281
186 271
103 360
425 371
36 457
70 141
277 334
122 237
153 383
70 95
342 313
338 241
250 67
323 441
122 21
319 113
203 253
56 54
336 79
112 419
414 426
23 308
59 368
4 208
134 226
359 155
387 55
101 424
479 424
317 215
360 342
458 252
366 45
445 73
409 247
451 331
140 345
242 409
160 21
323 344
113 425
186 114
209 167
61 148
476 61
430 361
132 107
126 317
307 203
301 83
151 224
387 284
404 444
137 64
470 387
453 362
115 223
95 391
237 234
353 426
96 150
384 5
213 351
461 364
454 259
237 334
354 388
444 114
129 245
72 441
269 22
250 428
177 351
441 340
477 212
445 86
127 126
50 404
365 2
425 201
414 189
257 35
15 401
47 364
257 418
343 450
123 125
338 397
51 97
14 289
179 190
316 254
463 395
411 76
231 203
268 179
300 115
56 153
120 303
48 334
229 471
304 436
47 359
301 43
232 94
42 447
132 175
208 92
218 176
159 85
449 48
152 160
18 312
57 242
344 286
15 297
200 479
230 357
350 429
22 128
102 231
198 201
477 132
474 446
54 174
127 235
21 159
236 147
343 112
343 386
439 259
218 273
169 297
83 159
327 17
84 480
322 280
454 433
140 407
234 439
425 122
162 245
85 477
221 46
215 339
69 280
392 247
81 300
217 251
265 388
27 243
435 170
187 415
381 474
144 7
320 64
401 208
238 226
440 442
347 135
460 133
284 397
389 421
428 467
431 340
388 315
227 264
55 215
23 200
105 247
38 305
275 317
346 326
104 400
260 86
207 133
178 58
261 300
145 42
169 249
185 272
42 240
130 172
409 120
143 224
208 443
221 277
296 258
381 74
336 432
186 89
473 322
183 376
433 355
310 23
459 281
26 121
154 320
347 426
83 51
136 97
267 170
51 476
427 101
389 27
474 401
284 117
118 236
445 9
440 400
296 291
474 217
202 115
169 248
296 440
305 357
157 451
93 119
440 426
479 447
228 383
300 48
471 375
60 14
446 152
404 266
83 378
196 239
416 353
120 299
66 38
141 238
442 368
409 400
347 271
14 253
45 36
91 286
213 451
281 311
162 363
20 216
409 35
246 171
235 421
416 239
440 24
54 203
244 41
346 294
283 81
301 192
12 292
6 391
456 426
392 375
371 356
296 239
202 390
471 260
74 123
239 479
393 458
23 309
426 417
322 389
297 113
106 440
234 277
255 203
94 302
348 383
245 308
157 472
120 30
415 98
205 123
2 105
479 287
419 36
333 283
67 203
86 148
260 211
476 376
66 106
342 127
75 191
464 398
10 467
124 405
114 421
458 337
402 243
154 439
221 217
266 109
328 218
140 309
341 143
454 7
378 73
201 232
286 232
225 328
393 88
473 53
124 460
8 131
301 480
365 256
262 110
83 307
216 454
352 2
465 476
218 84
439 431
21 483
245 298
297 256
98 318
182 478
129 43
271 49
141 468
405 94
337 162
406 38
107 470
481 150
399 118
1 28
191 160
164 285
67 142
474 441
425 146
317 477
329 202
415 355
481 133
77 445
436 307
420 417
15 277
279 208
213 233
286 254
408 467
483 344
343 444
308 433
319 123
452 252
165 211
452 410
98 477
332 324
476 252
26 130
45 414
161 387
402 226
469 240
2 76
190 363
98 261
475 219
262 402
471 113
437 312
332 67
221 431
475 413
15 307
121 226
195 56
358 117
471 347
198 364
283 154
197 114
105 471
304 110
10 173
93 310
193 388
88 83
209 46
109 139
398 418
245 459
415 172
215 138
244 381
336 425
85 424
140 175
431 326
241 35
99 350
154 263
437 133
367 25
41 12
253 160
288 233
260 352
64 275
170 295
414 159
316 355
339 21
30 187
122 40
259 5
73 119
47 151
51 381
451 400
462 260
195 51
110 65
412 410
132 372
401 310
349 287
85 261
90 201
280 348
270 89
328 398
260 369
343 190
449 243
235 190
132 266
330 98
338 481
341 337
380 251
173 27
369 61
474 335
306 196
266 209
196 74
330 223
280 314
131 365
251 331
90 484
382 123
56 340
188 125
111 79
150 212
424 394
417 126
319 359
18 421
55 105
157 364
279 430
111 28
229 445
361 230
272 220
166 102
30 19
367 85
358 273
419 415
167 331
91 289
146 459
98 123
356 419
202 17
452 436
294 81
339 11
297 412
316 346
473 485
211 326
296 303
271 456
397 309
301 80
405 319
153 61
391 408
240 29
484 267
312 100
123 54
316 385
180 355
59 479
453 478
434 410
262 466
235 268
431 263
346 40
411 24
465 266
257 453
12 200
174 455
288 436
343 464
53 268
97 184
107 484
96 279
91 15
196 307
28 285
349 244
27 227
222 372
421 383
331 196
356 475
296 313
152 173
299 81
450 271
252 424
217 176
11 178
196 469
32 316
108 38
224 126
87 288
456 23
211 175
94 86
54 440
46 227
70 7
201 446
140 188
403 43
23 216
285 220
176 101
98 368
422 423
83 398
180 412
259 46
465 273
297 300
106 140
395 240
455 382
282 30
327 145
424 321
238 181
55 479
91 309
270 257
442 222
299 313
350 408
278 287
27 351
195 169
76 186
181 95
292 100
137 87
130 18
402 41
323 336
27 481
364 442
23 108
477 18
237 150
93 58
34 4
58 222
162 262
162 39
166 344
168 2
133 280
48 161
389 384
373 246
361 478
55 481
377 352
142 200
1 354
40 361
358 330
33 106
444 471
448 459
360 204
364 258
74 395
38 372
77 85
181 359
359 110
203 166
325 350
379 69
361 472
66 100
394 377
61 328
212 102
297 58
265 263
457 119
27 157
51 291
236 63
190 124
185 425
131 60
397 241
132 241
353 106
150 131
452 218
84 24
11 168
362 12
383 320
459 71
359 460
346 403
357 130
483 234
400 38
287 1
7 130
269 123
125 367
149 428
209 115
83 312
172 365
397 232
6 321
346 311
280 437
446 109
469 257
63 199
201 386
246 348
279 399
119 195
92 111
308 436
415 75
249 331
7 87
226 437
2 201
434 414
281 414
255 286
217 20
232 336
459 325
55 116
353 291
455 36
277 163
112 275
441 5
167 351
292 307
318 401
270 208
16 2
452 4
14 453
307 22
6 15
220 114
293 221
97 18
274 370
305 400
450 88
240 327
270 160
283 347
264 119
435 180
429 217
146 458
217 234
338 437
30 153
347 112
96 49
159 215
207 274
288 120
242 378
437 246
235 103
7 145
95 105
433 337
161 136
94 274
208 478
295 287
362 175
413 134
258 306
8 381
37 117
254 138
332 201
377 128
388 337
348 398
123 407
270 86
475 284
60 347
58 54
332 239
198 302
35 148
475 369
299 446
430 38
354 454
194 131
77 145
131 167
465 115
229 124
375 353
475 144
318 445
162 345
274 168
158 305
450 216
255 112
136 333
240 312
155 50
212 303
292 315
374 260
371 268
150 286
233 143
276 398
375 382
171 288
313 78
401 261
480 102
97 391
4 420
4 267
19 283
176 390
307 278
456 466
110 142
335 138
265 445
146 372
266 482
228 470
199 95
303 239
287 203
132 259
344 453
213 210
167 179
426 311
282 305
441 61
152 117
343 278
311 53
110 50
53 90
16 60
324 272
324 78
363 263
337 107
398 424
245 355
126 325
443 139
317 416
211 226
471 243
328 340
172 193
405 287
224 455
37 350
459 285
389 480
160 460
408 88
412 190
276 70
145 292
185 447
311 484
471 174
202 187
20 361
60 425
195 25
58 88
426 102
294 65
458 124
128 249
289 130
229 121
5 434
11 124
339 255
438 396
234 475
196 204
455 119
336 422
266 243
333 291
384 78
116 256
81 135
52 140
108 62
269 14
218 201
258 90
435 339
367 7
89 159
134 69
338 456
431 262
93 418
157 278
219 225
56 5
29 397
7 83
313 28
118 383
370 76
260 293
420 351
405 472
272 194
405 215
110 176
297 67
281 307
191 250
13 433
388 214
237 358
423 363
29 112
39 420
474 442
337 38
390 470
214 415
224 434
392 88
468 402
129 264
376 34
255 483
446 426
82 290
132 206
218 153
358 341
347 15
12 53
185 158
63 461
313 436
467 405
258 298
469 86
83 90
390 472
200 415
377 139
237 323
41 235
254 449
135 127
365 63
194 152
235 482
125 349
71 393
43 221
325 24
40 134
240 50
477 129
134 155
342 170
363 397
25 162
386 31
150 214
96 32
140 63
36 11
378 78
306 225
191 419
246 157
403 343
209 237
23 265
332 19
56 454
30 368
61 342
376 434
225 432
11 431
430 390
481 251
66 283
266 219
476 336
438 445
237 338
95 437
460 43
24 345
99 398
371 335
343 471
29 213
199 247
296 358
255 11
434 316
66 68
298 411
351 238
300 83
376 365
20 345
357 40
206 71
175 416
235 93
138 410
95 481
16 358
482 451
322 337
447 288
132 359
29 74
426 249
359 479
230 395
76 444
288 263
368 71
5 29
341 415
119 442
360 209
178 113
24 127
431 310
61 261
2 426
88 462
168 44
158 73
92 21
473 132
322 348
326 456
350 54
189 147
95 294
401 149
37 2
222 319
348 376
101 277
68 393
316 368
296 236
235 378
300 288
70 346
59 86
287 122
157 327
397 302
194 199
421 24
336 197
130 1
423 77
80 171
226 289
209 452
110 468
94 401
63 454
391 378
135 176
410 290
341 100
288 96
62 405
341 133
267 247
63 252
303 436
289 354
198 58
51 33
143 157
97 58
77 64
215 169
239 276
265 431
264 371
60 205
477 390
288 406
457 4
7 278
172 203
216 123
27 483
245 121
81 144
460 308
126 193
158 83
313 312
179 431
129 442
462 217
316 436
152 471
206 186
288 474
351 117
419 454
98 256
22 313
411 280
405 21
165 183
199 268
258 231
244 239
207 175
163 196
273 275
449 255
23 437
409 298
62 69
313 96
97 371
214 369
281 399
464 141
72 457
302 263
206 263
426 450
231 478
483 69
406 428
418 264
58 82
155 102
222 118
49 129
124 439
150 139
423 394
310 138
255 196
41 384
342 439
418 364
464 324
392 183
138 174
170 464
233 291
322 409
234 443
311 224
399 98
273 317
309 416
263 448
309 359
121 16
295 411
23 419
475 247
117 123
424 440
350 49
62 298
229 268
455 245
102 24
134 372
274 234
305 219
16 34
294 223
345 334
157 74
297 117
297 332
315 254
342 252
147 285
381 332
269 338
157 473
379 281
60 479
170 434
102 453
218 197
114 435
414 304
327 460
412 233
291 413
187 426
188 62
173 270
118 68
318 213
418 138
208 219
289 121
179 447
177 164
430 421
265 68
259 451
247 33
306 440
7 14
297 201
450 225
381 268
207 285
150 162
371 270
478 412
405 205
46 362
141 387
41 485
330 136
276 423
129 309
67 180
443 79
128 82
391 361
319 124
241 285
144 198
339 222
191 383
134 95
358 143
373 354
271 469
267 156
317 93
148 288
262 68
408 388
356 183
279 355
381 96
347 396
344 428
162 95
146 473
278 46
395 151
146 394
137 468
27 182
295 289
442 147
371 50
295 120
250 420
390 437
64 279
122 104
71 42
390 460
64 428
387 429
131 433
371 13
256 101
255 308
341 416
69 405
87 193
137 198
84 201
463 474
183 26
284 173
447 183
310 94
114 417
325 161
345 288
395 393
33 339
147 346
158 18
268 139
324 118
302 251
286 419
48 111
415 284
303 379
426 20
420 225
146 449
150 398
36 460
297 121
67 134
213 432
182 110
88 174
125 30
104 109
47 11
205 350
379 294
95 183
299 175
103 484
457 407
274 357
293 323
189 443
310 414
9 253
34 231
319 236
243 133
402 372
377 237
148 25
311 379
382 211
239 391
469 467
330 331
8 83
339 262
421 217
242 110
198 146
348 183
449 441
393 211
397 198
342 319
286 315
383 93
169 439
392 156
239 363
257 454
85 354
436 43
341 450
337 275
351 113
122 439
133 306
21 347
244 389
20 185
407 49
184 135
429 371
380 373
25 218
300 333
138 235
205 264
471 320
326 343
16 231
25 93
457 394
2 106
180 75
472 194
13 59
72 61
194 287
266 368
127 390
351 168
463 236
459 205
197 71
386 328
97 57
111 201
128 173
3 100
150 274
112 90
145 220
75 124
230 66
225 194
34 29
188 310
106 468
85 29
483 13
180 207
365 103
102 134
287 285
404 247
113 397
131 337
162 134
134 379
155 367
354 117
74 147
194 188
378 295
433 200
150 118
97 89
391 115
216 135
147 443
123 260
31 376
131 279
105 428
333 412
133 477
185 175
231 85
274 456
89 61
103 133
328 397
108 267
161 313
66 302
149 368
462 247
437 134
179 133
409 340
398 411
197 39
296 62
202 128
20 469
170 134
326 440
120 203
320 445
438 479
121 243
445 90
81 221
361 72
188 248
333 41
479 57
289 431
385 37
102 94
216 464
229 230
309 58
223 451
131 235
253 184
427 424
393 483
42 15
37 72
342 400
107 432
242 275
150 319
124 266
16 10
411 207
133 379
37 459
50 260
245 362
18 295
312 167
43 478
205 116
465 337
445 373
392 402
201 209
71 22
90 477
434 149
267 200
78 288
412 418
66 315
165 373
282 422
244 97
99 54
474 10
368 88
269 448
453 165
382 173
359 465
211 362
270 184
400 362
119 194
171 28
178 88
157 233
24 359
316 188
291 449
193 123
410 5
263 105
61 396
195 105
269 286
472 304
77 375
90 248
393 260
347 269
42 386
401 26
311 388
235 273
225 281
102 185
444 182
104 230
263 435
140 478
139 18
270 445
306 184
407 258
39 267
177 334
464 295
185 164
209 98
484 426
218 333
153 406
387 350
232 112
381 52
287 300
205 419
420 82
442 443
481 10
203 15
90 449
185 201
39 281
334 449
327 280
29 272
420 237
454 293
254 219
441 456
485 317
335 182
254 458
476 134
124 41
78 49
417 175
134 176
251 239
485 351
252 168
11 462
302 462
340 475
22 224
244 359
391 100
360 468
287 441
51 179
153 62
390 365
275 383
360 148
179 195
382 129
329 263
403 218
333 327
246 476
288 456
329 91
34 262
430 400
345 3
8 274
359 382
191 15
197 204
347 230
436 67
167 130
128 343
362 322
39 364
200 281
419 38
336 453
353 10
470 464
236 309
206 66
400 156
468 144
477 43
207 409
300 119
15 376
210 102
94 365
481 47
213 283
287 447
408 136
290 349
101 322
163 48
262 224
4 250
184 296
453 326
411 4
166 93
186 164
384 100
208 398
360 26
161 280
82 252
117 126
33 320
473 333
353 305
286 76
120 206
377 247
307 404
203 158
262 106
47 423
202 184
418 467
395 215
365 250
417 254
164 309
240 281
170 75
433 212
109 408
107 291
472 213
400 387
339 108
252 471
206 129
204 189
237 426
113 70
58 232
50 453
163 148
266 29
77 420
369 479
155 64
260 416
351 33
199 73
307 112
34 386
248 194
42 21
162 191
96 433
197 299
348 200
188 409
383 84
73 41
378 117
183 224
299 57
119 17
358 20
337 100
454 309
172 398
113 285
100 315
128 401
300 374
222 274
458 370
335 80
218 408
204 438
5 245
255 391
258 470
57 6
10 418
462 476
465 120
261 13
273 428
212 74
246 47
395 359
50 153
127 442
405 141
235 368
112 250
376 246
449 442
388 216
471 470
287 391
237 350
115 330
376 107
476 472
107 19
76 424
134 328
250 165
37 166
187 128
352 441
379 87
247 481
295 400
234 449
331 156
239 309
155 7
385 265
115 452
218 47
194 70
69 368
306 34
74 432
206 115
394 322
350 357
339 316
26 294
268 406
406 468
454 365
39 100
344 295
231 413
73 108
425 163
104 349
340 36
288 210
115 249
474 156
102 411
303 383
5 340
475 85
225 226
311 248
476 79
110 141
10 311
132 340
27 224
207 445
391 51
424 327
44 66
18 213
309 478
182 142
342 310
357 57
338 202
345 451
58 284
483 87
25 114
54 14
347 186
359 364
427 8
53 363
120 102
138 194
406 94
481 227
108 136
174 235
198 139
225 373
88 227
374 159
452 276
364 266
91 139
73 267
312 112
36 257
429 103
356 128
138 33
18 386
269 241
125 394
260 364
83 124
356 395
445 246
415 184
330 8
262 420
480 174
382 57
20 188
38 351
337 70
3 122
60 237
283 50
144 484
229 234
312 211
339 301
435 155
238 154
124 461
52 484
396 473
187 249
66 109
176 193
125 155
462 89
208 462
5 438
465 133
82 150
358 308
268 433
144 83
25 112
380 457
64 314
84 338
74 284
384 243
179 319
374 373
417 297
26 95
277 444
228 109
17 418
355 193
344 5
154 115
381 50
397 89
450 417
96 240
402 189
76 369
385 412
57 159
79 460
445 83
101 467
336 431
69 307
432 396
185 290
417 288
410 319
305 201
317 383
266 387
461 371
117 120
303 334
387 105
348 445
443 396
23 5
100 399
356 334
246 442
272 381
334 193
445 367
20 391
421 255
267 152
401 51
451 247
284 422
157 64
419 363
186 138
244 162
67 342
210 237
381 387
442 389
400 454
203 314
363 331
416 342
322 146
166 396
222 315
16 340
121 356
179 26
365 224
256 331
423 381
272 132
356 151
456 168
63 310
57 396
449 257
474 449
373 452
387 225
404 135
255 323
452 172
485 121
283 375
380 60
132 85
440 290
308 182
257 339
