140 6498
38 96
55 96
96 21
61 113
87 132
82 100
66 111
9 20
23 130
74 26
42 4
19 24
135 24
69 115
11 37
94 98
80 53
127 32
19 31
118 45
107 109
113 136
7 113
54 79
53 112
134 63
5 89
103 40
39 115
10 5
80 16
30 9
8 3
121 130
59 83
15 120
57 2
8 102
19 17
2 17
69 30
114 12
53 77
114 2
56 102
101 45
40 11
123 102
106 127
96 119
90 138
84 13
104 109
118 57
68 119
126 92
10 108
17 12
95 61
39 73
51 82
111 60
94 10
2 53
87 19
105 34
77 27
110 85
123 128
25 111
86 55
27 82
37 127
54 70
62 4
71 123
20 63
22 81
103 61
63 104
69 72
17 137
131 40
49 9
26 55
2 51
91 31
87 115
20 35
42 49
7 13
98 46
118 6
92 109
78 88
21 121
28 85
133 20
91 79
80 102
18 67
62 65
131 92
112 38
7 124
63 115
69 11
47 128
47 56
123 81
115 20
16 72
39 47
8 40
125 66
76 54
89 94
32 29
90 134
24 61
83 76
103 112
88 121
16 25
68 7
19 134
44 18
27 128
19 116
10 105
118 16
27 104
9 105
105 116
10 91
67 53
133 140
56 106
36 131
24 127
100 61
118 37
88 112
123 78
3 37
86 29
35 80
37 108
108 44
10 1
1 49
26 75
41 24
109 77
20 28
99 91
89 17
82 72
108 99
8 26
137 32
138 127
58 93
39 45
40 38
102 129
50 42
70 8
17 33
58 88
76 79
102 83
113 103
98 54
121 64
33 45
112 35
82 124
30 78
113 48
72 87
84 7
27 13
110 130
34 137
39 55
28 74
99 124
137 40
6 52
21 10
40 87
96 29
125 105
32 58
5 106
63 101
21 78
15 108
123 20
13 43
91 54
120 71
85 113
119 53
50 25
140 124
7 60
38 129
127 103
19 21
32 39
53 120
78 91
133 78
133 136
13 98
108 125
135 119
64 35
125 127
2 13
48 111
3 101
44 66
97 67
93 83
133 56
139 89
126 12
36 76
138 18
29 12
28 104
117 123
34 67
122 96
9 111
91 77
136 16
83 29
121 135
15 93
116 106
36 118
102 118
16 133
60 136
114 110
22 71
126 69
88 140
137 71
123 119
32 100
131 3
6 46
121 86
37 7
59 12
88 32
115 98
102 70
23 116
39 93
92 100
132 56
94 113
62 54
26 81
91 89
85 67
2 140
25 53
47 37
48 94
127 30
29 89
115 22
1 4
76 67
51 120
97 35
114 41
110 33
40 18
98 12
122 17
133 112
42 25
129 117
50 132
74 70
30 21
121 27
129 37
96 10
127 116
68 91
62 63
108 5
106 18
70 127
60 104
6 123
92 7
117 12
108 68
54 111
85 4
81 91
70 62
57 132
83 87
55 140
10 4
86 52
28 78
88 38
50 63
47 131
83 69
43 102
54 23
41 93
95 127
20 119
64 84
12 40
2 31
45 22
109 113
107 103
120 56
70 25
78 52
100 44
70 67
88 82
2 107
96 16
135 139
17 56
35 7
44 124
74 114
30 25
66 123
20 82
135 83
130 9
38 78
81 88
55 19
6 58
38 16
135 22
28 133
41 63
10 68
123 12
124 97
22 82
48 13
101 85
137 107
126 132
18 76
125 76
131 84
130 6
55 63
14 97
28 33
81 103
132 35
78 37
17 40
52 135
86 107
138 75
56 101
81 3
137 5
79 84
55 113
134 86
28 131
112 70
109 59
1 124
98 76
52 68
92 86
52 94
128 1
95 84
23 40
52 63
98 33
9 35
115 137
132 52
135 99
43 36
8 110
138 112
112 137
23 139
8 54
8 133
135 87
77 103
106 86
95 137
39 76
2 72
78 94
98 61
35 118
121 115
17 121
57 31
64 25
94 118
60 10
56 6
77 133
81 107
92 77
110 82
87 108
12 139
13 89
16 113
55 132
134 126
27 2
98 56
69 87
134 18
124 19
69 27
28 82
1 116
93 84
75 132
130 70
122 41
88 56
61 135
67 10
23 35
132 108
39 98
73 52
99 79
41 28
111 17
50 120
26 29
68 16
26 100
69 54
23 64
103 48
117 85
65 5
96 91
84 106
139 66
18 6
19 126
122 84
47 31
107 134
117 78
114 109
94 8
67 129
98 117
72 26
67 138
64 43
83 78
77 8
37 13
70 117
105 51
112 124
35 82
125 90
106 23
12 53
127 96
19 133
140 15
114 52
28 29
6 71
134 17
98 114
101 89
2 129
29 19
98 11
134 24
38 124
78 109
10 34
86 125
95 45
119 50
122 34
33 51
53 114
66 52
34 71
10 130
67 137
126 27
11 138
23 133
102 130
129 113
102 12
135 106
97 125
37 72
126 56
103 38
118 5
22 125
124 81
39 135
83 42
130 13
1 59
133 99
14 17
13 107
96 73
40 106
6 17
108 105
46 64
73 60
54 67
129 57
109 41
17 83
14 20
12 42
90 105
114 37
34 38
129 23
63 21
79 111
53 66
45 73
81 48
44 82
106 22
105 54
47 95
76 46
96 5
99 44
51 90
126 3
27 48
57 108
67 11
2 91
111 68
41 111
117 54
66 132
106 75
122 71
39 69
45 127
109 101
74 18
50 21
87 58
95 138
115 80
66 28
72 112
11 56
29 93
43 5
19 68
109 99
113 67
100 87
130 89
108 11
127 19
4 140
18 125
96 123
38 121
10 85
44 31
46 19
65 131
95 1
49 62
7 90
50 61
69 57
69 15
19 65
110 13
73 34
102 26
42 77
105 83
64 44
56 115
133 103
32 68
97 77
75 115
84 113
15 62
66 33
125 126
27 14
86 12
80 2
66 72
47 134
86 75
131 102
119 138
2 78
119 126
115 120
59 10
17 107
17 78
1 103
9 6
122 63
127 90
13 62
77 101
132 45
31 63
49 50
110 46
104 117
95 119
72 106
21 15
27 134
83 21
15 85
135 46
24 121
114 32
87 134
36 24
23 93
17 48
103 105
12 93
101 107
104 18
63 135
89 31
135 21
19 13
106 136
16 105
47 138
11 38
34 140
136 96
47 135
123 108
48 110
41 116
26 84
21 93
137 78
63 111
117 72
84 112
138 63
112 90
127 55
95 27
97 15
79 88
129 78
44 87
112 94
8 44
93 110
98 37
81 42
106 125
105 5
118 95
81 15
101 105
33 102
67 72
14 76
5 132
60 94
57 139
44 127
82 38
47 96
108 54
116 94
117 109
121 30
137 4
2 54
112 39
112 61
56 61
133 93
30 122
72 61
44 55
73 106
47 113
6 13
90 107
130 88
4 32
7 136
74 140
105 76
78 82
110 43
69 111
34 50
38 113
137 9
112 9
11 22
107 118
139 51
137 125
82 68
1 36
119 128
14 85
106 25
51 52
22 103
111 20
64 11
25 104
4 90
107 78
79 70
23 46
83 110
36 45
40 97
96 9
100 135
6 72
32 72
64 139
7 118
52 111
31 7
113 89
61 114
79 5
77 88
31 106
99 2
104 6
139 3
41 136
63 123
117 95
103 53
101 74
22 86
22 117
55 74
91 40
44 11
78 64
58 77
59 136
136 102
40 77
132 13
80 87
86 109
74 125
112 91
138 33
41 117
129 79
113 121
120 59
94 76
17 25
1 99
90 17
120 108
118 138
7 55
44 132
95 49
132 120
94 68
33 48
53 94
64 19
35 49
7 1
74 80
5 46
41 48
116 9
61 34
77 37
30 39
30 32
130 26
71 67
97 103
100 29
113 122
97 46
27 59
126 110
96 135
46 118
109 66
37 63
20 60
9 62
105 62
126 58
101 15
44 70
36 86
5 51
140 45
85 63
72 41
5 109
79 135
97 75
29 40
24 52
136 77
12 44
27 18
95 13
6 85
128 5
39 58
129 69
70 99
6 16
64 77
44 62
16 39
72 125
48 117
53 56
92 91
112 81
101 27
49 82
92 105
19 62
9 125
89 133
115 90
82 45
127 92
71 53
50 37
73 116
60 103
84 71
26 95
59 113
115 123
86 133
65 134
76 126
129 136
117 133
53 127
6 88
25 23
74 109
140 117
77 61
23 55
17 20
110 71
40 42
4 128
66 51
16 27
73 140
21 39
127 57
79 81
117 35
27 71
79 55
23 84
10 64
49 120
79 32
68 61
98 26
87 52
18 96
138 110
39 105
132 40
62 14
27 65
2 73
9 79
137 51
126 106
17 100
49 45
37 55
81 116
37 105
39 81
94 5
24 86
9 34
97 86
130 104
78 115
53 60
139 70
3 50
93 5
100 74
134 95
120 2
41 73
96 40
55 82
13 54
53 47
56 32
73 78
27 108
87 91
21 1
129 75
63 8
114 24
80 78
47 90
139 130
40 100
60 72
29 53
95 75
71 106
65 114
112 43
63 132
48 95
3 44
37 24
128 137
8 41
60 101
59 119
95 46
110 53
26 103
101 137
60 82
94 86
92 26
49 81
84 97
99 121
113 27
21 72
9 98
1 54
50 29
83 39
96 118
23 95
113 106
53 91
73 107
68 37
140 82
32 12
109 135
129 41
134 50
114 96
123 8
43 24
19 91
85 12
57 37
45 18
87 125
47 29
35 108
34 104
31 45
37 89
119 29
80 61
20 120
108 21
43 79
107 27
41 77
69 20
36 7
125 51
73 12
93 62
21 116
81 87
43 2
137 54
69 10
52 110
132 134
84 5
63 71
134 37
137 76
30 92
62 80
7 119
101 9
132 15
34 48
92 115
71 97
140 137
73 38
81 90
81 67
20 36
133 7
29 105
59 31
38 104
10 49
48 78
78 57
17 24
82 47
50 16
73 44
109 91
99 92
98 28
84 54
116 101
31 113
72 14
107 41
131 77
34 79
11 132
136 104
134 91
134 85
105 84
88 36
127 137
118 110
93 126
112 12
131 91
83 2
45 76
101 29
19 57
66 64
103 67
80 58
38 44
135 127
69 34
107 32
111 75
131 38
58 27
9 69
83 72
70 136
49 107
19 74
50 107
69 12
101 26
112 11
88 108
28 24
96 52
69 95
74 122
31 16
32 76
95 87
24 47
15 2
139 50
41 95
120 13
100 105
14 39
27 116
1 72
1 71
95 107
98 92
50 17
97 128
43 39
132 43
110 98
31 77
61 99
76 21
33 120
83 85
127 58
114 102
89 111
59 92
53 73
76 97
130 75
75 100
64 62
129 116
37 117
85 74
53 44
97 94
6 36
118 63
21 23
93 22
104 10
24 104
120 134
63 44
130 12
45 23
46 18
130 128
60 135
94 24
40 3
8 107
16 119
136 65
64 3
87 6
78 56
23 65
74 67
47 62
86 42
18 129
31 28
134 20
99 38
124 22
13 57
70 124
123 121
49 104
70 42
129 56
87 8
13 18
119 60
8 79
26 61
26 120
61 47
137 15
9 140
32 67
55 118
43 33
14 126
37 36
21 67
120 124
76 114
22 3
23 103
19 108
96 59
134 98
119 99
120 70
26 58
104 70
79 110
96 1
45 111
48 20
54 71
126 128
36 34
88 49
39 127
10 129
34 115
91 125
94 111
28 73
101 87
108 117
72 114
37 44
22 28
98 22
140 115
64 15
32 73
80 119
15 1
3 103
64 21
130 69
99 51
8 23
80 114
4 12
71 114
138 53
30 43
51 113
110 72
129 39
48 44
112 69
29 122
59 78
41 1
48 36
8 84
72 102
134 4
120 42
41 7
135 71
48 28
1 35
24 122
51 13
98 69
87 75
44 92
60 51
101 106
69 82
33 114
70 113
20 26
78 54
55 22
14 80
7 138
61 123
47 119
35 136
65 133
90 96
113 19
25 90
116 132
77 96
53 140
104 33
77 4
38 65
49 118
138 29
29 115
1 47
44 71
110 30
43 23
95 15
69 101
135 123
13 91
32 7
50 38
53 8
35 37
107 93
65 83
26 21
25 43
134 111
18 123
84 111
84 140
95 97
80 52
93 16
88 102
136 86
60 68
125 101
53 118
105 52
4 67
14 137
72 100
62 90
61 115
75 52
74 83
18 85
124 91
127 34
82 91
101 79
21 82
100 84
15 18
66 80
35 8
4 106
10 25
80 138
68 14
138 130
63 38
127 13
6 82
108 103
17 84
88 43
108 122
115 97
86 120
93 10
11 5
132 30
106 47
88 12
138 43
101 17
110 73
63 26
66 91
30 46
18 57
44 85
135 4
54 16
44 133
23 41
96 108
79 56
105 124
27 9
114 22
39 52
74 46
98 27
18 78
130 80
43 101
88 117
33 5
107 6
106 98
131 29
27 99
74 98
73 35
59 15
91 110
69 88
71 47
135 42
24 60
95 131
20 57
102 127
28 110
139 48
113 14
52 85
106 107
117 132
49 122
126 83
66 22
52 14
123 116
4 33
50 84
13 81
114 129
69 5
65 45
42 27
9 37
113 80
63 136
118 43
37 58
83 12
125 99
92 69
76 89
128 72
121 54
124 75
53 45
55 124
88 103
84 38
133 18
62 84
21 35
81 63
87 109
61 52
58 136
29 36
105 93
126 16
100 50
84 70
112 118
112 102
134 89
105 11
15 116
86 102
131 89
129 138
49 22
36 16
3 108
93 131
53 108
33 31
86 2
59 38
135 36
51 110
38 47
60 139
16 18
43 21
42 43
18 7
114 35
111 58
100 104
61 8
139 133
34 119
18 34
102 63
49 14
34 28
118 13
9 103
131 118
87 103
103 24
100 5
88 22
85 13
95 100
77 36
48 75
32 82
66 12
97 22
3 33
23 18
121 29
78 118
66 19
10 56
69 75
126 48
24 39
122 76
120 89
130 117
73 15
130 46
69 66
88 27
129 108
107 104
82 40
49 30
18 73
97 5
61 59
130 79
43 85
36 61
23 115
33 111
73 117
58 132
60 45
139 128
19 25
93 87
3 99
46 3
86 58
139 83
109 61
53 100
61 64
86 27
77 45
1 3
41 52
18 88
99 88
84 60
57 140
16 64
15 42
136 40
30 27
87 89
33 136
11 82
24 91
10 102
29 41
99 39
103 96
6 33
10 132
95 80
22 133
25 130
117 97
75 128
88 61
74 32
2 34
8 15
24 107
58 83
109 95
114 44
25 128
136 71
87 11
128 84
26 5
34 64
118 65
68 67
87 124
41 135
43 139
48 64
36 84
123 17
59 67
89 35
84 12
58 57
80 63
83 31
10 81
110 16
71 102
30 81
59 51
45 117
29 133
51 87
63 13
59 70
31 8
55 83
92 74
110 127
104 90
120 32
41 17
101 76
46 109
56 117
63 107
65 61
1 62
116 139
83 20
54 19
132 28
95 133
114 21
133 66
97 33
75 108
138 78
41 82
79 62
25 5
115 128
20 93
16 112
41 38
61 60
109 93
120 138
54 128
129 11
18 36
65 122
104 36
16 99
95 120
112 65
93 120
134 13
14 106
4 18
48 99
18 5
95 136
6 57
44 30
82 77
41 99
22 12
7 100
2 69
69 19
99 29
73 103
131 22
2 56
77 51
140 21
59 122
111 117
105 123
6 41
63 43
55 24
134 73
71 104
97 56
133 58
17 35
63 11
86 43
23 34
131 109
51 78
101 126
113 29
126 88
124 103
62 128
137 33
25 119
128 83
105 136
92 6
123 42
99 114
21 69
79 17
74 39
63 61
130 125
137 38
29 90
1 48
78 121
5 62
140 16
25 99
137 60
120 57
52 56
129 101
7 27
25 4
131 128
35 16
111 98
55 9
128 59
48 127
96 22
98 24
69 109
101 62
74 40
77 135
16 48
84 116
116 35
75 105
31 107
113 34
56 57
6 35
47 6
57 24
31 85
119 101
7 30
66 75
46 32
11 24
73 119
129 107
87 96
74 97
69 125
10 20
99 98
78 140
29 20
39 20
28 14
48 130
35 13
61 102
34 11
64 109
133 70
50 32
54 120
52 124
117 63
87 14
48 120
92 51
90 94
130 106
81 20
51 94
79 124
135 55
137 13
1 17
27 64
34 5
6 14
56 13
13 69
102 62
67 52
130 95
58 46
54 27
50 83
64 112
81 58
25 27
65 103
134 109
91 18
119 15
112 110
138 72
4 41
87 102
91 100
114 132
129 61
45 130
138 73
14 121
67 135
19 100
27 21
140 87
30 47
68 4
134 25
117 137
112 134
58 45
99 129
111 125
134 28
53 75
56 119
46 13
43 122
135 97
87 61
133 91
64 79
48 14
12 27
10 65
66 98
128 99
113 11
134 72
28 27
66 30
124 31
98 6
133 45
62 29
94 131
65 108
108 46
15 28
71 12
44 79
113 134
55 18
79 90
119 127
114 57
2 138
18 75
89 85
13 5
93 118
113 86
73 120
21 56
33 68
82 84
71 129
72 92
86 128
105 109
68 38
23 128
16 91
104 123
107 112
47 124
95 51
125 61
68 106
19 135
138 132
54 124
58 112
23 60
122 19
81 35
135 26
68 35
25 34
117 29
77 11
126 35
71 108
61 39
73 84
10 16
42 57
107 26
83 130
101 52
79 30
23 73
129 8
107 80
29 111
84 85
88 45
13 68
62 28
79 121
24 105
135 131
70 47
122 100
52 11
73 100
67 31
56 12
96 72
66 115
4 38
69 107
8 24
52 116
17 125
20 92
126 80
114 135
26 126
124 95
64 95
12 16
12 137
119 14
138 24
57 91
25 84
105 117
69 127
140 62
88 23
116 119
101 59
16 129
137 22
71 25
55 90
91 29
48 65
24 130
46 45
102 15
43 54
120 27
122 15
84 126
71 37
39 94
120 41
39 133
2 134
81 109
134 9
114 62
76 63
99 26
56 124
41 33
124 20
17 7
23 24
8 76
4 44
39 134
63 87
123 134
8 96
54 89
123 73
134 121
100 98
8 136
84 92
69 74
100 88
56 81
112 55
67 112
90 20
101 75
134 42
70 135
104 93
58 40
30 65
108 8
1 126
74 138
86 73
90 136
114 14
119 82
10 28
125 103
79 104
42 124
18 3
52 131
65 128
85 100
11 122
40 123
8 4
13 8
82 95
56 40
134 35
25 109
90 116
101 140
74 31
39 82
107 97
13 99
88 7
62 11
72 11
132 93
33 15
120 35
94 41
57 9
30 98
76 48
65 40
5 27
20 25
109 9
10 57
103 82
62 55
68 123
83 36
39 49
53 58
52 65
106 89
113 107
85 70
26 59
12 118
102 27
124 64
111 32
29 23
128 38
123 21
98 19
51 47
140 49
46 2
105 71
18 112
52 137
140 135
125 40
117 91
79 42
59 105
39 56
110 47
52 71
57 33
132 128
102 46
116 16
61 124
126 34
105 104
20 66
20 94
2 130
129 33
3 42
59 45
55 78
54 12
108 70
66 11
119 44
74 59
35 113
40 49
36 38
74 73
60 70
1 2
55 75
83 89
106 140
80 73
8 138
37 29
16 78
38 111
136 47
87 33
104 19
69 132
4 79
128 127
76 34
19 60
90 15
131 78
34 106
127 113
137 135
127 85
15 40
84 33
87 131
50 60
74 14
133 49
33 76
66 10
14 61
70 28
60 63
122 82
79 7
72 15
123 112
43 94
53 41
100 1
60 67
61 18
107 125
63 94
5 8
63 49
42 60
67 139
9 41
20 100
118 83
117 71
19 86
13 111
123 24
42 139
92 14
79 116
118 33
128 107
62 103
63 78
134 128
116 5
49 113
31 126
68 50
2 139
103 51
19 140
56 76
63 16
27 15
57 81
62 138
85 87
25 68
39 1
101 5
52 1
27 97
134 59
107 77
37 113
71 96
41 34
33 27
30 42
61 85
129 51
55 40
44 89
40 5
93 88
25 114
35 70
140 23
96 92
126 107
99 73
68 5
68 95
114 123
102 24
27 131
39 89
68 57
12 5
89 65
76 140
125 119
53 113
61 55
96 34
84 10
59 98
41 27
83 96
63 12
19 51
26 19
51 4
93 14
21 3
121 80
49 51
42 94
92 16
43 100
33 23
105 36
122 67
134 31
99 138
36 63
138 117
73 132
62 71
62 26
25 35
68 71
41 119
56 25
101 80
17 31
37 88
27 137
4 69
99 22
14 112
106 12
122 104
116 36
58 18
134 93
105 7
52 53
103 4
114 51
112 20
86 25
66 82
117 25
84 49
79 123
33 115
65 44
100 10
53 20
38 98
111 120
103 134
123 125
140 113
111 112
121 107
90 9
115 117
126 30
88 5
126 120
49 93
136 119
123 69
36 128
34 39
32 98
44 86
110 95
60 121
13 10
139 132
12 116
65 2
106 80
93 37
50 45
51 64
22 54
32 60
31 127
32 45
15 36
67 26
78 135
113 90
47 101
24 108
103 74
74 127
30 34
111 35
63 23
33 50
62 48
25 40
136 18
13 114
90 83
67 56
17 120
133 4
53 76
112 17
27 93
112 131
127 66
65 28
24 74
17 128
59 118
25 133
9 65
71 13
82 134
5 78
3 137
51 115
105 3
15 46
45 62
42 46
110 12
9 123
75 85
54 85
9 64
120 3
63 103
94 45
77 15
19 11
136 132
140 30
59 79
51 17
44 72
123 58
62 21
93 99
115 105
37 62
129 70
26 96
86 11
5 114
68 49
105 67
139 13
118 87
112 7
20 108
46 101
54 24
115 122
125 56
128 138
97 13
76 42
139 115
113 24
93 73
44 51
15 41
41 60
44 26
99 76
89 50
120 129
94 35
92 80
6 8
4 48
54 6
73 95
85 34
68 36
101 6
46 56
121 8
88 46
69 35
139 54
20 12
70 1
59 37
49 24
76 136
4 60
52 76
104 85
106 112
133 50
86 135
7 73
79 97
63 45
8 89
18 117
57 40
38 58
136 138
7 93
70 126
31 123
87 64
12 121
117 67
77 24
31 38
27 1
122 95
21 53
113 118
81 84
1 51
24 46
106 67
59 69
132 83
125 80
72 131
42 95
122 53
50 121
10 88
120 80
118 132
5 139
37 22
134 55
139 140
102 2
31 82
35 110
119 92
69 122
83 14
36 13
36 108
39 114
79 80
28 46
36 80
6 76
127 61
12 33
102 107
77 122
74 137
121 35
113 83
130 19
58 69
132 34
115 53
18 87
44 97
128 106
101 71
8 25
80 45
107 132
14 54
18 94
104 73
96 113
109 12
134 33
37 41
112 26
57 98
124 78
105 43
120 63
12 101
125 10
9 63
8 58
86 48
5 123
92 85
56 91
94 96
88 135
42 130
138 83
101 81
125 26
125 21
94 134
93 95
29 66
34 72
57 29
26 34
74 107
30 67
113 63
17 108
21 70
38 105
34 44
44 24
26 139
115 24
77 19
86 110
11 104
10 86
23 100
46 127
98 90
72 89
73 1
85 106
74 42
137 120
119 114
66 49
78 112
79 22
118 121
107 139
100 30
49 94
133 63
123 77
101 111
124 68
118 134
62 94
61 49
64 45
122 137
58 10
8 36
104 62
114 89
110 99
114 47
84 133
29 87
91 48
62 137
35 44
46 37
105 2
22 32
60 83
127 114
74 72
57 94
47 111
95 20
104 50
130 115
98 91
80 128
5 61
122 5
11 125
13 17
15 54
64 116
137 139
35 90
19 85
58 84
40 64
60 25
90 67
95 65
70 27
130 71
67 78
33 121
37 66
139 114
34 91
127 67
45 17
79 21
26 85
114 140
40 121
65 54
31 96
9 138
51 85
77 124
69 79
88 52
134 75
131 132
134 10
15 111
52 34
2 116
60 106
5 63
90 61
25 92
25 103
55 20
138 93
34 138
103 75
85 130
129 20
6 128
135 3
44 47
97 42
124 130
13 105
40 139
17 59
68 130
26 124
116 6
133 14
99 64
54 112
22 73
124 128
125 124
36 140
27 38
46 124
76 107
43 103
102 138
91 111
72 104
115 1
119 108
105 6
25 37
1 138
6 95
50 28
84 41
128 39
84 18
48 74
13 59
136 84
90 19
107 35
131 103
101 35
61 108
101 16
55 67
97 121
138 36
23 37
51 8
23 104
94 4
48 51
48 9
28 137
134 3
99 140
75 71
4 72
69 23
56 26
54 114
53 134
41 128
22 111
5 45
24 76
8 139
53 83
30 41
20 54
122 6
72 123
44 120
2 106
94 85
24 106
46 11
107 94
29 98
66 140
78 70
30 18
89 6
122 111
118 26
109 28
15 114
88 51
14 25
33 100
66 57
21 103
58 19
116 80
77 119
131 79
66 97
60 134
4 39
54 83
84 75
55 72
5 121
105 32
86 123
137 31
119 61
99 132
96 63
88 104
23 96
131 42
73 30
80 12
55 48
140 32
77 129
28 118
125 37
25 75
134 43
108 40
17 133
39 50
138 82
119 120
10 39
122 39
61 131
105 99
137 110
93 100
2 20
95 39
124 92
124 107
26 116
97 83
103 119
11 29
47 66
44 113
65 129
120 121
55 21
8 98
85 53
46 80
104 9
91 4
109 60
93 74
100 140
78 104
90 76
13 128
109 34
30 97
103 14
19 71
54 74
16 4
79 108
124 90
107 110
111 31
15 74
85 57
42 107
50 69
76 9
67 1
89 129
123 48
79 103
40 134
39 67
140 52
27 112
127 132
113 41
27 31
33 92
97 89
106 17
130 53
53 84
30 107
53 92
66 124
78 92
116 40
91 72
51 123
88 115
61 96
136 91
48 140
22 130
124 136
105 74
15 39
120 60
119 63
136 126
100 31
100 90
36 122
40 37
58 121
3 80
98 103
127 105
124 93
124 28
32 34
138 100
59 86
49 77
39 86
114 63
118 38
62 78
13 113
13 4
131 119
59 24
47 40
131 20
91 5
95 56
96 12
135 44
98 31
79 36
127 78
68 15
5 14
13 41
35 55
34 93
85 20
128 26
22 38
79 63
5 125
94 125
60 105
10 40
35 61
38 116
75 91
132 72
16 53
108 112
91 22
47 140
106 53
37 4
106 3
116 33
100 65
23 49
11 79
139 18
86 126
140 129
109 58
129 137
83 91
28 64
86 51
121 72
46 41
140 65
80 55
107 99
80 72
29 102
123 75
59 95
92 122
43 41
93 78
139 11
54 109
15 47
53 123
117 38
129 119
18 42
83 82
8 137
14 18
69 48
11 76
122 72
25 110
79 25
36 121
126 133
69 86
50 113
57 27
133 123
102 52
14 78
6 30
93 31
89 93
30 93
9 94
101 100
71 58
126 124
106 59
122 110
55 58
119 26
81 102
23 127
121 63
61 11
21 18
56 44
19 47
30 37
134 79
8 59
57 7
92 9
77 81
61 46
122 54
116 85
38 97
89 135
111 116
44 116
31 34
43 83
88 119
2 94
112 62
139 102
74 65
110 117
128 103
55 4
39 85
7 109
108 1
25 49
137 109
140 79
140 132
38 79
106 55
72 109
8 7
91 84
55 114
27 90
108 26
112 1
125 117
121 51
106 63
100 64
33 99
43 45
98 132
40 80
130 96
62 69
111 28
105 19
137 10
11 20
27 79
18 103
67 82
92 90
11 47
130 44
3 27
61 29
117 68
52 18
60 16
61 3
114 93
15 56
93 139
44 111
75 67
128 22
18 122
129 53
121 43
74 128
60 129
103 32
133 62
84 30
87 128
96 89
82 57
28 77
13 86
88 1
51 30
25 39
10 133
87 20
9 31
15 128
45 37
60 55
79 107
119 75
22 20
12 13
120 6
74 126
80 67
112 104
133 37
42 75
54 9
126 44
35 79
90 93
120 91
67 20
78 120
137 48
112 48
43 133
8 30
2 44
113 57
44 96
45 13
88 75
23 111
52 122
87 88
30 88
127 118
68 102
103 109
55 32
114 26
126 105
134 57
41 54
55 103
74 124
49 75
123 95
58 4
4 70
36 65
11 131
72 101
35 86
67 120
47 3
135 91
140 118
80 44
129 103
48 47
100 114
41 67
25 83
2 100
72 65
3 71
96 46
48 124
47 115
86 99
12 81
14 73
99 104
16 9
134 129
13 102
129 12
127 33
23 31
136 55
81 27
41 21
111 77
9 38
7 77
8 62
81 38
36 3
37 116
22 39
61 118
74 20
83 11
20 30
84 22
51 140
29 74
134 137
115 3
24 109
80 5
30 125
30 38
64 102
134 96
94 102
121 55
108 114
99 123
35 26
39 108
76 118
107 28
137 19
11 10
125 100
133 122
53 99
89 73
135 85
41 137
106 88
115 85
130 120
129 87
114 82
2 96
60 125
28 25
50 72
46 120
22 33
118 100
38 122
108 67
137 119
75 70
49 136
57 84
96 125
119 3
74 30
27 89
70 122
57 48
90 111
106 133
135 132
57 43
116 31
101 94
93 60
130 112
82 139
96 45
25 121
138 94
140 24
44 76
39 138
44 49
29 75
97 126
87 82
112 117
40 45
134 114
128 55
104 135
42 8
82 9
7 91
136 88
93 53
48 82
49 13
19 84
130 41
107 14
108 90
1 79
43 91
72 139
66 9
54 18
130 135
107 61
60 87
45 83
121 137
85 11
76 119
30 116
36 5
32 123
60 30
28 21
37 79
69 100
59 57
136 67
68 121
44 21
114 136
108 84
28 99
79 128
71 109
47 23
23 124
4 59
64 5
88 83
89 23
125 12
69 114
140 75
18 64
100 39
106 32
109 120
8 131
36 101
77 65
86 104
43 108
65 68
14 32
58 139
17 109
108 74
10 136
140 83
75 22
104 43
2 29
40 115
100 126
66 39
45 124
13 117
83 104
34 108
27 87
21 65
57 93
2 63
139 117
80 112
111 65
123 67
62 125
63 57
79 83
60 140
93 97
8 48
19 121
84 117
96 57
58 3
41 19
50 111
101 67
78 132
130 57
134 45
57 53
93 77
12 15
26 14
140 116
64 8
16 32
103 34
119 124
104 3
65 67
120 118
60 102
34 88
22 138
122 135
7 99
70 45
6 129
101 23
132 112
36 62
15 80
34 112
128 113
136 64
19 131
134 88
115 89
108 93
68 64
23 4
63 99
92 120
16 127
127 64
89 18
18 31
85 90
12 61
134 125
135 14
69 56
116 56
107 89
129 36
99 66
17 3
133 119
25 113
52 9
26 105
29 31
71 138
11 115
98 42
14 86
38 56
82 96
10 6
2 12
14 45
85 48
55 51
90 74
26 140
99 42
50 88
130 15
116 54
93 121
92 61
46 132
63 15
68 105
61 25
49 83
78 66
70 68
67 134
37 107
124 80
66 38
89 55
139 68
10 123
59 102
52 112
106 70
19 59
58 114
132 12
28 2
74 4
3 82
18 26
130 123
47 84
20 43
79 96
6 51
11 103
69 14
95 53
81 94
45 126
91 127
29 77
83 77
41 42
33 117
82 53
87 130
128 102
105 140
34 129
20 58
13 65
23 74
37 52
77 73
93 64
29 88
28 63
92 73
120 10
57 90
40 71
47 2
92 17
19 106
91 90
128 34
109 80
60 122
55 11
138 49
122 93
96 58
34 87
121 106
88 19
103 66
71 20
132 18
139 129
106 120
72 48
110 61
136 37
102 74
70 110
1 105
135 17
93 46
133 6
108 135
44 137
34 22
97 11
91 118
80 71
64 88
55 77
75 60
73 75
90 58
100 134
130 99
29 81
104 53
18 83
86 63
16 47
63 131
67 37
44 6
101 13
53 15
68 137
40 31
37 34
66 23
7 64
44 98
92 133
48 134
106 87
14 65
72 13
26 2
116 65
81 92
41 65
27 136
34 80
9 100
136 34
95 99
126 11
115 79
138 45
1 55
45 38
8 100
99 97
89 15
20 3
86 108
60 86
7 21
112 45
9 58
50 129
23 38
121 77
60 6
50 75
137 132
118 18
25 6
105 8
120 21
59 85
106 57
50 106
71 33
6 4
137 113
44 90
131 67
38 5
74 21
39 102
23 122
130 35
114 28
60 76
110 44
17 38
39 35
114 116
90 36
24 29
138 65
12 47
110 29
71 86
58 61
73 136
8 66
138 88
73 5
94 28
44 61
133 81
117 50
47 133
15 14
54 113
125 35
127 100
139 44
124 69
61 53
37 6
49 60
8 14
97 65
26 71
86 65
89 33
16 55
22 6
103 36
106 9
84 32
57 25
115 84
82 37
33 53
88 70
125 73
89 78
15 51
18 126
131 46
112 30
125 102
70 72
140 39
66 102
87 36
81 89
90 56
117 15
56 136
84 24
94 26
36 21
41 139
95 128
80 22
19 20
26 1
69 94
113 135
132 129
24 128
44 125
47 104
73 56
74 88
90 37
126 95
48 26
41 12
48 121
63 24
131 126
50 5
41 50
94 127
92 97
91 128
11 49
13 135
64 20
135 105
66 71
86 34
120 90
127 133
116 10
133 51
84 68
59 68
121 139
55 73
109 21
118 34
96 56
3 14
30 63
114 126
29 51
61 140
49 7
81 65
139 110
90 30
68 80
138 44
106 90
71 92
134 83
131 137
9 81
130 61
46 52
6 126
81 122
135 125
110 106
33 42
25 11
136 68
68 132
114 50
42 119
25 36
125 39
24 119
100 94
4 111
99 126
6 38
67 128
21 34
35 106
64 125
29 10
53 6
127 84
12 113
132 23
70 13
128 42
129 47
4 29
74 76
89 20
43 65
7 28
12 49
86 41
113 28
129 109
81 76
74 2
99 85
20 51
3 117
30 36
38 39
18 81
90 82
117 77
130 84
83 34
131 6
113 102
96 25
90 86
136 57
76 91
119 17
28 26
74 7
6 137
102 92
110 36
38 14
88 84
73 40
121 6
102 28
63 84
63 127
120 31
92 31
16 30
62 22
113 3
36 125
60 116
118 32
136 118
85 64
59 133
101 82
22 60
126 47
103 86
19 138
44 33
70 73
20 118
106 43
10 7
53 136
72 59
88 139
84 90
36 46
134 139
76 110
94 22
76 7
119 43
112 24
50 6
58 33
102 76
87 47
73 24
1 114
116 118
28 49
109 32
121 15
76 113
28 87
65 73
46 73
81 131
54 131
39 9
118 99
124 41
80 23
92 27
80 88
130 55
114 45
130 82
91 51
58 43
52 129
59 14
129 35
122 58
67 46
120 34
75 27
17 129
61 71
25 7
22 46
52 83
80 89
21 24
46 33
104 133
118 123
44 22
69 6
122 90
10 115
89 75
109 90
28 23
121 22
116 104
113 60
76 13
47 130
23 117
1 18
125 43
77 90
24 88
26 138
13 34
102 37
68 113
25 98
112 28
35 24
29 112
67 111
59 140
18 62
49 32
136 9
8 69
30 139
51 83
30 118
62 81
137 59
27 91
94 80
47 18
121 20
111 96
24 117
41 76
91 60
77 78
58 113
56 109
73 62
118 21
70 6
16 90
137 87
81 110
85 23
132 111
130 109
37 38
52 138
48 6
32 25
15 49
8 1
97 137
44 136
34 35
125 54
109 48
72 43
53 22
68 134
98 121
49 29
1 123
16 115
59 66
54 34
65 88
79 102
32 110
60 126
122 114
79 117
115 132
36 47
28 36
111 107
126 9
93 128
98 95
128 118
39 62
35 10
64 76
107 59
5 107
127 126
20 52
46 50
63 83
66 138
114 18
47 102
74 6
125 28
72 116
113 114
89 136
139 9
61 27
80 90
120 117
123 132
98 58
11 42
121 61
87 138
24 81
40 41
112 51
13 3
28 72
12 100
59 3
4 88
81 33
45 48
123 26
68 122
8 80
124 16
19 27
115 107
18 99
120 64
119 13
19 101
14 23
49 26
80 54
136 2
109 39
140 89
114 56
117 61
21 22
21 75
129 26
28 68
78 25
133 85
132 20
56 127
32 3
119 32
139 49
83 103
54 60
64 29
130 38
36 102
56 70
36 27
62 107
46 49
26 51
97 57
94 61
132 124
94 133
112 101
125 20
114 94
2 18
84 20
92 40
62 130
137 88
60 78
32 81
21 16
9 68
108 76
63 77
55 13
55 36
92 136
36 67
104 58
112 105
42 111
27 43
9 51
5 138
106 48
5 23
18 115
47 118
105 128
51 117
34 134
91 47
69 104
50 70
71 140
104 1
10 48
97 61
44 42
66 117
74 1
22 42
17 58
75 80
116 135
15 6
50 71
90 71
109 128
85 30
71 28
119 105
52 49
104 7
130 36
130 98
95 58
45 20
133 64
47 99
91 11
112 116
14 44
20 40
92 37
10 70
29 128
122 107
70 109
42 72
17 127
89 121
18 10
59 62
123 3
100 83
128 94
49 19
53 65
111 18
135 32
96 32
72 93
14 9
52 28
42 93
111 118
97 6
86 122
35 43
125 110
87 31
46 87
70 69
39 37
19 81
58 115
34 24
103 52
53 43
88 9
132 22
127 117
128 64
51 134
18 9
58 29
119 84
106 94
29 27
129 83
124 6
127 11
71 39
74 57
120 140
13 115
87 62
62 74
127 35
116 131
114 66
134 16
121 103
74 113
131 26
90 119
107 85
90 114
73 17
73 19
50 123
119 48
72 33
88 111
42 69
126 89
93 59
109 43
55 120
41 108
41 31
115 72
59 53
60 96
125 133
118 2
126 82
127 104
31 88
46 86
72 52
33 83
2 49
128 43
25 54
21 80
3 122
120 69
23 99
43 16
97 43
116 8
107 117
46 66
105 21
46 83
56 34
78 10
90 121
28 43
109 20
57 22
120 110
128 101
95 66
73 49
84 48
58 54
52 25
78 101
25 3
42 102
93 44
57 76
103 27
74 47
49 41
84 103
136 62
6 61
82 113
110 27
76 68
113 17
96 50
56 16
71 24
104 134
95 115
92 135
59 29
41 106
49 125
76 112
98 18
4 63
113 30
126 139
15 99
2 131
61 122
36 114
32 121
46 29
37 122
54 57
82 74
56 23
78 98
20 7
94 140
20 15
47 64
34 49
118 44
98 15
97 28
85 125
10 72
70 103
34 125
78 130
62 51
123 101
2 117
77 137
88 123
27 37
7 108
122 2
57 26
38 43
37 60
58 85
68 42
28 8
1 9
40 102
97 122
42 62
91 129
22 107
58 68
29 139
70 101
36 32
124 30
85 123
99 120
84 55
6 109
36 71
128 45
68 27
106 102
59 124
132 9
120 66
139 10
95 25
108 95
62 109
138 13
114 130
118 88
98 20
102 119
43 40
121 4
61 13
80 103
126 68
45 109
122 88
125 24
95 102
136 101
11 12
55 109
12 103
64 82
137 99
17 4
108 16
66 128
83 7
21 32
37 135
48 132
35 88
108 60
88 15
105 53
95 106
92 42
9 13
55 42
19 40
52 22
31 140
85 60
93 130
76 128
88 3
6 24
59 112
127 108
91 70
102 122
51 38
25 1
97 54
13 104
67 92
31 121
140 127
83 64
120 9
48 39
75 65
97 21
120 4
114 77
71 125
104 56
9 75
79 19
25 13
131 73
115 15
52 30
33 10
85 55
31 97
50 130
62 132
101 93
105 42
100 52
43 50
139 118
27 11
116 96
38 133
122 109
11 54
56 137
118 22
21 48
12 23
127 47
60 36
85 2
29 15
3 35
56 82
74 68
75 56
91 46
71 78
73 3
5 104
56 54
25 136
21 54
32 95
8 73
57 34
55 98
95 140
44 13
96 129
111 57
67 40
87 1
134 133
16 59
34 102
38 120
52 43
103 91
117 121
140 97
25 58
79 47
102 99
11 39
98 139
16 125
80 140
15 67
83 41
58 105
90 66
58 41
81 137
116 48
26 24
116 29
38 15
100 48
20 41
137 18
100 117
114 81
130 34
52 98
114 87
19 10
79 13
19 23
136 61
112 86
80 86
48 58
8 114
60 110
1 30
17 99
23 39
13 20
24 3
94 122
109 1
27 122
24 1
51 127
100 3
136 42
17 5
31 60
39 19
97 70
130 105
59 123
80 19
43 8
31 133
118 86
82 18
93 13
15 78
35 46
22 139
10 31
100 56
92 35
28 69
34 65
20 65
103 19
140 102
77 2
65 90
89 28
101 51
24 124
64 101
111 30
62 72
53 78
134 108
38 95
26 121
89 67
122 66
77 139
4 34
92 45
110 55
95 33
21 126
136 32
72 12
66 32
91 1
11 96
114 115
77 47
105 118
129 92
78 32
100 79
107 47
99 10
48 19
23 30
49 119
102 11
49 43
101 88
15 139
97 78
120 85
77 116
11 117
17 96
107 82
137 39
32 51
95 10
96 121
82 129
31 99
77 68
132 32
47 34
126 121
33 11
28 17
66 62
40 133
107 43
65 113
72 58
69 85
129 13
120 112
102 120
95 105
49 92
35 12
46 84
93 116
138 37
31 50
28 16
131 76
16 41
109 94
122 47
134 8
82 127
38 74
129 4
131 34
83 86
36 9
37 109
126 135
107 53
94 82
48 107
138 48
132 109
42 54
60 131
66 94
118 129
46 65
40 105
27 94
71 7
43 74
105 17
95 62
93 92
21 60
64 73
133 60
133 24
71 73
119 5
45 8
125 58
140 46
66 50
45 107
53 102
86 81
41 138
135 45
17 68
128 133
5 57
20 32
52 126
28 92
4 131
54 10
63 97
104 89
127 59
90 73
121 129
7 54
121 2
5 53
69 106
99 14
121 136
107 88
32 130
87 43
54 36
86 139
74 33
95 40
45 16
53 117
61 16
105 72
55 102
94 6
84 99
30 19
89 124
98 5
108 69
124 131
83 124
38 2
92 75
77 79
138 81
77 76
9 8
112 73
41 88
118 4
126 104
106 122
81 119
13 38
30 3
91 85
89 102
3 128
42 110
110 97
137 106
11 88
63 89
122 132
83 8
138 101
108 47
66 106
89 119
107 84
8 17
80 108
77 66
47 75
116 125
115 55
54 118
115 99
132 105
66 108
123 89
69 117
46 54
140 119
79 78
121 119
66 4
35 54
55 41
18 135
110 136
86 62
66 92
75 8
1 132
125 55
68 72
52 104
114 30
77 57
79 48
22 35
73 135
137 96
9 25
53 35
85 76
17 132
106 45
37 104
127 123
131 113
92 56
42 13
48 31
93 115
139 100
130 72
103 35
52 120
97 119
121 110
92 64
131 111
114 20
79 137
8 33
45 113
133 98
73 58
67 91
108 115
123 16
94 135
134 105
132 92
73 97
99 11
2 88
70 26
27 22
113 33
70 9
4 9
131 90
53 23
44 107
126 137
14 122
42 103
68 90
22 31
16 81
44 15
69 41
103 102
52 40
140 12
57 67
121 132
87 26
103 56
13 50
107 87
134 44
113 39
74 50
97 17
83 70
46 103
129 19
126 38
52 62
116 71
34 60
46 63
40 140
56 83
83 112
135 95
74 120
86 61
57 38
101 117
13 53
6 114
5 1
41 127
97 112
55 70
28 103
17 16
125 42
59 50
115 138
29 43
137 57
60 130
16 14
88 98
115 129
64 65
65 31
117 103
137 124
120 88
57 41
24 137
82 15
140 27
18 101
80 129
75 72
4 110
108 91
11 130
11 36
115 36
31 58
39 53
99 5
99 21
106 79
78 33
126 43
86 67
80 127
8 81
2 64
66 58
117 57
37 96
134 101
34 100
8 91
114 84
34 110
46 107
139 32
111 36
76 106
22 116
8 122
125 75
26 3
94 50
124 40
100 128
106 105
109 73
117 124
74 25
63 98
135 80
18 90
112 92
78 13
101 33
110 131
73 88
49 121
19 132
138 69
86 74
67 2
99 96
37 42
84 42
133 32
45 28
138 137
61 32
136 127
24 92
98 97
67 47
120 87
29 68
97 23
97 136
138 61
8 101
29 107
129 106
123 15
35 128
102 111
96 88
54 106
53 18
77 86
95 114
94 19
95 11
85 22
4 47
140 54
74 51
135 38
19 56
88 20
56 87
105 57
135 11
49 130
62 111
67 51
34 121
108 118
53 89
23 135
52 60
6 40
5 120
15 86
1 129
48 71
73 42
24 85
92 22
5 4
130 129
48 54
43 22
137 90
16 65
10 138
2 32
7 40
125 33
24 51
119 27
49 21
123 22
57 70
137 20
48 7
92 108
78 84
39 17
108 32
91 17
119 113
17 102
98 49
136 108
36 70
89 108
10 45
111 119
129 126
21 46
79 60
53 19
63 137
116 117
33 130
70 41
59 30
54 17
34 12
63 35
105 122
92 106
68 92
59 99
4 11
65 84
40 130
71 14
48 53
70 31
11 124
137 25
77 52
126 75
113 40
117 55
40 86
123 74
53 36
69 60
107 83
72 36
50 18
58 134
104 26
102 23
82 75
139 80
93 54
30 131
137 102
32 1
89 25
35 32
106 58
26 97
35 115
136 81
26 16
30 135
102 134
109 133
117 44
110 3
139 59
66 17
15 109
133 116
62 76
31 80
44 9
69 33
52 7
138 35
94 74
108 111
90 75
29 22
32 10
48 38
16 75
2 6
76 86
55 2
10 27
82 34
126 90
100 132
103 99
135 8
2 104
84 129
55 27
76 10
114 106
10 61
11 41
26 41
1 31
8 46
57 88
94 84
29 127
125 98
100 120
119 71
22 5
100 124
99 12
109 31
46 43
6 12
15 26
48 77
55 10
83 27
45 102
14 7
18 20
115 31
2 81
73 47
85 132
123 84
47 123
64 103
134 64
125 52
18 80
46 125
101 25
81 78
117 42
122 44
26 33
43 67
5 19
8 65
64 91
111 78
16 51
1 101
90 103
11 100
32 71
29 120
64 126
85 33
92 118
2 23
65 57
114 23
43 89
25 135
90 34
114 40
86 84
77 30
52 133
39 3
65 91
53 81
88 53
87 79
21 37
12 51
79 74
80 98
139 65
79 20
124 13
98 7
20 86
126 118
36 52
19 14
90 97
128 120
94 115
8 10
40 101
79 18
66 83
21 12
45 4
88 92
127 42
32 131
137 43
25 132
91 42
11 73
113 123
103 2
5 3
38 107
60 1
95 77
2 59
73 133
96 20
35 66
85 3
68 39
102 69
70 65
27 24
34 1
127 109
38 140
56 130
22 108
95 70
1 98
39 28
139 24
16 40
31 117
85 118
16 46
96 115
80 83
31 79
14 138
108 133
63 27
87 73
68 93
55 30
103 17
125 79
5 15
89 40
33 14
77 100
24 68
79 40
112 93
82 123
7 61
66 74
127 79
93 38
19 78
9 2
15 118
88 133
19 109
138 76
129 85
52 139
19 12
140 121
110 19
106 109
24 15
33 55
88 59
4 46
76 80
37 64
123 91
33 60
86 79
53 1
8 29
114 29
5 140
19 93
5 85
28 1
3 89
89 59
55 123
66 13
22 61
43 69
3 72
78 3
106 46
29 103
70 33
109 8
118 68
124 43
92 1
112 25
125 128
21 86
33 139
115 41
90 11
106 134
52 5
120 43
67 7
8 67
20 91
131 14
112 21
78 47
3 15
68 79
3 118
116 99
25 59
105 28
130 97
71 134
21 89
22 69
48 136
43 111
46 12
111 114
75 57
107 119
49 124
15 23
100 66
27 109
16 71
89 41
97 3
113 120
127 1
73 25
44 1
24 20
131 58
92 4
15 52
100 59
70 77
67 119
116 75
60 127
52 3
138 139
125 132
47 63
37 84
41 61
115 62
85 16
4 138
118 9
16 102
125 8
83 61
15 70
136 69
60 128
124 111
57 119
74 5
41 96
69 36
83 6
14 136
1 69
89 58
49 47
94 54
97 62
102 22
135 56
60 99
109 75
134 76
73 16
112 74
52 89
94 1
82 65
68 114
15 48
37 131
40 112
107 136
100 41
68 44
28 135
6 90
33 63
59 22
85 32
88 95
98 84
107 91
129 29
110 103
87 90
6 1
4 115
122 22
75 127
12 115
100 97
72 40
58 91
67 48
81 28
19 107
37 140
121 13
50 40
35 91
94 47
34 98
89 49
91 126
31 94
133 27
6 7
131 59
70 18
14 36
47 117
21 66
83 22
55 137
104 54
140 29
80 56
97 132
140 41
24 95
84 110
36 56
104 111
119 1
83 109
128 58
76 59
18 110
128 12
121 122
129 40
30 40
133 118
45 136
129 90
3 109
124 15
100 46
111 129
72 108
42 89
118 52
136 17
43 3
98 43
121 23
8 52
122 83
131 10
103 104
1 11
47 72
26 42
96 48
14 42
2 109
110 66
36 133
128 129
132 81
111 5
2 123
69 134
40 44
91 71
76 96
29 25
102 104
134 56
103 59
64 36
99 58
138 51
117 34
35 50
10 38
58 11
136 139
54 59
115 112
139 106
47 46
51 34
82 61
30 89
16 20
6 21
46 136
24 2
118 74
69 49
103 31
59 135
2 66
132 27
7 114
77 35
67 118
81 69
40 14
5 32
31 11
23 70
134 127
137 133
25 55
110 68
25 118
67 44
137 2
122 46
126 51
51 104
129 44
83 67
60 2
133 75
105 91
16 33
131 45
126 77
34 62
112 57
7 125
93 4
7 29
82 46
97 139
121 105
1 19
56 45
46 51
106 26
7 63
69 93
35 58
113 95
24 129
62 6
41 14
11 136
4 56
28 59
55 65
99 87
5 76
135 112
62 43
64 42
85 112
24 40
73 108
1 12
36 92
61 54
126 66
117 80
9 67
115 111
56 138
65 98
75 131
62 57
139 105
10 77
36 112
123 23
40 22
89 90
31 21
71 51
83 5
48 93
69 131
7 46
13 39
50 1
91 28
105 30
130 43
122 13
31 119
50 80
82 89
104 35
47 9
37 74
50 102
38 127
56 60
85 126
44 46
96 124
56 77
25 76
129 64
59 60
65 80
25 93
70 3
57 39
134 80
27 78
41 104
29 108
79 50
33 54
66 3
7 121
43 47
121 65
84 31
93 1
17 21
33 24
118 17
51 111
78 125
60 29
96 3
53 9
110 109
96 85
2 3
80 133
121 3
55 131
21 57
74 64
9 131
74 52
96 109
51 22
5 35
130 100
72 126
99 139
30 11
106 91
126 138
83 68
18 124
28 4
60 44
40 128
120 7
95 111
37 85
118 82
28 6
49 70
73 59
57 133
15 25
86 115
104 124
40 76
3 138
45 120
86 49
110 9
22 74
115 71
53 27
26 68
110 6
11 80
85 50
30 120
4 98
126 41
106 111
115 28
105 78
118 10
91 114
85 81
7 81
12 9
8 113
121 16
66 5
88 127
115 43
43 77
32 15
46 9
9 117
48 73
36 78
70 76
32 125
10 101
44 74
72 113
139 94
37 53
46 34
31 37
63 1
79 136
29 48
81 105
7 16
5 86
24 87
2 21
36 120
45 34
103 137
15 30
99 83
80 85
51 57
61 30
39 18
126 102
120 14
23 3
101 97
10 30
90 70
136 78
105 97
47 80
3 4
13 24
17 104
113 23
15 61
122 79
109 79
45 139
90 14
16 87
94 7
35 56
22 105
93 76
130 86
130 137
79 24
48 2
88 105
98 124
20 78
2 39
17 124
57 46
70 118
92 89
49 135
116 61
116 100
47 10
73 33
56 8
20 103
17 74
103 44
121 11
93 79
3 125
35 109
139 109
100 15
126 73
26 93
26 22
100 28
55 49
31 6
132 42
131 80
54 81
39 65
130 91
2 84
120 83
15 138
64 115
33 88
140 86
137 73
28 3
115 38
126 20
123 39
5 24
73 127
54 101
52 32
45 78
30 62
11 106
9 122
25 69
18 109
90 54
90 28
75 99
108 30
36 50
59 90
122 126
18 127
111 103
78 69
46 115
67 13
87 117
65 4
99 43
20 70
125 38
109 125
27 20
93 103
82 81
19 89
108 138
25 105
124 57
125 118
14 67
41 3
91 63
33 13
49 105
106 124
6 125
21 33
100 108
75 79
12 138
90 43
131 85
88 86
28 47
41 133
124 10
61 139
49 106
69 18
112 87
55 126
103 5
62 53
3 19
70 5
138 42
60 11
94 15
89 7
120 12
16 131
6 45
120 16
24 4
25 21
79 2
109 29
97 36
121 116
130 65
66 79
23 20
87 22
100 38
61 57
89 47
27 130
132 79
128 16
42 24
135 34
113 88
63 108
18 37
125 88
124 102
56 29
92 39
8 27
15 91
12 55
37 130
96 68
71 17
68 115
75 40
111 27
86 23
139 17
127 112
25 47
38 20
52 107
76 92
128 71
89 62
41 92
95 3
49 90
109 57
95 54
81 95
134 21
61 19
41 18
93 127
88 114
2 119
10 107
36 40
26 86
86 32
78 119
129 110
66 45
69 140
106 64
12 25
6 39
99 106
42 47
123 131
65 35
19 112
7 26
108 101
128 121
32 28
24 62
135 75
13 40
97 19
104 44
119 98
105 41
101 37
89 2
91 97
72 9
114 121
83 16
70 115
136 80
72 140
39 136
102 100
24 50
122 51
60 132
29 124
139 7
1 113
1 14
37 49
18 60
12 105
79 94
136 38
30 58
103 68
128 50
128 18
8 21
94 105
52 54
57 123
64 132
45 21
68 22
39 44
40 32
104 66
3 53
15 60
75 37
81 68
72 119
78 87
111 64
94 92
74 99
119 18
127 40
23 6
42 10
60 57
18 22
96 81
139 36
96 6
37 10
47 121
64 54
32 83
45 105
112 126
32 69
92 116
12 68
80 4
113 132
100 13
71 133
3 7
76 109
52 123
39 126
95 121
73 13
83 47
131 83
95 132
15 127
122 16
31 104
86 100
138 20
59 52
25 31
116 47
33 86
103 33
104 21
112 109
10 126
78 113
28 54
6 73
103 7
110 128
121 52
50 11
139 55
49 110
97 102
88 110
87 35
80 1
53 31
26 11
45 98
30 115
117 32
72 97
9 50
76 117
101 57
118 27
81 37
92 8
36 44
85 103
21 11
52 92
116 50
12 18
124 108
99 112
109 100
136 29
53 90
61 21
51 61
138 16
57 64
61 69
80 28
131 24
55 66
138 70
11 107
7 9
39 75
88 71
136 43
55 53
83 81
72 76
90 24
18 97
97 55
85 17
66 76
135 69
17 52
37 83
110 111
3 91
8 19
5 134
115 77
80 122
86 131
11 123
132 21
13 94
39 77
126 17
15 45
47 60
134 54
62 98
112 47
82 16
115 14
25 77
27 129
52 23
89 127
42 140
87 94
134 41
122 40
136 112
138 133
111 40
75 64
28 38
74 16
66 48
129 135
35 133
55 52
57 47
47 58
100 27
67 64
82 102
13 88
97 82
16 137
1 107
70 116
119 91
137 72
56 30
61 17
139 87
113 126
138 17
112 10
94 11
22 36
70 81
72 5
6 84
138 134
134 110
121 85
15 66
85 93
8 95
90 26
45 79
91 140
39 84
89 26
73 4
71 18
28 84
85 65
121 125
7 70
75 112
30 80
114 120
40 27
59 21
39 29
16 44
59 49
132 84
136 82
26 25
130 133
136 5
9 87
123 35
14 70
132 33
126 46
13 22
2 40
58 110
26 78
138 140
109 63
89 103
5 75
77 118
107 51
135 101
125 53
26 91
87 97
111 139
54 37
69 133
20 49
15 35
38 26
137 75
63 53
15 55
24 18
11 43
43 61
44 7
44 5
114 70
140 98
93 113
73 72
110 62
117 126
88 94
120 136
97 111
56 48
98 67
11 78
97 108
66 34
64 6
98 96
48 122
101 133
15 13
46 111
112 95
49 126
59 81
82 135
94 21
51 135
107 98
127 81
43 116
115 133
61 1
33 49
106 96
131 138
64 41
50 90
130 92
29 30
80 132
103 135
120 127
133 11
84 138
44 52
47 13
85 102
8 39
4 14
138 114
113 15
130 74
68 112
14 43
116 13
96 100
136 131
127 28
24 65
50 78
42 71
9 32
30 133
121 104
95 19
42 82
86 28
106 8
55 95
89 109
62 127
108 31
58 7
24 64
92 10
45 2
121 138
87 57
77 74
10 117
29 34
107 57
66 31
2 37
86 137
38 132
45 74
87 74
125 29
108 6
60 35
3 69
93 137
85 29
7 22
89 45
7 85
62 38
24 30
103 116
132 65
2 22
35 137
75 104
30 134
80 29
45 25
50 87
121 66
19 28
50 19
66 84
124 94
108 13
5 30
5 67
1 117
5 60
64 70
81 113
131 31
119 55
132 103
14 30
14 37
5 113
1 84
23 118
122 136
65 115
2 101
3 54
72 88
139 47
44 28
96 110
139 104
82 70
122 119
138 111
133 21
130 59
79 119
65 101
37 86
50 4
36 137
55 34
139 75
4 108
6 81
6 68
35 100
7 65
118 97
7 123
4 136
51 27
40 9
72 90
107 92
139 119
83 3
66 54
27 52
40 104
33 108
37 51
41 102
75 93
121 76
13 80
122 1
65 50
45 103
89 99
97 53
130 119
42 48
72 99
14 118
41 47
97 2
117 46
64 90
63 29
9 5
128 96
15 57
44 57
128 68
125 70
45 35
117 7
43 73
51 18
10 97
50 44
121 75
11 137
28 123
127 36
43 26
44 140
12 39
101 115
58 56
80 82
63 116
121 127
49 112
12 74
51 40
117 94
112 128
66 87
127 77
27 105
100 18
132 31
58 82
22 17
107 108
110 23
1 76
46 17
86 7
8 57
12 89
4 86
87 4
52 128
132 24
66 7
7 95
32 31
85 38
56 66
7 69
80 10
133 55
3 65
7 38
2 5
121 87
44 101
83 48
20 37
134 23
31 64
17 72
64 107
39 40
113 64
26 6
112 100
28 108
106 21
92 11
87 123
39 91
96 53
74 139
80 39
53 137
10 79
22 109
34 107
98 47
48 3
59 39
32 87
66 16
6 99
98 102
25 65
122 117
1 121
106 13
16 132
20 5
36 95
52 26
20 46
10 74
33 79
70 137
26 60
89 46
38 80
42 96
21 130
53 46
48 92
127 68
17 9
3 92
54 130
9 135
112 119
116 28
12 97
55 108
136 74
38 33
17 67
31 51
77 72
12 119
63 105
43 4
78 31
30 71
111 24
35 29
12 82
132 89
48 129
39 60
62 82
100 107
135 138
91 116
114 78
86 31
71 112
1 140
102 54
108 45
36 51
113 87
104 137
76 23
101 50
20 62
114 27
104 55
106 97
130 132
118 122
92 65
62 108
32 94
9 108
64 131
95 71
108 126
5 110
19 33
122 75
120 81
58 119
90 140
116 66
55 69
14 102
7 122
109 67
110 1
52 29
39 107
81 44
96 30
43 113
87 38
84 101
59 46
14 84
29 14
34 63
139 90
30 17
