26 179
12 11
26 7
18 25
21 25
18 20
12 9
17 4
24 17
12 3
13 26
4 5
12 6
18 6
18 24
21 3
6 16
8 11
3 15
26 4
13 7
15 7
11 26
5 6
23 15
11 22
17 6
23 13
24 3
16 11
13 2
25 13
13 19
3 17
21 1
1 8
15 17
18 7
15 26
8 16
3 23
20 6
23 8
23 26
13 6
21 7
8 25
6 8
24 13
1 2
25 23
10 11
22 2
1 7
25 7
2 11
17 19
17 10
16 3
14 4
20 8
13 17
24 19
19 1
10 8
24 26
23 4
9 26
16 26
15 18
26 5
24 9
6 19
22 25
24 6
24 25
7 8
22 26
2 10
15 13
3 20
18 2
1 14
7 9
20 4
26 1
18 3
4 8
7 12
25 20
24 23
21 12
4 19
14 16
17 2
23 12
25 9
3 10
21 5
19 26
18 21
23 6
8 21
9 16
21 16
7 22
15 9
25 6
16 10
24 11
9 6
3 19
10 5
16 18
16 20
13 8
4 21
8 14
22 9
1 5
24 12
17 21
7 17
26 25
11 14
16 24
12 14
15 8
20 10
19 20
21 19
23 14
4 7
8 18
11 7
24 22
7 23
21 26
9 18
18 11
9 19
5 2
5 13
6 11
21 6
20 23
6 3
24 2
9 5
17 9
11 19
12 15
9 21
8 24
1 10
10 7
14 6
25 17
25 11
25 19
5 16
5 12
16 15
15 25
3 9
24 15
24 1
20 1
5 11
11 15
3 2
19 12
17 22
1 22
20 7
1 23
19 7
4 24
18 26
1 17
