173 593
12656612438906927331629851799106575200747311237867009678955780945956537242351265088935611147899889820978944633069141116736523687673469862724716585863566332276159779057540383
1 64 5
2 55 137
2 43 119
2 43 80
2 96 154
1 150 3
1 123 2
1 4 4
2 35 135
2 12 31
2 8 57
2 127 168
2 32 172
1 156 1
1 8 0
1 137 3
1 160 2
2 3 32
2 34 169
1 9 2
2 118 169
1 32 8
2 35 153
2 136 160
2 142 158
2 58 72
1 153 3
1 156 7
1 58 4
2 12 121
1 27 0
1 125 8
2 36 69
2 45 94
1 133 9
1 40 4
2 19 125
1 136 1
2 39 96
2 22 84
1 117 8
2 31 55
2 52 105
2 87 169
1 30 8
1 36 1
1 113 7
2 144 154
2 9 36
2 171 172
1 63 8
1 168 2
2 91 173
1 83 2
1 134 3
2 98 122
1 26 6
2 4 53
2 96 156
2 45 168
2 28 153
1 132 8
1 91 6
2 42 71
2 60 97
1 173 9
2 81 145
2 49 106
2 16 74
2 85 123
1 50 9
2 13 160
1 53 5
2 144 169
2 32 57
2 20 117
1 157 2
1 165 5
2 16 39
2 47 169
1 139 0
1 107 3
1 84 2
2 80 102
2 129 140
1 2 3
2 53 93
2 77 160
2 110 168
1 105 7
2 79 100
1 162 0
2 157 158
1 169 5
1 38 7
1 135 1
1 40 3
2 27 89
2 31 169
2 93 128
2 118 156
2 53 129
2 41 129
1 64 6
2 57 122
1 158 3
1 138 1
2 104 137
2 78 162
2 4 122
2 5 152
2 134 159
1 46 2
2 22 139
2 4 78
1 3 1
2 47 68
2 23 84
2 4 170
1 48 8
2 116 129
1 68 6
1 165 0
2 14 165
1 129 6
1 49 2
2 70 149
2 54 148
1 133 3
1 104 1
2 54 161
2 5 125
2 19 149
1 44 8
2 124 168
1 24 9
2 49 49
2 75 151
2 21 114
1 54 6
2 60 98
1 47 8
1 117 3
2 140 149
1 78 3
2 90 134
2 87 154
2 35 113
1 133 9
2 3 156
2 103 168
1 73 8
2 92 133
2 2 68
2 130 159
2 2 22
1 131 1
1 78 6
1 160 1
1 68 6
1 94 4
2 96 150
2 58 68
2 83 168
1 36 2
1 28 9
2 2 104
1 149 2
2 82 146
1 127 9
1 149 6
2 83 125
1 115 8
2 114 117
2 11 124
1 171 7
1 10 8
2 83 115
2 42 124
1 83 6
1 30 3
1 17 7
2 14 127
1 115 6
1 22 5
1 96 7
1 20 9
2 11 171
2 68 121
1 35 8
2 17 151
1 32 9
1 47 7
2 1 96
2 34 160
1 172 2
2 147 158
1 136 7
2 3 3
1 27 3
1 13 5
2 151 154
2 36 48
1 29 1
2 24 94
2 47 72
1 34 0
2 130 132
2 106 107
1 12 5
2 73 130
1 63 2
2 8 129
2 40 123
2 82 165
2 46 78
1 110 3
1 73 6
2 162 167
2 32 68
1 144 7
2 44 122
2 41 74
1 23 5
2 114 126
2 10 137
2 67 167
1 29 5
1 70 4
1 30 6
1 75 4
1 8 6
1 1 9
1 163 4
1 148 2
2 48 73
1 25 2
2 79 114
1 146 6
1 133 1
2 95 134
2 53 143
1 166 2
2 70 126
2 167 169
1 89 6
1 129 7
2 41 61
2 66 153
2 19 69
2 7 63
2 133 134
2 100 148
1 136 9
1 26 2
1 107 5
1 80 9
2 61 123
1 11 0
2 94 108
2 28 148
1 95 1
2 29 83
2 33 107
2 139 143
1 103 5
1 123 8
1 28 4
2 53 120
2 11 42
1 42 2
2 71 95
1 51 6
2 56 84
2 15 153
1 37 7
1 3 9
1 74 3
2 164 164
1 159 3
1 68 4
2 52 71
2 56 106
1 153 6
2 17 160
2 31 160
1 40 8
1 14 6
2 92 155
1 140 2
2 80 115
1 152 2
2 1 53
2 29 158
1 47 4
1 5 0
1 88 2
1 13 2
1 9 0
1 141 4
2 5 83
2 3 53
1 71 5
2 68 163
1 132 5
1 118 2
1 135 6
1 82 9
1 15 0
1 22 9
1 91 5
2 48 137
2 4 168
2 131 171
2 62 148
2 119 138
2 28 64
2 38 73
2 35 51
2 138 166
1 1 3
1 147 4
1 27 0
1 34 0
2 113 122
1 47 2
2 26 102
2 67 108
1 146 3
1 112 9
2 106 131
1 118 1
2 78 111
1 110 4
1 36 9
1 57 9
2 33 61
1 9 2
2 36 142
1 8 4
1 69 3
1 53 0
2 68 128
2 5 69
2 45 117
1 17 5
2 23 37
1 91 3
2 21 64
1 27 0
2 153 164
1 139 9
1 60 5
2 28 121
1 33 4
1 11 6
2 86 133
2 45 47
2 20 23
2 100 111
2 71 102
2 71 128
2 41 80
1 106 7
2 136 141
1 136 6
2 144 145
1 70 5
2 32 118
1 88 2
2 6 133
2 21 54
1 123 6
1 3 9
2 11 139
2 10 121
1 90 9
1 53 0
1 87 8
2 4 86
2 33 125
1 95 6
1 172 1
2 4 69
1 159 5
1 150 5
2 104 165
1 22 1
2 138 143
2 42 160
1 154 6
2 31 53
2 19 142
1 137 9
1 138 1
2 15 149
2 43 112
2 14 69
1 119 1
2 30 42
2 7 171
1 173 8
2 129 141
1 32 7
2 55 109
2 9 129
2 70 155
1 134 7
1 134 1
2 130 161
2 146 164
2 68 116
1 68 7
1 56 4
2 115 160
2 56 72
1 13 2
1 111 6
2 4 121
1 46 9
1 130 8
2 61 70
1 30 6
2 126 139
1 112 5
2 96 124
2 72 168
1 167 5
1 7 6
2 1 4
2 89 161
2 144 146
2 104 133
2 117 172
2 25 113
1 86 7
2 25 47
1 117 6
2 73 80
2 63 91
2 51 140
2 70 147
1 46 2
2 122 138
1 51 3
2 107 144
1 34 5
1 18 3
1 60 1
1 160 6
1 78 1
1 10 0
2 80 131
1 103 9
2 121 168
2 110 132
1 96 3
1 22 1
1 32 5
2 40 111
2 43 80
1 46 9
1 153 4
1 99 0
2 27 133
1 121 0
2 39 146
2 94 149
1 146 6
2 53 83
2 84 95
2 49 89
2 85 140
1 27 1
2 23 167
2 56 117
1 58 6
2 106 108
2 101 157
1 70 5
2 104 137
2 42 148
1 116 0
2 41 104
1 32 2
2 37 88
2 38 61
2 16 50
2 107 163
2 29 88
1 65 8
1 24 4
1 76 1
1 25 4
1 138 0
2 25 66
1 95 9
2 4 6
1 87 5
2 20 140
2 66 139
1 20 9
1 23 3
1 134 6
1 6 1
1 82 1
2 141 144
2 44 60
2 100 124
1 105 5
2 51 99
1 48 5
2 51 135
1 48 1
2 50 139
1 128 3
2 15 99
2 57 66
1 25 7
1 134 0
2 36 45
2 132 172
1 48 6
2 125 160
1 126 8
1 102 6
2 108 170
1 74 6
2 99 153
1 169 5
2 75 147
2 11 135
2 80 140
1 37 2
2 46 108
1 15 4
2 7 17
2 60 74
2 122 165
1 88 4
1 110 9
2 11 131
2 101 112
2 129 163
2 36 46
1 167 7
1 167 5
2 87 92
2 79 116
1 38 7
2 20 137
2 110 123
2 43 137
2 84 162
1 42 3
2 12 30
2 6 126
1 135 4
2 38 150
1 75 2
1 145 0
1 29 0
1 67 6
2 26 41
2 99 154
1 169 2
1 8 6
1 141 0
1 63 3
1 66 0
2 23 143
2 37 62
1 87 1
2 115 138
2 61 85
2 19 113
1 24 9
2 23 129
2 52 76
1 139 2
2 55 92
2 56 92
1 86 4
1 164 0
1 74 6
2 1 118
1 157 9
2 43 124
2 108 139
2 125 139
1 167 1
1 131 2
1 57 6