661 217
4602733260581204469407222386444931724862514282992324584434567070704820675505500401812907753110197420592525610857697813644328310266217064642219017007253560917213629766790011089355427035347957312182259634828469730158994435804668455172258570918496935363758933097798323966691406895520900583794706808727115266896791251448570607511660206325185702281775827499036263751622886975106713850328290041959780667085048992457531011329327565031982717427510623820722239486063163621794576274376018893371655701786183404703791781113559859210765574190591910970500124991417689702889986917566192180316672048872317388368969576304641943305407160927683410450882661123032701285007542870483
2 325 622
2 210 386
2 500 501
2 256 482
2 172 461
2 128 488
2 149 208
2 366 387
2 128 468
2 224 513
2 106 382
2 77 110
2 394 516
2 57 374
2 394 634
2 30 515
2 192 569
2 124 326
2 97 388
2 9 643
2 194 226
2 61 149
2 205 578
2 198 606
2 381 463
2 69 481
2 565 620
2 60 437
2 527 534
2 311 424
2 498 601
2 399 456
2 505 648
2 9 64
2 39 232
2 30 106
2 377 531
2 34 243
2 158 576
2 44 159
2 189 197
2 34 568
2 396 653
2 255 360
2 62 91
2 234 274
2 86 308
2 272 432
2 87 621
2 191 612
2 139 401
2 201 409
2 229 635
2 148 420
2 1 383
2 426 456
2 314 440
2 118 515
2 92 254
2 93 586
2 449 604
2 167 633
2 277 345
2 255 468
2 354 480
2 455 637
2 255 597
2 14 212
2 279 404
2 202 632
2 389 424
2 291 405
2 268 456
2 462 629
2 461 561
2 292 373
2 197 223
2 151 470
2 106 602
2 80 252
2 491 644
2 109 651
2 154 601
2 139 363
2 300 352
2 213 651
2 173 585
2 17 355
2 202 393
2 103 551
2 174 406
2 311 434
2 424 450
2 53 324
2 148 521
2 201 435
2 373 556
2 466 496
2 47 251
2 350 428
2 145 556
2 269 330
2 412 541
2 124 262
2 628 633
2 170 660
2 228 389
2 478 606
2 225 640
2 146 499
2 20 93
2 201 233
2 132 586
2 314 570
2 227 606
2 193 622
2 38 546
2 257 334
2 266 380
2 269 391
2 58 73
2 72 271
2 229 651
2 144 546
2 395 398
2 421 460
2 208 496
2 414 542
2 114 143
2 153 629
2 314 393
2 57 146
2 320 404
2 432 453
2 318 491
2 266 355
2 96 459
2 117 438
2 15 154
2 373 588
2 567 619
2 135 460
2 451 519
2 270 283
2 262 339
2 83 109
2 151 455
2 634 635
2 161 442
2 182 267
2 184 224
2 69 294
2 257 617
2 1 445
2 54 469
2 564 629
2 33 124
2 94 556
2 195 210
2 291 600
2 257 377
2 365 414
2 324 460
2 32 377
2 221 581
2 369 601
2 170 350
2 40 105
2 3 222
2 42 386
2 20 149
2 116 654
2 539 614
2 21 538
2 141 385
2 175 268
2 376 649
2 199 601
2 345 356
2 211 280
2 408 545
2 337 361
2 490 499
2 81 205
2 422 639
2 466 603
2 315 328
2 76 621
2 322 480
2 323 358
2 436 494
2 553 591
2 208 634
2 233 478
2 378 459
2 101 625
2 27 173
2 172 415
2 84 417
2 204 543
2 213 369
2 189 326
2 87 149
2 317 575
2 377 604
2 459 660
2 176 480
2 77 283
2 271 628
2 14 424
2 51 250
2 23 352
2 324 443
2 350 551
2 307 311
2 284 389
2 434 652