161 50
39485719278279290764044746523120872795448224049621984139954726384335192183251097875376132947341522665137878529798005642289698021199143928774705136193888278706235
2 92 161
2 105 117
2 108 142
2 100 114
2 21 85
2 24 57
2 31 84
2 19 110
2 36 75
2 40 40
2 59 156
2 29 79
2 36 154
2 6 70
2 50 141
2 29 123
2 104 125
2 51 128
2 25 30
2 75 118
2 24 99
2 57 92
2 35 46
2 21 119
2 45 94
2 16 112
2 129 147
2 47 86
2 31 137
2 11 112
2 91 119
2 55 137
2 99 118
2 43 151
2 117 153
2 6 94
2 103 122
2 34 49
2 72 82
2 127 153
2 79 95
2 10 33
2 72 159
2 53 70
2 36 113
2 49 99
2 18 150
2 31 60
2 50 81
2 88 160