570 465
193853052068147620610585677223416957288285082752519323917301335900352177919121297409365945945937492330174145940561324265169138270204448493925072794146976781702393711566088572486795868199220464188633709743220291635723297630313486855211257254694189087718945128143202998851140328213324297106668090424668102518013822957529749466383774507151690044498155125199176820424109517888534853245213253953727347648523888711236935890496572102161061736602432638613796443148629186897033199151535207328548401194364308745638214241020685684302872820379179285754727675620503145828272803224973
2 16 414
2 227 553
2 172 172
2 334 562
2 156 398
2 54 307
2 100 146
2 89 494
2 33 381
2 429 500
2 166 567
2 247 398
2 285 315
2 286 451
2 405 425
2 96 310
2 239 249
2 396 507
2 381 488
2 12 245
2 231 451
2 203 302
2 72 299
2 219 333
2 353 383
2 109 434
2 435 449
2 104 181
2 45 230
2 16 552
2 359 365
2 44 359
2 39 387
2 191 393
2 313 328
2 99 421
2 359 564
2 347 414
2 10 384
2 399 481
2 46 349
2 130 525
2 372 440
2 22 250
2 319 476
2 296 332
2 128 535
2 225 304
2 259 377
2 177 522
2 102 533
2 54 553
2 247 439
2 103 261
2 41 51
2 13 69
2 339 402
2 70 175
2 73 243
2 339 489
2 4 552
2 334 510
2 162 361
2 22 150
2 26 112
2 75 465
2 329 352
2 157 450
2 299 518
2 35 291
2 95 136
2 59 397
2 79 380
2 308 329
2 367 548
2 132 375
2 182 495
2 166 557
2 46 80
2 270 347
2 232 348
2 41 409
2 20 379
2 120 420
2 3 49
2 110 113
2 491 500
2 169 247
2 359 365
2 256 399
2 4 202
2 563 569
2 193 548
2 188 303
2 45 119
2 26 245
2 470 557
2 27 367
2 315 540
2 39 276
2 350 394
2 6 554
2 175 285
2 266 387
2 277 548
2 316 397
2 332 541
2 212 330
2 337 515
2 12 307
2 386 516
2 38 174
2 145 454
2 55 307
2 435 460
2 44 528
2 42 201
2 222 295
2 246 544
2 135 391
2 28 250
2 28 413
2 120 216
2 406 424
2 241 427
2 55 391
2 181 236
2 92 111
2 511 516
2 177 252
2 15 566
2 104 108
2 428 518
2 9 120
2 339 511
2 32 36
2 103 545
2 40 385
2 415 546
2 244 551
2 69 216
2 271 438
2 190 291
2 34 267
2 241 244
2 337 366
2 62 431
2 350 385
2 373 518
2 406 490
2 454 510
2 342 565
2 63 72
2 321 563
2 79 455
2 2 414
2 44 396
2 452 543
2 157 570
2 146 221
2 259 529
2 241 343
2 318 511
2 17 231
2 101 536
2 139 549
2 69 151
2 159 357
2 132 344
2 497 535
2 381 550
2 296 297
2 389 410
2 451 476
2 65 343
2 287 298
2 162 469
2 219 462
2 534 549
2 103 250
2 353 453
2 30 266
2 181 406
2 133 430
2 22 303
2 126 229
2 177 359
2 252 458
2 97 463
2 100 186
2 6 73
2 17 320
2 4 229
2 46 208
2 275 533
2 415 523
2 69 285
2 239 328
2 381 444
2 225 520
2 470 512
2 357 411
2 321 399
2 139 288
2 58 487
2 181 250
2 145 524
2 68 171
2 92 296
2 221 414
2 129 250
2 246 567
2 111 197
2 75 392
2 85 102
2 91 265
2 137 165
2 277 420
2 23 300
2 166 460
2 296 337
2 206 353
2 139 352
2 25 92
2 255 461
2 168 299
2 285 569
2 90 383
2 40 40
2 223 253
2 360 554
2 182 547
2 61 172
2 358 376
2 119 202
2 1 273
2 275 530
2 266 401
2 88 480
2 357 467
2 258 424
2 294 336
2 33 359
2 130 137
2 151 556
2 211 530
2 260 517
2 47 235
2 12 303
2 256 304
2 231 264
2 105 557
2 216 508
2 239 241
2 56 231
2 57 142
2 469 540
2 99 336
2 203 470
2 2 517
2 143 260
2 130 489
2 183 505
2 132 438
2 60 91
2 24 185
2 513 520
2 208 454
2 49 564
2 44 201
2 132 421
2 181 492
2 307 534
2 141 527
2 19 363
2 462 544
2 464 535
2 45 535
2 285 295
2 320 510
2 101 533
2 56 237
2 194 341
2 163 529
2 316 549
2 266 545
2 18 261
2 4 76
2 310 365
2 385 520
2 243 386
2 57 175
2 121 538
2 127 460
2 158 541
2 15 394
2 6 95
2 234 291
2 424 446
2 392 503
2 217 341
2 168 307
2 199 471
2 144 372
2 208 341
2 109 207
2 77 340
2 68 366
2 163 567
2 18 51
2 269 546
2 18 527
2 34 130
2 12 494
2 191 494
2 201 364
2 324 507
2 2 373
2 205 432
2 239 494
2 154 373
2 369 514
2 118 462
2 47 567
2 202 273
2 102 458
2 82 504
2 135 478
2 64 340
2 142 477
2 193 214
2 1 459
2 28 67
2 135 509
2 345 510
2 392 488
2 185 381
2 246 400
2 105 355
2 23 382
2 129 293
2 241 317
2 65 263
2 372 528
2 29 144
2 14 450
2 348 563
2 111 532
2 84 468
2 64 356
2 192 311
2 190 302
2 177 276
2 3 133
2 194 224
2 190 430
2 31 531
2 248 284
2 25 287
2 286 518
2 275 371
2 35 279
2 104 242
2 93 108
2 281 442
2 106 565
2 50 497
2 203 524
2 13 175
2 362 558
2 40 338
2 184 225
2 55 153
2 84 341
2 247 290
2 242 545
2 95 342
2 286 490
2 33 508
2 225 234
2 184 239
2 456 465
2 14 365
2 237 387
2 75 503
2 16 197
2 475 497
2 402 493
2 331 361
2 313 564
2 328 344
2 178 357
2 155 373
2 153 199
2 200 256
2 67 411
2 148 472
2 235 254
2 169 346
2 213 338
2 492 570
2 149 209
2 170 303
2 268 270
2 202 541
2 142 182
2 224 245
2 241 322
2 513 533
2 134 300
2 95 253
2 180 203
2 267 430
2 5 49
2 149 302
2 65 81
2 183 410
2 133 194
2 305 463
2 84 243
2 368 417
2 28 193
2 164 383
2 103 124
2 184 309
2 68 164
2 114 188
2 21 69
2 342 482
2 1 62
2 36 76
2 163 357
2 310 384
2 117 272
2 4 528
2 132 538
2 373 442
2 123 147
2 335 433
2 333 541
2 310 539
2 209 243
2 390 531
2 85 356
2 19 290
2 275 292
2 179 198
2 23 53
2 3 400
2 310 330
2 46 337
2 167 322
2 187 444
2 301 435
2 179 505
2 65 417
2 104 187
2 22 312
2 26 46
2 281 542
2 118 437
2 111 354
2 301 504
2 499 561
2 94 217