522 575
288290015302286073898639671059815461047103161026177030761011866797871039335848406032183246198762915917067251906408598957405403100064524426115142998274457930142826506817847519893554758417641966097640187095224968582745636904585754116052197598461056639809600110218307162543308156595228104936627870656829590183681645370506030171288656473873029392509329292836391769781377379690758168727730037596957487254727341229510706853101521600891235062385104361058138332831329889613307851936328737406666540226547643867984832829366840443137
1 336 0
1 498 5
1 398 7
1 409 9
1 294 7
1 271 0
1 453 3
2 274 453
2 390 485
1 324 1
1 362 4
1 226 9
2 106 414
1 143 2
1 299 4
1 64 3
2 324 391
1 121 3
1 467 5
2 249 354
1 425 0
1 165 9
1 422 1
1 337 1
1 290 7
1 200 7
1 34 0
2 85 421
2 311 435
2 309 398
1 26 8
1 395 6
2 106 414
2 354 513
1 506 2
2 83 511
1 410 7
1 503 4
1 157 6
1 370 7
2 75 345
1 281 2
1 494 2
2 318 390
1 464 0
2 42 243
2 164 316
2 138 349
1 79 3
2 200 291
1 416 7
1 365 2
1 55 3
2 164 228
2 17 204
2 145 254
2 451 456
2 61 198
2 134 413
2 40 327
1 230 9
2 81 86
2 74 260
1 205 4
1 74 1
2 83 323
1 388 8
2 63 189
1 149 4
2 284 306
2 129 333
1 270 8
2 282 415
1 47 5
2 61 111
1 468 4
2 83 502
1 82 9
1 98 0
2 211 258
2 18 387
1 436 6
2 45 343
1 47 9
2 201 437
2 78 278
1 42 1
1 205 3
2 174 397
2 113 147
2 239 297
2 358 473
2 167 226
2 235 235
1 298 2
2 291 291
2 155 492
2 286 325
2 21 461
2 71 152
1 166 0
1 326 8
1 152 2
2 185 272
1 192 1
1 466 0
2 156 483
1 359 3
2 67 143
2 207 497
2 111 184
1 70 9
2 264 267
2 83 332
2 195 511
2 222 249
2 7 88
2 35 138
2 104 118
2 104 409
1 453 6
1 73 0
1 442 8
1 506 1
2 171 491
1 467 0
2 226 440
1 197 9
2 82 320
2 19 69
1 434 5
2 168 176
2 73 434
2 157 481
1 194 9
2 341 444
1 380 1
2 9 163
1 228 2
2 220 419
2 119 468
2 74 495
2 428 444
1 362 9
2 280 323
1 380 6
1 387 3
2 151 365
1 219 5
2 127 183
2 145 225
2 175 300
1 103 4
1 11 5
2 66 264
2 15 506
2 61 75
1 235 2
1 94 3
2 63 92
2 305 402
2 149 252
2 155 458
1 213 5
1 463 1
1 421 7
2 156 473
1 197 5
2 85 104
1 33 4
2 141 334
2 238 302
2 29 367
1 208 4
1 216 2
2 90 306
2 304 405
2 207 311
1 169 3
1 32 0
2 424 460
2 62 261
1 405 4
1 126 0
1 117 3
1 356 8
1 403 0
1 416 3
2 219 275
2 172 270
1 84 7
1 372 5
2 263 368
1 161 5
1 346 4
1 418 8
2 258 274
2 218 248
2 244 467
2 148 325
2 366 387
2 362 479
2 137 159
1 414 6
2 87 389
1 1 9
1 289 6
2 132 211
2 99 376
2 203 491
2 38 281
1 481 8
2 158 243
1 238 3
1 323 9
2 423 509
2 118 273
2 78 308
1 334 5
2 73 281
1 420 0
1 316 7
1 171 9
1 405 2
1 455 6
2 121 241
1 439 1
2 58 262
2 80 372
2 276 438
2 387 513
1 508 7
1 6 5
2 159 412
1 49 9
1 157 6
2 168 441
2 121 474
1 209 4
1 268 1
1 231 9
2 117 223
2 14 66
1 353 4
1 348 6
2 108 326
2 374 392
2 52 392
2 157 166
2 307 448
2 103 391
2 253 291
1 290 8
1 377 4
2 170 380
1 122 1
1 485 9
1 393 7
1 337 5
1 423 3
2 161 317
2 56 369
1 155 5
2 238 497
1 111 4
1 197 3
1 207 0
2 13 69
1 158 9
2 236 507
2 345 420
2 151 169
1 196 6
1 175 0
2 65 207
1 58 4
1 513 8
1 282 8
2 274 521
2 119 134
1 488 0
1 339 4
2 109 398
1 157 9
2 255 488
2 85 470
2 203 369
1 217 7
2 193 273
2 344 467
1 415 6
1 449 8
2 51 468
2 248 427
1 491 9
2 6 419
1 209 7
1 279 0
2 186 253
1 479 0
2 34 417
1 426 3
1 504 2
1 75 3
2 205 210
1 115 2
2 244 252
2 70 300
1 85 3
2 17 502
1 521 2
1 79 4
2 462 505
2 230 496
1 176 8
2 51 282
1 13 6
2 218 323
1 487 7
1 35 5
2 105 259
2 141 278
1 349 0
1 118 2
2 42 247
1 151 5
2 274 443
2 33 343
1 375 1
2 184 332
2 287 465
2 141 483
1 150 1
2 74 332
1 510 3
1 325 8
2 242 257
2 70 366
2 307 313
1 303 6
1 399 6
2 401 429
2 493 521
2 49 517
2 82 266
2 50 268
1 498 4
2 39 261
1 512 1
2 158 265
2 139 328
2 259 359
1 14 4
2 51 185
2 134 231
1 224 8
2 71 216
1 394 4
1 319 5
2 5 356
2 161 288
2 158 259
1 276 2
2 42 482
1 1 4
1 15 0
1 365 8
1 229 0
1 15 3
1 89 4
1 277 5
2 195 364
2 85 355
1 106 6
1 306 2
2 277 475
1 338 7
1 334 3
2 261 338
1 404 6
2 262 408
1 30 2
1 380 9
1 69 6
1 117 6
2 136 247
2 303 358
1 223 7
1 120 4
2 393 475
1 445 3
1 255 0
1 356 5
1 288 4
1 515 5
1 36 2
1 276 0
1 90 3
2 104 152
1 113 3
1 85 1
2 258 458
2 415 447
1 446 1
1 125 5
1 367 1
2 88 126
1 93 4
1 421 7
1 156 8
1 475 1
1 205 0
2 448 451
1 496 8
1 113 7
2 217 382
1 504 6
1 365 0
2 254 506
1 122 7
2 262 519
1 252 7
2 228 451
1 385 9
2 176 483
2 385 393
1 77 9
1 235 5
1 41 9
1 518 2
2 254 348
1 440 3
1 379 3
2 113 150
1 503 2
1 213 0
2 218 398
2 38 422
2 99 492
1 279 3
1 505 7
1 500 7
2 38 317
1 18 2
2 147 374
2 39 147
1 155 5
1 442 2
1 40 4
1 515 3
1 287 0
2 469 517
1 484 6
1 484 1
2 164 233
2 166 232
1 76 3
1 273 4
2 117 447
1 295 6
1 102 1
1 357 4
2 355 514
1 52 5
1 496 8
2 267 319
1 91 6
1 212 2
1 269 9
2 275 472
2 282 486
1 398 7
2 152 295
2 39 455
2 113 364
2 37 224
1 182 9
1 60 5
1 392 9
1 269 7
1 258 3
2 453 454
2 192 448
1 114 5
1 380 6
1 312 5
2 57 449
2 53 424
2 9 31
1 484 4
2 341 399
2 104 113
2 56 191
1 161 9
2 198 411
2 279 355
2 163 239
2 261 369
2 142 409
1 242 7
1 40 2
1 380 6
2 156 275
2 17 403
2 224 400
2 293 450
2 73 352
2 433 503
1 59 5
1 373 9
1 301 9
1 132 9
2 219 494
1 221 9
2 336 408
2 410 456
2 284 444
2 32 51
1 166 7
1 54 7
2 393 450
2 353 464
2 114 301
1 402 4
2 67 420
1 217 3
2 41 407
1 125 5
1 8 6
2 105 355
2 65 132
1 262 9
1 431 4
2 318 452
1 223 4
2 233 413
1 99 6
1 191 6
2 72 487
1 407 1
2 38 303
2 103 384
2 96 373
1 361 9
1 142 9
1 105 4
2 86 241
1 344 0
2 492 495
1 514 0
1 24 1
1 335 7
2 2 194
2 39 353
2 106 116
2 34 365
1 194 3
2 112 466
1 107 6
2 201 514
2 108 271
2 358 502
2 46 137
1 260 4
1 409 5
2 410 417
2 234 394
1 280 9
2 134 362
2 193 349
2 56 345
2 93 157
2 217 226
2 77 127
2 52 181