291 220
779654646375101444105814611621105884685594568401212042840593784084382112059842736804564294471078546896693875343768332980154023678962339883774009109813663167755988489288575414076166366832095894034655173991815252071751892979736120058369093538966152870703289457568850731578099421327100832551428
2 63 288
2 156 195
2 110 193
1 28 7
1 166 9
2 96 145
1 155 4
2 108 116
1 64 4
2 29 74
1 89 5
2 6 61
2 44 65
2 47 145
1 259 8
1 286 0
1 175 2
2 153 285
1 10 3
2 137 141
2 56 81
2 55 148
2 95 147
1 162 0
1 280 9
2 131 154
1 234 8
1 155 5
1 154 9
1 76 2
2 79 273
1 149 5
2 66 180
1 202 8
1 250 9
1 118 9
1 24 0
2 73 148
1 172 8
1 250 0
2 82 105
1 242 5
1 191 1
2 201 238
2 187 235
2 120 207
1 97 0
2 34 60
2 236 246
1 7 1
1 210 7
2 41 81
2 16 130
1 186 6
1 230 6
2 215 225
1 139 2
2 16 115
1 35 8
1 109 4
1 100 4
1 142 7
2 57 218
2 89 252
2 32 133
2 52 252
2 31 109
1 107 7
1 166 0
2 205 236
1 11 7
1 121 1
2 29 153
1 95 4
1 33 4
1 124 7
1 58 7
1 125 7
1 159 4
2 232 248
1 55 7
1 285 6
2 133 243
2 127 149
1 31 3
1 104 4
2 33 247
2 6 201
2 73 87
2 174 200
2 1 54
1 212 0
1 30 1
2 75 252
1 277 4
2 71 276
2 40 231
2 74 245
2 55 270
1 255 6
2 165 177
2 119 232
1 272 5
1 82 1
1 59 4
1 52 1
1 8 3
2 43 166
2 3 60
2 152 231
2 125 282
1 183 8
2 57 125
1 90 5
2 121 280
2 205 214
1 163 2
1 184 9
1 204 5
1 219 4
2 55 233
2 127 270
1 196 2
1 12 4
1 106 8
1 205 2
1 233 9
1 41 1
2 182 273
2 36 146
1 221 9
1 210 7
2 264 267
2 171 197
2 148 180
2 57 61
1 150 7
1 208 5
1 164 0
2 16 117
1 138 5
2 66 225
1 287 8
2 144 237
2 27 46
2 18 189
1 227 4
2 215 236
2 7 130
2 23 265
1 160 9
2 64 175
2 188 212
2 254 279
1 5 2
1 238 8
1 264 1
1 50 1
1 262 3
2 68 129
1 193 9
1 159 2
1 227 1
2 139 287
2 78 180
2 85 102
2 97 190
1 243 5
1 154 8
2 201 224
1 11 9
1 93 6
1 71 4
1 245 6
2 19 277
1 241 6
2 159 216
1 121 9
2 109 115
1 130 1
1 159 2
2 72 111
1 221 3
1 36 4
1 20 5
1 160 9
2 57 84
2 5 115
2 101 152
2 98 252
2 138 201
1 129 7
2 64 278
1 270 2
1 266 5
1 91 7
2 5 119
1 238 7
1 206 9
1 196 7
2 13 169
1 120 1
2 11 261
2 95 197
2 21 92
1 81 4
2 37 94
2 73 93
2 71 85
1 267 5
1 7 4
2 109 267
2 249 291
1 114 1
1 178 2
1 32 5
2 6 220
2 51 154
2 95 251
1 121 3