57 959
214107740610836029140021950653398757259962964800972545955
2 12 31
1 16 4
1 11 7
2 15 52
1 14 8
2 6 40
1 50 8
2 31 51
2 11 52
1 33 1
2 10 44
2 8 50
2 5 50
2 16 32
1 4 3
1 18 4
1 10 1
1 8 5
2 19 53
2 29 40
1 53 3
1 52 7
2 8 8
1 12 2
1 50 8
2 2 6
2 11 53
1 53 3
1 57 2
2 42 47
1 40 0
1 30 9
2 8 36
2 4 13
2 15 45
1 35 9
1 45 9
2 16 22
1 11 6
1 51 5
1 18 7
2 15 18
2 22 33
1 33 8
1 39 6
1 20 3
1 50 2
2 5 35
2 31 35
1 15 7
2 24 30
1 1 2
1 11 7
1 11 2
1 43 0
1 30 8
2 9 54
1 16 9
1 33 6
1 40 2
1 38 6
2 10 21
2 11 23
1 11 3
2 5 29
2 4 38
1 27 3
2 10 26
2 40 42
2 3 55
2 52 57
1 39 7
2 16 48
2 3 17
1 28 3
2 27 42
1 30 7
1 34 7
2 21 23
1 17 1
2 21 44
1 23 8
2 6 16
1 4 0
2 22 24
1 23 8
1 3 3
2 44 48
1 2 4
2 6 14
2 14 40
1 52 0
1 42 7
1 43 4
2 17 57
1 48 7
2 10 26
1 39 1
2 13 19
2 12 45
1 11 1
2 5 52
2 19 39
1 22 1
1 14 5
2 16 29
1 35 8
1 19 6
1 18 9
2 18 57
2 4 29
1 25 2
2 55 55
2 42 51
1 21 5
2 31 53
2 34 41
2 16 44
1 15 8
1 16 3
2 11 34
1 20 3
1 36 4
1 17 1
1 27 5
1 33 8
2 28 42
2 11 43
2 13 14
1 24 3
2 8 9
1 16 4
1 52 3
1 43 2
2 36 52
1 7 4
2 40 51
1 22 9
2 9 17
2 8 50
2 17 48
1 54 8
2 35 38
2 7 31
1 37 1
1 9 7
2 9 27
1 40 4
1 27 1
2 2 47
1 30 9
2 16 31
1 11 0
1 56 6
1 14 9
1 36 5
2 52 54
2 1 8
2 14 23
2 6 30
1 46 9
1 45 5
1 22 5
2 19 49
2 11 13
2 40 48
2 18 56
1 1 7
2 37 46
1 30 4
2 7 37
2 1 33
2 11 39
1 41 2
2 7 28
2 5 53
2 35 42
2 53 57
2 4 47
2 26 46
1 41 3
2 39 42
1 8 2
2 20 36
1 15 7
2 8 42
1 46 3
2 18 46
2 23 50
2 23 52
1 26 6
1 38 6
2 20 36
1 51 7
1 18 2
2 20 39
2 18 54
1 8 9
1 23 7
2 15 24
2 23 26
2 11 31
2 26 40
2 22 40
1 10 5
2 1 36
1 17 7
2 10 53
1 39 1
1 15 2
2 37 37
1 18 5
1 32 2
2 6 7
2 21 44
2 3 45
1 41 0
2 6 9
1 27 2
1 50 7
1 4 5
1 45 9
1 56 1
1 51 7
1 55 8
2 19 31
1 15 3
2 1 33
2 1 34
2 2 41
1 34 5
1 3 2
2 23 36
1 9 0
2 28 57
2 23 54
2 19 54
2 22 47
2 17 25
1 15 3
2 18 56
1 13 7
1 55 5
1 42 7
1 28 1
2 4 48
1 34 0
1 55 0
1 44 3
1 18 6
2 27 51
2 8 29
1 35 8
2 2 19
2 14 24
2 17 53
2 22 26
1 45 6
2 39 57
1 2 1
1 41 4
1 8 6
2 20 41
2 13 56
2 17 40
1 40 2
1 39 0
2 23 41
2 43 56
2 9 14
1 30 1
1 33 6
1 1 0
1 43 3
1 34 4
1 48 1
1 50 3
1 25 3
2 1 26
2 49 50
2 13 46
1 53 6
2 4 17
2 8 40
2 13 15
1 56 4
1 13 9
2 1 45
1 25 5
2 22 34
1 13 5
2 11 12
1 18 1
1 25 3
2 7 41
1 34 8
1 52 9
2 42 56
2 12 24
1 24 9
2 7 50
1 47 4
2 6 25
2 22 35
1 16 8
1 31 1
2 1 25
1 15 0
2 40 42
2 20 34
1 31 4
2 45 48
1 25 7
2 5 19
1 3 1
2 6 54
2 31 33
1 27 5
1 43 6
2 9 50
1 14 1
1 57 6
2 5 19
2 33 36
2 33 42
1 3 1
1 12 2
1 15 8
2 21 31
2 2 13
1 38 9
2 15 41
1 28 0
1 51 6
2 25 55
1 2 7
1 8 2
2 15 49
1 57 1
2 25 29
1 36 8
1 47 4
1 21 1
1 20 7
2 1 24
1 55 7
2 8 48
2 5 48
2 22 57
2 3 51
2 12 29
2 11 53
1 24 0
1 24 0
1 4 0
1 9 1
1 56 3
2 6 36
1 32 7
1 18 1
1 42 8
2 10 43
2 16 25
1 9 1
2 37 48
2 13 42
1 41 6
1 25 2
1 13 1
2 33 37
1 42 3
2 13 30
2 15 33
1 5 6
1 18 4
2 17 25
1 9 0
2 27 54
2 22 56
2 14 52
2 25 29
2 18 55
2 23 57
1 18 3
2 34 57
2 7 9
2 14 51
1 55 9
2 7 53
2 28 43
1 46 8
1 25 7
2 30 33
2 52 55
1 17 7
2 26 57
2 12 17
1 22 1
1 48 8
2 52 57
1 55 0
1 50 5
2 34 42
1 30 2
2 2 13
2 20 31
1 49 1
1 5 6
2 6 26
1 2 6
1 25 0
2 49 52
1 12 1
1 30 6
1 53 6
2 23 38
2 21 40
2 45 48
2 1 6
1 21 7
2 3 22
1 29 2
1 55 5
1 9 8
2 9 23
1 57 5
1 36 0
2 8 51
1 32 9
1 41 2
2 18 18
2 10 48
2 24 43
2 27 51
2 4 7
2 32 41
1 36 5
2 20 57
1 54 2
1 27 3
2 45 46
1 21 8
1 9 3
1 28 5
2 42 43
1 24 0
1 15 3
1 3 5
1 38 4
1 17 4
2 41 44
1 1 2
2 19 42
2 10 56
2 8 47
2 17 55
2 48 53
2 2 28
1 56 5
2 24 30
2 8 51
2 11 47
2 32 38
2 13 21
1 21 0
2 20 42
2 15 56
2 7 41
1 17 5
1 3 9
2 20 53
2 3 8
2 18 19
1 13 9
1 40 5
2 5 31
1 43 9
2 2 32
2 7 20
2 18 38
2 28 42
1 17 0
2 7 7
2 9 10
2 1 49
2 32 48
2 2 32
2 33 33
2 13 49
1 12 3
1 54 5
2 5 16
1 1 8
2 10 51
1 38 4
1 35 3
2 11 44
1 7 5
2 24 40
1 5 9
2 14 18
1 2 0
1 7 8
2 10 44
2 7 39
1 9 0
2 5 11
1 40 7
2 10 33
1 10 0
1 34 7
1 45 1
1 24 1
2 5 49
1 56 5
1 5 8
2 3 8
1 52 5
1 49 0
2 36 38
2 36 44
2 16 44
2 3 6
2 14 20
2 1 13
2 5 39
2 17 46
2 16 52
2 10 19
1 12 3
1 50 6
1 57 1
2 4 31
2 5 52
2 20 49
2 47 57
1 18 5
2 20 56
2 45 53
1 20 8
1 49 5
2 31 33
2 3 31
1 5 2
1 26 5
1 39 6
1 39 0
2 5 7
1 50 7
1 31 8
1 39 7
1 56 3
1 24 6
2 38 52
1 8 2
1 22 4
2 31 38
1 12 8
1 17 8
2 24 51
1 34 7
1 35 1
2 25 57
2 5 15
1 54 5
1 20 6
1 31 9
1 47 0
2 7 13
1 13 6
1 40 9
1 3 3
1 18 3
2 11 28
1 5 5
1 6 2
1 9 7
2 50 52
2 24 45
1 13 0
2 26 54
1 49 6
2 19 48
2 8 30
2 14 31
2 45 47
2 2 52
2 37 44
2 16 27
1 25 6
1 15 4
2 30 42
1 3 7
2 11 30
1 9 7
2 4 51
2 13 50
2 17 17
1 36 5
2 14 51
1 35 9
2 1 15
2 6 43
1 28 0
1 26 3
2 2 25
1 10 3
1 15 6
1 44 2
2 42 51
1 25 1
1 32 2
1 48 3
1 8 7
2 11 46
2 10 43
1 3 6
2 52 57
1 55 1
1 2 3
2 30 41
2 20 31
1 4 5
1 13 8
1 28 2
1 20 2
2 23 40
1 48 5
1 2 7
1 40 9
1 16 4
1 45 9
2 20 45
1 24 6
2 2 37
1 17 2
2 42 43
2 21 31
1 38 7
2 6 9
1 19 0
2 8 50
1 14 5
2 37 55
2 15 22
2 7 27
2 8 35
2 22 35
2 14 27
2 46 52
1 43 4
2 28 56
2 25 50
1 8 8
1 17 2
1 30 3
2 4 53
1 31 1
2 6 48
2 33 41
1 39 7
1 24 2
1 46 3
2 4 26
1 30 6
2 36 42
1 5 8
1 29 5
2 36 48
2 31 44
1 34 1
1 44 6
2 31 52
2 33 42
1 41 1
2 10 48
2 5 43
1 7 5
2 15 51
1 48 9
2 14 27
1 41 5
2 6 22
2 35 43
1 19 1
1 29 5
1 42 8
1 29 4
1 3 8
1 15 8
2 4 34
1 34 3
2 34 57
1 22 6
1 38 5
1 29 3
1 43 5
2 5 13
1 2 6
2 16 35
1 19 0
2 11 43
1 12 8
2 41 57
1 46 6
2 6 7
1 45 4
1 36 1
2 23 54
2 20 53
2 4 19
1 1 1
2 50 50
2 25 31
2 16 24
2 9 38
2 37 44
2 19 28
2 1 36
1 57 6
2 47 51
2 1 10
2 47 56
2 19 43
2 46 50
1 16 5
2 13 42
1 26 7
1 16 3
2 7 50
1 7 5
1 4 1
2 38 44
1 2 6
2 25 33
1 18 6
2 35 43
1 10 3
1 11 3
1 54 4
2 30 53
1 21 4
1 42 6
2 18 20
2 21 40
1 22 0
1 53 9
2 23 55
1 26 1
2 32 47
2 28 54
1 24 4
1 1 6
2 45 46
2 1 56
2 19 31
2 7 31
2 40 54
1 46 4
1 35 4
1 18 6
2 2 17
2 2 50
2 5 16
1 15 4
2 5 7
1 38 5
1 10 3
1 57 9
1 27 8
1 52 2
2 22 57
2 26 46
1 48 6
2 26 41
1 56 6
2 30 33
2 26 38
1 15 9
2 21 56
2 44 53
2 25 54
1 28 6
2 12 32
2 29 56
2 37 57
1 45 0
2 40 54
1 9 1
2 42 47
2 4 24
1 54 9
2 9 44
1 8 2
1 19 9
2 22 41
1 29 1
1 55 3
2 34 57
2 42 50
1 1 5
2 23 32
2 15 54
1 7 6
1 14 0
2 36 53
1 3 4
1 15 4
1 13 8
2 9 46
2 24 42
1 52 4
2 50 50
1 57 3
1 41 0
1 33 3
2 5 13
2 29 51
1 15 1
2 12 30
2 26 54
1 5 0
1 16 9
2 37 51
1 19 6
1 40 6
1 18 2
2 3 19
2 21 24
1 6 0
2 30 52
2 34 50
2 29 37
2 1 4
1 2 4
2 17 18
2 1 2
1 53 9
1 15 1
2 25 50
2 28 42
2 7 24
1 14 6
2 16 20
2 35 54
1 36 7
2 17 22
2 23 51
2 8 53
2 29 44
2 8 50
2 19 31
1 38 6
2 20 33
1 55 3
2 1 23
2 24 27
2 13 31
1 11 9
2 30 55
1 22 2
1 15 9
1 12 2
1 23 4
2 55 57
1 21 3
2 4 10
2 14 33
1 44 3
1 52 6
1 50 1
2 20 46
1 56 3
2 30 56
2 22 28
1 15 2
2 18 24
2 23 57
2 20 27
1 5 3
2 23 42
1 10 7
2 44 48
1 39 7
2 1 24
2 6 50
1 53 2
1 49 1
1 32 3
2 21 56
2 25 51
2 14 19
1 4 2
1 57 7
1 40 8
1 33 3
1 8 2
1 48 3
2 6 12
2 14 26
2 21 35
1 18 1
1 33 2
2 17 30
2 25 43
2 19 43
2 8 31
2 21 45
1 22 2
1 28 4
2 11 23
1 11 6
2 41 43
2 28 36
1 50 5
2 7 24
1 51 2
2 13 47
1 49 8
2 17 39
2 15 26
1 56 4
2 26 44
2 1 17
1 23 5
1 21 1
1 46 2
2 14 33
1 16 1
1 6 1
1 52 6
2 21 44
2 7 32
2 40 47
1 27 8
2 30 44
2 10 55
1 17 2
1 35 5
2 17 26
1 11 4
1 36 1
2 24 36
1 12 0
1 52 4
1 13 3
1 15 9
1 40 5
1 34 1
2 30 53
1 13 9
2 12 18
2 41 54
1 1 3
1 19 0
1 12 0
2 17 33
1 35 9
2 18 40