642
4293
476 548 608541
312 160 700865
503 506 38890
13 2 15649
104 171 446247
396 355 438045
233 46 179915
515 571 467471
560 42 746179
638 141 566061
588 141 598685
31 453 613822
309 73 237768
547 165 646452
582 471 3170
352 638 367306
150 480 766712
182 32 806506
173 196 878273
585 556 508889
74 517 332614
204 268 834031
327 319 388429
614 641 452726
563 451 803519
232 156 974888
134 411 499573
62 29 113551
289 247 37541
471 265 719713
497 317 803928
265 12 155291
289 17 682364
311 31 905880
565 31 205047
403 182 196042
627 325 336172
301 480 174244
523 30 994817
98 389 350558
226 155 457027
161 455 906438
92 421 929371
434 82 431185
316 634 338268
263 10 723789
206 187 584776
348 581 481310
152 235 7717
612 156 586701
188 574 757739
494 417 606960
306 555 482886
306 445 361141
443 200 6711
77 58 943654
258 221 114592
631 265 780100
434 199 207238
247 435 579841
505 396 776465
468 503 51080
391 422 481898
200 176 793276
352 6 877643
320 566 43256
211 231 253931
174 315 426715
107 632 464671
498 509 588306
292 494 43659
477 320 317550
431 331 673122
114 346 290647
284 26 678953
348 236 233158
93 235 903985
116 123 102822
391 81 511144
326 540 288760
171 386 508685
166 92 509408
57 13 981049
259 64 272314
356 473 20703
450 565 229062
242 493 726708
523 38 46900
185 294 285164
543 443 14507
617 638 931927
437 522 493268
461 172 621297
82 302 323189
50 548 726236
594 523 588902
596 125 647466
533 147 810616
94 483 112118
89 475 703331
63 590 263311
136 61 129422
88 134 178689
499 302 12337
289 138 336245
19 383 677961
581 329 752618
527 345 692871
177 204 956742
395 214 416346
152 399 325215
51 208 583078
533 140 695959
442 247 385263
343 515 5012
604 380 475211
309 136 912272
404 541 332958
256 74 372613
275 447 124923
577 274 826990
117 112 852075
390 333 509929
427 417 946932
66 299 257721
611 583 314962
258 311 3331
548 613 803541
595 177 646401
534 623 459942
424 500 553151
509 581 573269
587 367 507602
210 46 583771
240 574 330730
117 546 493447
223 43 371560
30 559 570606
440 600 763692
39 421 889213
288 74 60869
104 18 473508
582 256 146923
507 593 11937
327 82 547816
149 441 918773
446 247 675213
355 367 754845
379 548 898693
153 312 444326
155 591 904153
321 34 166319
472 567 572798
469 53 71806
500 391 333398
342 580 567467
208 351 520438
134 265 321717
58 373 454974
243 294 502145
528 126 150801
390 550 30695
164 103 591501
291 477 983159
564 459 788675
634 229 414751
114 318 451440
410 539 653423
449 408 83568
515 478 617356
39 292 297058
101 443 929437
437 143 70641
595 10 971222
258 327 110810
134 446 423147
377 127 974300
51 231 941374
420 21 280760
268 551 845518
616 169 404391
229 401 331944
407 83 757908
264 285 388433
280 251 77004
423 602 544821
282 532 529441
194 393 134857
291 91 984007
13 293 564380
155 396 743583
491 564 897025
246 399 30582
468 573 208736
611 100 165583
185 241 273287
450 571 413446
198 17 103831
530 364 592169
312 65 81069
143 403 889087
161 189 208822
300 55 643199
117 199 789554
182 221 640903
486 362 498056
618 503 20056
58 334 346773
324 620 675217
564 501 109308
326 310 87215
106 411 657314
556 288 622917
346 437 204758
206 252 143332
368 302 534648
316 389 962892
121 633 974163
358 638 325500
27 635 341945
611 67 398397
440 205 77537
409 73 767529
59 576 977926
370 359 784291
23 96 427026
610 116 218429
572 31 262371
260 283 266335
586 4 176126
577 316 306135
40 618 608447
378 443 364969
468 248 540961
31 219 413269
259 479 584592
443 437 100748
227 145 558253
135 313 871971
104 189 217511
15 142 18262
368 584 750082
189 291 335003
256 152 403292
134 522 997668
446 146 290011
555 277 259198
272 163 127392
429 282 307396
100 103 360118
46 552 916527
600 157 876219
403 470 667122
583 388 765618
634 89 42345
438 395 89622
540 131 524753
177 98 926166
355 316 286321
242 419 888246
483 379 209767
414 540 666118
257 449 228313
599 564 82498
208 335 177213
618 421 710015
639 186 814593
434 236 873707
415 497 61274
420 200 34167
417 132 162412
443 50 168740
409 421 875946
358 480 947628
33 238 825942
603 60 744774
162 185 509979
95 285 442109
162 273 867967
589 86 893726
510 71 6959
286 333 350002
215 494 326595
422 274 610465
66 438 635136
188 134 641232
587 481 993809
121 124 954082
504 423 999588
53 69 286923
534 560 747838
537 584 833403
384 566 331804
586 518 946415
443 596 980691
51 234 225336
209 493 80545
315 134 129063
514 72 59334
632 270 467094
345 207 155823
430 570 939474
331 636 60303
172 541 641496
551 323 602206
355 156 36417
593 387 646731
591 584 566881
587 434 220658
616 471 632880
307 8 561051
232 198 37355
613 317 770222
575 69 427866
69 166 592793
319 263 254100
181 238 752989
115 476 384443
441 148 690126
483 109 271173
353 343 927147
276 221 392618
227 285 577108
73 439 736601
355 409 73791
32 400 613651
581 16 247015
255 242 942528
631 88 86822
139 333 194559
263 210 505869
404 69 229386
533 201 444753
101 301 970159
316 324 876665
587 418 981022
562 231 216889
181 402 191078
220 259 514824
264 631 887258
440 35 646630
458 456 909360
113 246 430307
350 8 645213
493 306 359011
577 588 467947
313 571 422482
325 266 190789
582 38 177336
32 355 2651
449 142 816932
298 17 528614
69 483 368002
126 143 55690
587 629 908887
502 186 950804
98 434 825534
33 510 559968
533 443 70826
173 587 612467
167 424 886171
311 253 465636
629 606 131688
152 77 538334
265 549 956124
567 132 313742
61 99 222508
207 641 206931
87 344 659345
11 336 6321
141 32 443842
206 299 793488
555 443 689076
304 364 272023
146 588 761699
190 489 681124
302 507 635332
251 477 569974
488 518 581541
509 103 412921
303 376 382844
582 466 40943
146 474 651510
308 2 699793
445 308 821592
395 111 743532
591 548 774501
516 275 584704
175 205 703333
316 591 880668
94 481 687484
487 568 2574
381 114 741142
364 17 460319
184 163 909958
6 396 990394
604 602 916610
290 522 144266
297 171 569867
399 383 333469
472 562 549984
153 120 220682
572 527 849469
221 376 925469
511 640 72947
637 447 356969
269 453 904287
440 208 78400
479 347 373266
635 446 152014
462 439 124599
347 249 706097
5 220 129951
566 114 743011
244 134 838914
121 116 482801
519 223 837001
97 387 587548
3 519 867863
188 314 874740
556 369 421464
326 492 32880
443 357 212226
201 215 984326
128 315 223206
330 261 441371
467 216 930073
6 48 105204
157 202 352311
15 97 303204
129 490 944276
320 283 640697
85 424 52470
451 153 424745
73 371 13255
452 223 102964
190 75 175922
389 45 628805
223 503 690343
379 565 789871
203 467 28990
190 191 213498
278 207 505614
150 270 603987
380 370 947789
62 471 611095
618 375 823374
358 209 898400
134 263 760004
378 346 462708
548 124 783807
315 545 170603
110 246 609603
315 603 208616
265 341 823862
457 136 913484
381 289 642193
189 438 864270
161 606 241671
549 244 307482
258 156 637067
598 11 331798
24 222 360934
42 38 345728
54 565 174679
253 209 212595
405 118 206501
32 301 82216
447 168 265627
414 274 598126
206 396 768366
97 497 897430
103 579 57808
292 596 921551
495 607 52191
512 423 666856
457 447 568027
569 358 139884
637 244 642402
203 511 700850
556 519 766765
137 282 796364
130 166 208390
307 566 473585
413 454 404590
305 127 438449
474 342 988114
428 378 70884
113 263 469487
280 320 515401
29 195 210373
430 385 645365
451 412 399704
538 89 167217
623 392 532438
386 325 485943
176 564 982551
320 253 795323
448 573 761285
180 172 607783
535 173 831675
49 357 514737
157 276 443376
151 236 754735
143 193 734360
433 503 381214
1 433 607342
552 126 82704
636 8 940346
589 285 990536
640 334 493682
537 372 363858
111 361 261954
330 230 71404
297 592 28253
30 103 550378
314 469 155827
545 144 19554
625 509 367074
77 72 165490
375 106 81451
198 319 420639
415 589 235550
299 233 946163
568 0 987225
481 456 235010
260 486 27269
32 257 88512
50 357 471960
487 261 132092
624 434 68102
515 337 44283
255 193 134121
27 211 199212
358 208 590434
189 190 821836
103 436 488668
101 383 792695
268 332 581570
526 275 297458
502 135 56989
105 224 115288
422 190 913052
558 307 730699
267 109 299742
253 168 873690
304 432 614271
322 44 935453
462 386 298133
101 79 194419
225 187 427785
333 537 687302
531 237 568542
209 619 633246
397 412 533783
166 292 847319
567 230 612032
85 607 345511
491 503 552561
534 590 518319
497 45 285658
453 334 382459
550 249 778627
264 330 703156
443 238 296212
215 366 195357
531 532 66537
64 410 228731
521 43 969068
67 253 645187
351 530 132652
291 107 265131
590 453 470641
318 607 387294
632 303 510107
439 334 688239
285 90 406892
410 25 193587
587 333 429197
330 597 693883
506 635 813056
77 355 336837
143 2 630722
426 605 612706
414 292 169553
199 557 643480
179 281 165808
116 631 189391
43 372 124978
191 283 398994
374 249 463560
602 303 145776
111 58 9427
106 227 496670
111 181 224891
126 478 937062
165 264 242186
102 160 805423
482 185 861383
97 106 39770
33 327 839537
282 114 343630
522 304 639962
47 559 764035
640 353 761834
490 432 341363
162 144 794522
179 634 239293
180 631 691829
173 270 161486
413 30 294704
195 417 885696
400 240 715111
542 612 832926
6 398 836766
383 438 294042
611 546 653694
458 474 404423
517 571 360746
497 209 475421
499 374 111729
387 278 745430
50 398 771467
426 222 270457
602 211 538731
436 470 55956
380 541 531432
204 155 966988
591 258 215678
256 640 154699
317 12 201442
400 488 427867
136 456 641020
302 248 42651
134 485 351015
517 279 588191
27 69 339280
463 567 119142
209 299 594256
580 327 752364
584 383 868657
167 235 991854
31 287 979333
255 605 866721
116 149 604401
242 225 844881
229 473 955609
58 466 739979
534 91 101704
132 125 537236
202 377 266754
375 625 468603
385 478 869469
114 613 313241
331 546 701721
241 393 66574
620 69 727220
313 457 441289
265 161 201145
410 12 513991
380 641 178126
62 191 684598
194 366 379905
150 596 474865
142 466 791740
31 195 667465
3 96 390400
452 82 773615
176 229 702938
12 182 929462
559 500 199270
232 321 461706
261 282 200247
119 153 110485
384 297 76175
199 223 27180
517 189 912876
430 579 837590
435 38 594758
299 583 78735
290 342 755389
88 495 788811
214 19 474808
313 147 559322
166 639 37178
312 592 619452
212 281 692075
378 464 301575
577 523 322921
59 84 280212
555 98 727085
142 270 239008
539 487 91305
407 432 422273
32 176 30844
326 341 698107
493 194 907746
171 83 211154
38 502 91659
123 502 366121
45 0 408262
6 70 496591
315 310 317765
359 204 139985
391 301 875977
66 150 376231
355 100 426225
264 18 80037
140 93 992916
389 258 694054
154 297 467959
131 375 339485
464 112 484063
563 424 583890
162 325 569117
193 86 711758
118 208 72689
476 614 250791
471 234 297061
243 85 708654
239 178 84202
363 22 819948
617 315 974647
200 286 649526
39 214 589976
599 125 161099
178 166 532806
212 491 498450
21 45 531054
533 263 362120
1 66 137253
179 366 957473
564 222 905671
31 15 719456
392 576 716814
532 169 544736
499 164 527781
190 282 300910
425 482 50354
607 374 627773
605 315 716628
535 279 856763
618 399 616492
318 3 4819
276 395 834334
436 121 241373
105 293 851827
301 139 923925
557 126 425099
270 116 519439
633 542 425358
178 424 19322
495 610 327300
631 462 101362
365 629 923731
620 568 261727
641 437 800387
79 181 226529
466 394 852534
62 433 39860
547 463 985477
377 622 194814
409 422 573728
138 505 916532
238 452 375125
588 50 883346
304 598 679627
363 504 924686
372 365 919815
374 122 364733
26 349 181260
370 447 545122
624 244 249769
433 364 715298
395 124 985624
166 249 813905
219 394 333987
539 53 771209
386 80 580830
521 182 234054
488 561 729361
456 268 334849
397 634 233122
155 608 910943
424 76 465886
388 338 935879
191 491 735572
294 347 936247
334 77 553688
84 465 160334
179 458 492742
599 372 195728
545 402 268000
308 283 407158
550 201 602073
370 303 429178
457 360 731580
434 423 894833
510 403 184894
327 175 185129
94 390 42273
96 639 325466
474 371 32891
298 274 936566
257 572 964332
95 117 547469
27 89 368244
587 579 741294
79 244 928372
572 44 735616
167 230 268127
76 44 787872
30 437 883634
618 641 247467
601 640 410177
568 128 760959
177 270 836262
204 364 213902
170 476 179552
336 253 315236
571 427 702724
515 132 21747
327 3 758760
229 375 301526
589 560 668068
313 268 471198
115 551 943865
179 49 487425
336 176 737224
285 306 727299
439 503 750662
422 208 529061
295 631 635758
40 301 111611
403 639 888059
153 25 458941
251 123 751178
320 393 221582
143 443 554977
543 438 889325
580 203 562637
596 402 508633
361 466 121297
582 145 418627
418 55 269056
485 395 266256
190 198 721682
516 142 836458
557 414 218935
345 261 714380
494 110 755705
338 154 992831
180 359 760422
351 386 459685
603 370 203911
507 334 80055
464 231 83240
635 230 189979
477 506 128539
31 378 167258
382 580 914948
488 306 309674
465 587 486057
456 40 229431
639 161 37922
530 357 814857
38 303 547728
412 430 562423
30 532 615907
497 316 561864
328 413 479422
416 401 377001
295 593 450082
211 503 641106
384 634 173139
568 58 105774
536 510 362376
478 443 882713
191 463 835084
135 67 583002
282 212 796227
587 305 800519
162 187 956230
410 176 301813
490 39 753240
34 542 552599
228 419 435549
41 387 78078
127 292 288189
376 626 828844
430 538 254364
563 299 195521
633 425 195875
632 603 471620
26 398 803780
53 149 918620
295 177 28321
21 166 896551
461 164 71752
347 465 938004
23 278 123216
481 53 886800
396 144 169398
215 346 769735
341 316 8109
125 323 541791
152 166 4918
344 519 127291
412 236 931234
61 575 647730
608 633 584126
11 366 425534
60 597 20713
574 146 583063
247 470 812971
223 192 24849
563 123 509947
223 96 528345
59 602 987472
617 634 319373
173 428 525284
433 626 573814
270 271 68621
330 563 651356
318 487 3600
596 548 217500
518 225 379856
297 150 605806
232 247 729361
185 328 535921
428 392 507206
288 392 223195
385 406 863097
381 538 538487
260 46 313729
199 587 21157
150 638 515916
48 623 566728
452 254 297555
28 72 56381
231 506 672656
196 215 734329
90 200 846678
451 503 448608
373 70 706264
173 358 410976
17 590 657903
201 44 530082
597 487 831106
317 1 807028
93 620 771551
299 28 865561
550 159 199927
40 299 504448
461 216 3500
127 415 32752
173 632 545954
323 120 472011
392 404 402778
611 602 647331
353 501 913119
239 30 779512
130 308 121924
150 158 951212
493 489 392114
494 29 33001
357 326 604212
367 45 775934
119 340 658364
338 323 978696
558 180 464944
292 358 266142
34 198 683948
176 456 789438
571 583 422129
126 562 881944
85 71 988474
155 53 424745
483 635 172326
52 445 167688
516 112 346029
142 148 517196
394 606 414177
574 126 229862
565 78 455895
91 86 696445
177 83 687421
95 291 942734
100 549 472892
564 315 333086
176 481 36338
245 621 411719
115 629 661631
90 298 14956
412 90 787336
208 473 864591
33 43 758014
281 580 16776
638 641 876052
125 77 884542
320 186 872437
206 417 571872
565 161 447859
88 292 535549
50 106 524104
97 186 258020
486 482 894668
188 599 19269
8 525 654992
392 567 247991
11 461 497639
343 364 981881
450 620 149715
548 191 892403
113 256 912241
372 19 513631
303 6 885919
171 273 137808
582 187 813574
544 433 800482
584 406 561718
550 80 948905
26 262 793650
498 180 197112
258 52 915744
228 572 849604
498 327 749350
553 556 552456
221 345 274332
357 424 248930
534 232 24855
256 433 872754
441 392 56400
293 637 355680
478 75 507092
466 456 128465
582 599 522144
270 207 622829
44 303 114817
26 283 315904
119 151 902286
417 303 564584
429 280 120607
169 98 272071
159 212 49148
88 628 285694
636 184 800852
86 591 948419
633 65 645054
160 632 926517
160 502 813804
419 107 621905
592 146 869836
517 24 862778
43 218 797677
356 9 26643
613 395 893371
542 460 894846
307 414 172372
457 582 557385
320 118 804343
464 453 538635
261 249 497360
238 92 178071
290 217 488552
233 395 157007
127 97 5539
316 610 716348
183 145 929141
601 553 117186
358 218 419512
153 454 844254
22 610 501365
77 309 861125
466 194 109698
335 309 990214
138 316 956145
302 122 176818
449 361 387091
42 615 902147
486 26 994594
318 194 611658
265 310 341913
210 417 155052
6 278 70362
361 497 202081
180 154 918019
517 357 988787
573 578 879004
198 393 180024
142 389 821634
547 140 256423
503 449 514592
485 583 563519
556 143 745769
364 218 8549
372 360 262138
140 123 327180
248 301 847619
157 630 992537
446 545 911206
582 236 577461
495 138 315932
86 492 819790
44 33 535528
443 379 688711
420 201 799423
75 229 24301
462 17 638109
481 379 428751
34 470 117968
504 261 737205
475 629 693787
479 580 185725
386 229 558196
454 340 978766
488 206 70284
87 155 119581
594 620 8320
89 419 755759
193 431 216998
465 384 590582
188 198 848555
481 21 318927
532 366 808561
63 182 452632
263 522 405870
600 42 303620
242 501 479026
508 327 768467
316 12 93663
231 180 169303
625 565 276541
615 355 952175
316 416 979244
479 43 814515
207 200 25317
158 580 170922
515 447 342697
264 326 577379
292 230 346744
357 518 15872
85 564 500196
96 334 279971
130 117 931725
255 623 891491
318 44 814355
541 2 357007
96 181 656619
500 280 186714
554 195 804443
434 364 276895
549 188 822738
247 469 667204
548 311 83047
48 19 826871
184 352 804590
231 490 474836
86 118 63295
436 219 718477
541 124 184282
550 626 918033
226 167 268989
253 478 278852
35 130 746777
578 54 21041
46 398 621770
361 188 446869
79 488 727765
458 176 91728
376 502 890053
476 334 470060
466 621 72582
154 46 856887
628 143 672496
303 485 436873
278 635 366715
403 207 381658
86 508 923476
18 407 578179
108 136 726596
580 339 72149
62 165 587534
5 92 18705
492 447 343268
281 62 505255
16 601 279478
421 84 345399
349 493 619140
398 139 790836
2 461 746987
620 637 346290
67 241 361655
214 9 422788
376 14 778047
52 269 834976
159 457 553669
158 553 666158
592 320 563700
62 612 60592
17 332 627219
564 122 462224
145 355 869815
480 75 871878
570 396 968655
170 480 893291
20 343 344388
616 2 757259
101 53 709931
300 72 538233
0 516 933503
470 192 572894
541 312 398531
452 574 843093
240 456 805219
363 497 898230
201 356 388742
517 499 94691
206 637 838745
12 81 542797
585 624 306704
630 478 567232
93 408 715155
151 378 389298
83 388 914927
411 611 474309
591 457 80048
371 122 634400
93 211 764052
296 497 500423
340 496 919666
431 342 211648
116 596 643983
249 346 146560
243 227 368919
108 522 730050
225 608 29309
451 576 308212
599 523 719478
111 381 956107
559 528 963658
283 513 805356
30 498 823555
437 349 674842
605 82 2030
294 242 886562
186 127 937655
49 526 174170
368 352 159139
177 94 829463
254 138 812201
545 332 871004
181 521 681772
49 555 781476
599 363 4414
425 92 822267
454 341 392568
159 409 135455
407 354 85142
164 104 104460
577 323 601610
378 6 154658
325 242 389727
210 208 735748
598 48 588485
98 470 482303
455 435 134746
492 342 597266
532 135 722347
47 5 332697
507 264 377539
201 135 792933
415 262 505967
539 604 62287
374 352 299840
127 179 591595
546 25 389106
314 332 785032
300 604 616320
243 114 801801
526 369 950636
493 173 86720
586 48 713661
629 268 613988
272 605 684398
319 146 984267
381 379 788711
275 213 972973
396 227 688012
604 223 319517
160 381 723493
124 178 678105
4 560 494856
590 371 405003
34 267 333935
561 320 770564
512 149 181830
344 348 703375
172 342 232227
385 100 226433
97 389 421008
273 439 963523
332 13 292875
308 409 833789
39 195 91038
209 273 825885
320 584 506537
62 334 739132
56 635 351403
443 63 993629
269 278 328202
206 611 751123
571 611 764336
120 578 534613
584 212 398455
172 48 991182
591 321 999194
200 562 53628
116 282 762479
66 589 648316
296 104 858347
96 42 210875
320 11 724627
333 331 419920
538 585 414148
504 405 332423
359 595 843708
114 62 101596
90 247 512382
552 299 97073
635 508 771442
614 112 785752
487 594 501506
304 595 966979
609 493 214688
432 334 536920
165 612 469124
217 447 288888
247 136 470728
302 508 938398
53 640 805081
204 221 587807
238 134 810193
598 463 236220
268 23 944364
447 585 61094
29 70 260667
282 536 744558
49 160 475189
18 232 9551
411 208 442181
90 242 215833
431 404 398238
190 249 115162
276 77 798552
401 367 11783
27 589 753678
230 161 617452
306 246 797043
524 502 945100
501 38 854695
453 551 892415
240 213 953384
88 220 250481
249 338 316465
543 302 474552
458 402 815785
176 490 694966
552 50 443219
265 88 100160
108 297 387620
425 310 837024
181 489 332908
98 435 36302
405 103 65879
455 602 48661
359 297 210886
86 122 471068
527 549 502908
73 217 3467
29 57 465793
341 63 190304
586 317 608908
546 517 78734
633 559 928279
74 106 156214
114 32 732498
321 594 877866
109 155 207896
36 457 123310
128 249 945829
559 269 681919
261 128 325649
576 28 653703
411 553 404791
489 294 894998
123 494 785946
115 631 337002
580 407 942605
79 110 467685
554 273 356622
277 272 85569
101 276 455513
82 222 516641
438 353 167533
321 29 371042
285 128 559708
113 31 617448
629 325 944490
589 358 177957
18 595 943520
614 422 772535
265 466 49101
426 355 55256
588 184 698475
135 466 371491
437 150 637626
495 321 664265
476 374 368367
538 428 485631
515 377 817423
433 615 248028
135 148 807123
633 51 101704
517 248 240735
282 591 4260
579 312 615311
77 360 299322
168 537 649920
441 106 104592
444 326 6639
226 206 512920
203 239 652005
630 119 267523
199 98 770985
45 102 229945
505 605 976302
301 233 13713
360 562 768369
346 600 550876
341 331 18958
297 196 212084
242 68 674327
272 212 785355
443 25 235104
488 428 451803
262 455 746419
578 212 896166
624 513 356902
448 56 521913
432 51 160087
218 558 343911
481 18 717856
626 565 413176
121 350 139814
364 84 826885
622 102 458940
135 342 558712
310 346 663726
536 460 410720
514 27 748056
39 280 995928
533 7 806061
494 60 920829
98 252 563321
350 162 461669
403 567 550474
510 28 244567
498 47 488750
329 387 44849
22 166 505314
383 415 603129
362 588 66642
437 525 410530
627 277 520972
603 343 563311
389 539 92642
492 239 989101
483 351 722424
254 240 392332
582 577 877332
139 603 790931
487 348 205352
360 167 578141
208 163 537346
4 458 65021
258 599 261560
36 208 716693
361 15 88644
145 242 736644
375 192 408981
93 423 829271
36 247 806109
462 166 341535
485 249 453799
29 277 327549
274 387 506151
221 346 309611
114 209 567590
348 285 715630
25 542 6506
257 395 80585
51 549 381533
308 228 343073
604 473 919143
397 120 966277
366 395 157161
431 611 470881
176 467 533692
277 336 807391
38 145 602932
374 114 12813
537 45 297195
314 422 892936
437 395 826791
262 430 354782
382 175 457332
575 380 37011
607 409 132674
372 380 54593
147 549 405479
529 104 567274
215 155 460495
372 548 445854
489 541 217419
508 326 311351
274 155 628255
81 550 240836
240 581 234331
235 589 562325
111 83 946303
148 493 358497
309 301 826088
368 268 116771
549 638 404305
602 598 772607
632 442 782760
459 14 267092
639 569 956403
465 379 279589
128 431 790615
456 582 637761
395 245 133970
68 213 756153
392 431 802940
536 481 477546
419 17 989626
101 2 69267
75 12 446869
277 246 340069
331 386 66521
34 43 602691
299 236 837938
252 225 852717
554 621 277889
420 575 372637
601 322 252911
474 409 300227
394 482 221657
328 54 543064
51 33 433277
324 120 946890
431 478 984174
289 57 119034
348 473 952123
332 612 390485
336 497 865006
127 573 639687
244 629 847897
286 76 755230
351 296 757328
339 113 791490
536 266 439055
276 547 847760
624 616 736409
288 400 851050
113 344 705763
170 323 62969
138 488 157759
608 272 233075
433 445 750392
229 324 623573
218 398 423378
581 168 763985
342 428 606202
386 196 474366
84 442 155177
189 524 9466
539 188 419668
123 479 678551
588 279 832126
637 208 497411
66 541 635255
160 43 504885
143 452 524680
433 564 718061
250 145 910179
186 36 977656
332 405 737616
446 355 152089
326 343 773688
494 261 83023
468 507 174662
366 525 166567
347 90 824310
108 174 38496
274 489 434081
218 276 505552
550 580 496278
269 205 631295
467 116 327580
106 482 235341
536 534 357234
32 425 464622
428 638 820482
600 240 624274
83 585 282093
189 332 279184
210 590 899629
471 577 360948
493 601 909539
184 399 451300
208 74 872636
228 317 570320
258 396 461741
527 201 257516
535 89 277361
194 447 966868
216 312 588285
579 376 455702
148 356 802402
251 292 233394
594 538 171845
305 523 142338
7 135 642899
450 226 638883
81 625 506462
39 591 850281
453 206 408753
552 33 865835
358 41 491757
328 570 727628
239 220 567322
152 100 765898
585 40 252831
340 311 881260
458 459 176866
194 127 575009
637 449 706935
144 320 365015
441 38 757545
508 356 642930
391 452 716366
219 556 436376
329 601 899833
32 18 10645
399 585 519674
538 602 594887
320 222 616489
572 379 554731
444 156 922149
388 88 333128
147 209 582448
122 523 554145
343 66 553950
489 495 935315
452 545 598286
96 453 376527
300 521 891105
527 139 465337
156 551 651268
58 421 113625
614 482 618604
206 605 372093
10 469 475158
623 110 744920
94 54 352270
549 393 384500
381 383 573122
520 56 223138
88 10 197783
355 125 98935
630 514 74112
510 156 245176
147 279 735673
39 123 535689
389 46 999980
148 281 167673
227 631 551142
509 444 38243
493 592 439242
359 324 568094
333 619 973911
96 92 767139
631 606 81419
616 386 62763
635 128 17590
329 332 443996
592 27 837158
412 85 220886
313 421 435177
539 189 507834
480 52 493388
373 506 38376
621 136 997428
432 85 658640
578 447 775609
123 257 542306
175 361 949680
635 556 139208
616 134 758206
360 407 446124
437 304 967006
93 415 455500
420 81 55940
325 343 726515
43 602 47187
493 425 410401
455 392 429010
65 267 578824
228 464 868354
219 392 942535
149 398 574345
22 141 739370
199 641 306131
608 273 640890
453 597 181381
575 412 960353
47 337 29040
240 108 184359
420 547 88645
69 193 379585
186 446 738974
441 536 972932
291 457 172435
309 17 710403
332 609 709582
529 553 575053
613 403 832269
627 449 555655
446 206 824953
34 449 367783
493 294 619854
9 200 462973
67 386 604801
222 190 612176
141 379 704464
31 312 205223
23 560 586807
336 82 479147
417 106 911970
446 551 817476
278 110 815927
26 27 312282
381 432 992587
16 615 801514
389 292 634199
461 257 893818
12 550 805533
190 161 550377
366 522 383639
484 359 425546
299 361 91916
40 484 960035
38 121 104334
494 507 253744
217 106 860053
537 312 327294
245 22 735268
333 153 620428
433 208 747989
381 107 557951
444 291 448703
110 31 748963
134 433 823114
268 611 20292
622 365 257430
141 252 933869
320 318 191187
635 518 113508
429 597 78157
128 533 682523
23 424 444257
633 224 83073
613 291 594522
545 362 674568
132 239 715803
275 584 606130
629 22 400554
232 37 875180
620 238 853375
119 181 340405
286 241 566235
278 529 134609
155 175 484911
207 375 348395
74 241 387355
137 218 906465
529 419 503139
445 277 611443
585 520 256048
397 13 196785
441 195 890793
588 428 998560
425 544 997006
417 577 845324
429 97 74351
359 287 75347
101 158 650508
211 336 957015
335 555 405175
596 214 605201
459 30 96636
239 302 905593
195 579 353823
3 480 476658
485 490 595521
586 0 910833
373 630 563370
207 389 495684
207 150 4866
420 56 398088
20 285 938462
126 118 946426
626 55 396217
567 570 546726
43 232 531987
341 111 835112
220 41 832181
205 64 64609
322 23 430375
96 204 8800
149 257 18607
183 347 211301
614 300 51433
346 488 627885
378 294 56011
390 549 701630
234 320 447865
178 487 999073
424 573 503779
462 211 60817
238 111 488794
535 51 439552
325 324 496523
419 245 726449
211 420 454076
212 337 86529
275 32 539321
350 26 852206
441 43 710893
487 195 884956
30 12 173906
616 128 444030
383 331 599186
560 428 623671
283 345 478571
113 526 316684
514 214 435569
241 212 753894
170 130 385701
640 484 593496
433 374 875754
351 629 769690
403 312 100612
85 350 224858
416 260 26362
573 346 671450
333 287 952036
621 586 624000
527 500 739814
274 164 465533
328 633 129440
43 188 505642
35 165 261008
546 510 333605
612 472 87726
396 408 304114
44 566 489948
369 507 805225
466 433 973937
569 453 574645
636 397 787673
594 52 838974
430 320 394020
22 173 901555
595 64 874651
6 377 261555
597 171 570563
635 41 806299
67 508 489451
264 586 645964
428 33 444833
208 34 339873
441 39 789458
139 6 427282
445 124 959122
126 440 962974
178 502 273566
464 49 729470
540 437 290872
603 512 690385
584 58 517859
371 20 671555
183 574 646679
92 528 197944
582 358 955431
316 565 643698
566 214 267934
279 282 103982
161 480 945983
488 184 25833
254 300 620734
349 69 458292
306 253 674008
28 63 487800
475 476 819026
32 124 475827
128 586 788325
10 407 636143
404 640 647562
189 596 997976
503 44 5900
137 51 747272
75 297 146721
334 517 335901
6 431 46045
224 369 376010
298 395 550165
534 614 223007
106 121 701596
468 16 338906
314 454 155819
559 112 690230
71 559 790439
124 494 392512
571 237 593180
295 157 633598
340 260 400890
488 619 366170
478 473 568326
341 472 581367
362 109 138006
13 267 733218
137 351 777960
286 54 17216
487 373 734153
281 488 913646
309 81 351028
13 348 72912
221 561 350267
489 412 202107
311 164 805694
345 325 542829
467 546 819
81 350 616773
617 578 837679
563 66 888968
535 319 794038
41 121 112803
193 641 837754
637 142 331127
552 217 858301
390 638 637863
381 307 776322
405 202 250409
467 367 927424
607 139 478244
583 624 51109
436 112 609896
223 480 113199
29 360 685430
425 222 562693
273 194 709444
520 501 222825
105 333 814405
617 93 277132
386 99 350174
452 412 663122
630 258 72163
414 507 862290
367 85 324781
50 75 878214
111 65 363873
315 309 527902
170 307 875175
619 452 512933
402 461 534402
64 395 941830
496 82 320955
560 391 13706
39 199 127425
197 304 598799
59 363 880113
529 525 817656
69 198 236814
566 18 192076
128 171 236169
207 533 382323
168 163 377673
582 290 571227
264 591 632223
39 374 976067
276 417 182780
597 132 63552
592 578 824671
89 327 940283
627 228 872831
302 104 685651
563 273 654997
544 397 148046
181 150 141540
157 621 925071
290 418 358145
631 481 49997
77 515 28278
88 281 90371
324 313 761671
465 168 825608
614 362 32908
428 216 855717
143 565 110301
453 359 441695
572 430 569371
269 492 212527
211 377 611981
10 629 790052
386 126 382666
619 261 827977
339 15 525408
543 635 450387
403 340 91212
8 621 688215
499 391 641301
7 575 869521
63 389 549100
29 335 382241
220 630 505703
292 61 158938
124 111 479294
135 116 501785
251 437 139961
79 234 474315
447 438 199013
326 10 309796
432 393 858858
440 66 210762
199 322 371946
547 152 735237
523 41 63466
120 247 245962
99 578 92171
234 565 200808
23 572 652332
82 6 630512
162 528 826964
41 401 110311
374 264 623928
273 580 176472
96 513 446801
36 588 284809
639 384 687964
636 227 412359
242 576 273147
128 531 679498
28 121 662921
360 151 736743
518 52 256326
277 535 913003
367 505 217894
216 380 933469
377 265 8639
9 601 820636
622 580 893263
217 56 537910
359 22 777735
533 382 662646
25 490 192409
513 310 477622
577 250 748354
12 446 166933
370 199 750745
366 581 906500
53 104 322110
106 169 556911
460 226 680356
615 488 444068
137 474 540432
435 227 66795
516 336 893125
596 284 238214
191 366 547681
287 419 194599
158 127 330809
518 344 646978
432 479 683702
394 191 356860
76 293 518233
18 298 901936
487 522 993839
614 155 412781
351 10 730231
475 497 771994
35 351 279368
388 25 139090
6 204 367351
640 571 138937
116 314 116261
427 506 17602
313 292 263294
42 402 732899
533 106 253592
12 608 452720
215 465 161782
267 69 1402
184 477 433291
217 272 877931
221 147 486605
181 399 435266
597 18 723835
147 540 150755
390 494 689070
197 150 89584
236 208 502248
6 503 513013
555 365 506528
574 199 460756
89 532 640345
153 272 102931
206 435 969713
641 472 599135
46 548 616243
333 365 453931
175 320 107390
298 548 84199
310 36 701562
92 619 562554
113 128 783010
314 89 344253
183 390 325391
276 9 88803
200 93 953596
400 493 416177
232 466 832300
296 155 12524
527 16 332158
337 48 165928
8 110 954443
405 538 689307
626 191 805986
171 329 98120
39 81 535411
270 9 327465
111 113 6400
610 112 242055
268 486 98228
328 283 797635
467 487 144326
447 114 363035
175 630 195615
557 161 718818
254 560 303835
28 331 678048
540 5 81460
368 240 502398
528 208 518076
250 165 20947
622 93 529890
113 244 69135
52 100 192828
101 217 93603
40 424 952998
637 530 615921
98 560 328531
161 395 643783
165 527 345829
436 199 875925
549 342 91258
117 287 63679
125 65 169827
144 4 413843
472 372 650410
47 124 486019
472 16 340756
517 408 98312
181 29 30167
308 143 171985
567 176 949096
539 563 963706
470 454 330900
365 56 992894
195 362 125082
116 354 592308
76 310 533396
33 345 669524
107 578 117425
48 308 55078
34 26 951459
603 600 309685
388 279 513241
262 1 104351
570 358 195147
396 269 436694
87 610 23936
454 273 744390
9 273 765854
205 412 836223
363 483 475880
350 513 207278
306 428 664351
246 39 301286
532 145 594731
609 614 656337
171 540 802519
225 365 929240
121 346 319932
617 189 787824
409 24 480099
405 152 842344
88 252 236231
209 69 434787
404 175 983478
93 129 447804
335 204 232102
531 29 929372
247 278 960831
285 293 139733
124 615 515952
295 627 846986
475 364 484071
534 505 635510
480 241 720018
501 176 388141
434 268 647919
608 284 489621
481 157 507077
325 491 99972
386 343 843315
589 328 115332
131 30 881908
190 574 136358
602 515 198176
6 595 741441
496 33 966437
570 16 218165
83 384 891366
300 635 633173
71 473 327661
326 380 50527
46 230 424106
410 391 141439
368 31 502390
445 9 24744
473 598 776972
76 634 711577
420 280 134849
6 160 761176
504 505 397837
496 454 811992
281 361 149027
170 1 636950
581 312 386960
209 172 935815
269 512 650429
570 600 375100
622 234 735694
631 638 21544
264 9 340649
86 79 516541
116 128 636784
362 373 541684
508 129 53886
307 253 822881
293 24 157984
260 29 468454
116 107 668161
433 251 844577
15 401 533106
50 584 377509
613 342 443051
608 193 292097
161 282 789897
167 177 92730
320 252 635213
143 459 516812
72 508 394101
4 268 702615
121 312 107737
527 420 412140
452 409 377719
35 597 87943
330 508 96704
95 632 26121
590 465 819608
263 161 504368
526 502 375074
68 341 895175
123 107 402387
507 626 99883
595 410 324247
557 73 794607
120 359 143678
114 542 87437
225 345 743952
638 53 671692
143 319 95161
428 449 87406
370 507 956586
206 513 702622
37 13 831653
7 59 799797
465 291 550073
574 280 636135
445 597 272864
347 386 497217
372 67 757130
328 95 417961
211 71 690469
211 328 906886
71 9 143362
587 257 231347
119 252 172709
305 212 297690
468 106 904742
128 433 632330
146 114 845791
330 143 604051
482 508 337370
473 271 558912
289 510 661668
478 268 101967
326 240 458153
435 236 821875
151 73 338374
550 464 39056
184 45 983778
262 142 939432
537 157 652869
538 605 929012
133 498 925183
549 77 737042
331 553 985452
636 240 631287
606 220 465739
5 278 402356
336 186 939003
517 179 453796
377 124 334428
335 222 811517
560 580 518341
180 416 188259
461 524 558061
559 625 339625
272 566 135982
476 631 462323
155 189 284099
453 84 371247
387 28 177000
373 356 954804
61 28 136361
483 602 824498
145 547 752067
146 499 969509
329 153 485735
334 514 719061
311 554 766405
448 588 878170
82 45 651710
560 217 371268
403 418 761380
373 28 770995
95 480 267724
392 579 540287
179 274 583789
466 3 368470
528 50 129862
518 440 719656
354 484 668764
34 416 60418
270 633 568870
494 482 685873
388 410 727108
431 390 29391
596 347 290410
261 272 3822
227 347 437207
86 55 563741
337 392 833291
495 427 280457
581 474 953806
550 421 921385
585 143 421131
625 547 942400
421 561 983335
401 623 460240
353 372 655008
266 36 719099
523 154 318783
453 622 74314
427 263 617071
354 622 533324
397 280 256429
542 600 807085
359 338 705634
228 479 244373
507 57 450800
101 299 196311
494 260 823847
30 326 950672
252 57 484362
171 591 102473
209 429 340775
38 632 104504
187 154 42053
510 100 508041
192 510 231170
198 68 816399
293 389 685646
568 168 506751
188 278 462267
219 169 224907
435 626 876565
261 519 727082
24 117 510374
609 472 517273
431 95 870480
190 471 204884
449 564 912793
51 36 663937
625 128 440282
401 435 91363
627 430 841891
75 315 798335
174 307 496103
175 52 682376
295 472 474515
137 160 962505
41 464 335239
113 446 899764
584 104 121838
615 32 286533
48 145 345299
476 336 100810
118 565 653571
261 512 145340
268 78 600787
605 483 966355
343 538 760401
451 254 566610
610 596 426410
372 343 42013
436 245 389014
113 481 35637
94 290 298024
174 454 65757
617 162 635722
636 85 585011
270 503 190301
281 141 229603
599 425 904200
195 384 312822
544 361 918319
525 441 203384
87 585 102982
378 472 105787
450 42 334956
17 220 886607
48 631 765381
484 164 962016
353 617 474081
171 438 620339
168 37 794856
451 517 817703
625 342 824584
151 535 764261
565 250 265640
537 624 867112
600 10 890072
423 236 967831
269 243 914159
502 626 954713
357 24 149482
450 133 5804
571 72 878778
416 472 975255
2 87 415520
623 296 480173
66 608 137718
597 134 380020
419 232 351984
306 579 626363
252 455 929551
106 477 484018
574 419 112300
406 618 726
229 58 517962
520 83 558916
405 281 572182
3 521 548170
520 249 50683
95 221 790650
529 628 819631
614 34 6233
292 112 927921
511 155 853113
235 284 630706
349 396 611992
259 149 854462
175 572 376335
401 349 76205
55 126 95584
501 616 308903
349 357 116275
84 492 175319
77 526 811139
535 4 187048
97 436 452374
438 229 378143
115 623 734058
628 432 280058
435 182 241164
373 139 505874
102 220 614782
423 91 217418
216 104 864798
317 549 20857
549 194 109447
404 304 729975
571 146 608451
267 640 391811
202 180 219479
567 357 207449
342 427 96468
386 365 807478
26 483 434980
111 494 473209
391 582 5573
447 230 780776
476 537 549539
21 562 704816
377 8 182320
357 504 699809
579 421 559019
455 5 361126
31 353 426995
605 404 349209
194 400 453034
139 497 499715
211 412 575651
209 109 16279
466 161 840135
265 469 577963
196 91 141793
258 266 274294
378 14 523047
317 588 605248
440 504 430823
106 219 936165
7 483 682151
364 43 156063
364 186 263002
327 405 823389
569 376 909592
534 72 934615
572 386 995476
16 355 379257
251 205 883852
43 466 790105
309 560 460719
522 143 474843
598 572 331340
303 313 669261
105 597 139282
251 409 694965
268 320 490379
375 252 493189
489 160 782241
544 204 392271
402 479 201928
77 179 566180
488 313 667979
556 443 560109
521 193 673546
587 48 482079
308 542 431073
252 113 724149
641 256 613205
344 236 167490
157 181 14792
120 496 270510
55 493 617068
445 183 412552
200 442 736156
74 457 167615
193 97 848841
47 173 453923
194 328 241825
628 184 214630
557 78 616549
122 97 924113
264 15 560699
482 350 807744
157 244 521997
555 302 466306
234 476 259899
128 7 398676
369 516 828403
266 5 370252
46 242 130362
601 400 907053
385 16 179171
31 528 947323
447 354 430492
385 304 18865
603 188 570792
503 388 317501
330 132 301844
316 439 524771
245 298 300689
605 0 391768
139 617 152161
12 429 301916
416 526 399878
388 53 139808
626 3 44148
363 524 997100
255 400 655930
466 397 757164
355 579 506195
324 332 103650
368 489 294947
60 114 275893
243 172 235683
201 418 252710
192 422 273484
110 19 923348
473 306 898088
466 47 917554
223 213 452317
239 301 531770
343 322 879171
359 431 415238
580 509 667953
287 435 191438
25 398 585065
38 439 175622
24 29 481177
92 368 987025
493 28 147394
158 323 978587
306 109 775264
474 467 382717
596 121 38453
167 507 873091
444 234 859445
55 625 147230
264 612 188934
121 376 631507
136 575 637164
238 600 476487
249 525 932606
291 602 718142
540 36 384013
430 103 673769
53 280 240690
430 125 911928
69 639 271842
546 591 507969
331 518 212951
500 493 123395
460 347 264358
88 607 573437
531 219 76896
348 150 975269
255 620 35654
447 556 691489
297 132 763388
568 42 392210
563 410 67472
46 241 629771
636 569 938707
574 503 305897
194 399 387899
453 613 464499
91 218 61686
633 281 488031
549 374 512026
448 163 291616
334 234 369252
617 530 47700
411 266 712875
261 373 703921
236 385 730770
534 272 632406
99 533 954371
310 57 584211
486 72 234057
83 253 89380
207 94 527576
418 38 854365
10 405 814903
612 489 146805
581 430 159842
78 189 684990
328 537 133326
16 430 346976
483 130 545808
138 247 357956
487 580 833432
282 371 365399
342 506 320698
55 105 88563
31 241 667737
418 85 251937
39 38 959107
401 309 32983
431 527 32553
322 189 585996
204 42 813941
449 346 461653
514 400 739404
37 516 820286
233 551 918953
94 345 287344
71 266 346985
119 136 406521
574 390 64777
304 551 384589
197 303 365243
581 166 489861
407 355 85114
277 130 89950
133 405 837528
592 210 651809
93 397 277040
276 85 702479
192 595 908791
421 385 335652
200 239 893159
222 501 759919
136 77 879141
394 133 316361
77 93 120018
458 52 805800
467 625 229113
125 523 534207
188 17 736047
514 81 286556
504 309 445347
265 206 61715
84 230 81482
465 548 988150
176 532 782881
87 120 195679
427 563 908294
575 63 447029
31 278 628095
337 395 184127
268 69 473391
494 403 258994
76 561 926957
403 478 327781
359 604 125809
313 415 971066
116 519 10734
453 252 460159
394 452 538157
337 215 333469
509 550 788323
389 260 712594
431 235 476910
142 403 404457
443 293 362287
586 213 140310
188 149 609604
492 605 752797
625 171 809111
465 169 659029
303 266 905902
269 622 61683
576 255 95433
568 228 893767
199 439 95929
477 550 980870
580 525 718794
226 59 828986
590 205 104787
307 468 425327
11 57 344720
453 386 348699
568 199 558273
483 173 9696
436 608 369991
184 22 579108
40 563 290111
60 440 118972
594 362 199384
41 178 839151
313 275 661289
379 519 188241
302 40 898944
119 378 466159
130 438 473812
314 569 861792
408 504 455189
620 32 280619
507 127 815565
353 472 828745
321 455 744918
223 258 383435
245 561 537050
185 407 951013
590 488 837097
617 125 496745
629 185 633436
357 106 94533
490 251 641683
637 404 472832
127 173 622878
196 465 229452
411 130 965874
353 283 582616
61 476 156269
570 206 490312
479 236 344692
423 341 964625
433 591 429589
475 598 283858
539 260 934310
521 424 819482
471 384 904381
245 403 877378
416 159 52790
158 164 707751
535 126 537067
626 310 614579
15 231 476126
120 117 263692
311 287 776666
555 452 473337
58 28 451636
562 518 957382
373 346 182366
394 459 119240
414 120 664350
519 237 701300
624 96 682744
331 272 731880
53 100 50081
176 616 875435
593 539 741015
243 555 375551
274 388 684596
533 125 841531
139 524 243534
17 339 581875
152 469 584076
5 502 550781
618 23 55342
592 170 118174
235 132 563652
156 461 938869
362 444 725519
6 200 541937
152 340 429791
575 234 269740
415 189 184082
341 391 206179
517 107 319174
585 127 38482
533 219 778081
593 379 566750
60 13 227240
334 611 497082
374 512 283057
151 443 630015
298 289 84920
284 219 496338
306 39 989639
187 526 49644
638 571 562039
604 305 158190
338 57 469555
176 391 835154
521 464 578483
625 160 133709
498 366 348748
49 158 607331
258 364 261326
521 232 270299
105 243 37788
261 319 866980
376 290 359584
603 497 951321
382 332 764816
492 237 228022
410 504 58141
388 391 40537
13 416 588385
441 364 34956
46 35 980920
515 303 124071
544 0 870087
117 194 245256
533 173 383255
167 494 239725
130 477 605295
137 241 534670
358 610 621238
577 376 433351
340 471 446466
275 463 778435
409 298 356494
583 262 214087
356 379 707490
604 301 166527
405 180 248035
268 190 956381
147 348 623674
89 404 440014
359 349 3949
379 583 98736
509 524 220363
352 9 49301
324 465 908270
132 37 406821
254 612 491514
211 229 954296
268 282 659535
234 573 285534
593 121 761998
33 545 995704
122 622 413214
522 524 558472
195 175 523361
263 608 559852
579 75 326687
210 628 903617
565 366 999824
428 69 328112
196 204 724499
159 206 390370
348 519 800513
314 396 611901
171 105 788250
339 50 471224
179 552 54442
60 92 224580
597 430 552212
617 245 578159
148 234 567615
582 462 565116
262 372 305230
254 295 925380
69 396 618280
119 605 239091
271 396 755974
353 211 373791
421 406 349110
287 218 810245
54 172 154810
441 114 33047
460 217 182739
321 612 411484
202 337 628342
123 137 138195
13 318 502766
95 80 757271
527 169 709714
337 176 108193
345 547 260140
181 542 136733
259 443 626634
549 593 26480
46 214 284189
209 106 602314
37 554 555794
452 466 15599
626 578 424571
491 237 713762
4 505 408649
116 221 898308
83 565 47094
612 606 833754
153 233 926364
582 477 415144
193 27 868310
145 66 322974
357 473 703614
529 381 893219
609 79 826747
95 543 487054
255 338 595698
537 528 419072
30 208 811307
617 331 356289
126 42 233685
554 357 164752
558 201 581400
333 633 287529
524 406 566602
415 319 156403
96 556 344077
48 39 111433
529 410 939024
469 434 828238
263 224 306106
582 511 89816
88 115 2984
14 353 632988
118 144 660379
131 148 214681
520 360 369399
110 407 230881
122 510 35557
110 382 621221
150 284 512946
353 310 159189
51 431 481148
112 273 963814
291 249 509912
600 558 162407
42 446 517150
99 502 502107
349 313 283854
342 361 348835
214 509 398088
251 571 531549
275 392 1602
194 266 181825
127 390 388515
607 636 807280
245 312 74738
63 311 293531
291 363 922802
70 595 524232
634 437 118547
62 354 767507
417 155 357555
79 284 518187
310 352 635790
300 276 541700
154 579 348914
446 490 346981
331 34 880380
400 527 774640
603 204 430756
229 186 336968
463 327 757806
477 308 32366
462 157 123162
224 516 63489
306 165 723974
586 269 266768
554 94 51844
494 226 788607
117 281 351629
73 347 192523
321 199 746051
351 79 460489
383 103 608447
198 509 151541
132 41 703392
261 328 580814
45 600 413883
134 316 875496
457 0 98628
97 298 519120
33 329 153485
137 409 214441
276 359 130611
214 92 17902
412 564 923629
407 480 859426
50 277 80497
427 231 555974
359 227 245090
628 539 673483
491 193 293426
23 311 194191
235 429 292429
342 76 255957
225 12 260845
429 630 987852
0 120 959355
64 507 161959
210 266 293903
501 102 936701
592 92 46404
231 92 133542
629 513 295215
563 301 749885
320 275 72723
261 636 800927
157 566 61218
546 273 978273
343 91 805545
365 213 54022
502 338 155629
151 137 702166
146 227 829329
578 451 396449
283 313 108585
40 358 348148
211 427 245197
458 529 911714
448 113 694684
185 564 295559
398 639 385777
168 99 434121
492 396 54016
10 18 298945
418 641 646119
536 252 773795
314 262 904533
608 182 489423
584 154 602447
18 391 531923
143 528 513130
98 216 580802
325 338 294741
91 19 400218
108 352 511783
214 610 642237
435 193 661458
237 308 148468
357 280 247893
585 213 376994
456 241 797216
563 593 258922
140 534 4578
387 477 281710
538 457 879392
508 155 882094
404 628 2211
515 629 498895
624 375 372409
387 168 199148
305 293 113337
238 260 609822
398 257 306801
183 460 2443
538 264 214705
385 222 207505
574 251 566502
522 604 918804
102 629 751832
209 100 284692
639 328 987379
144 426 755089
495 473 815372
296 180 991690
48 309 1962
244 126 4088
18 504 717050
539 414 217749
122 583 124685
131 122 315288
175 321 596040
154 245 51812
137 142 98760
594 132 754274
50 41 542163
341 109 310919
361 246 785226
386 212 169720
205 583 909642
206 27 726262
2 146 656885
191 107 204124
546 253 157506
637 176 961550
491 384 578827
14 156 829525
45 476 130477
233 552 336658
376 246 142621
200 404 632047
638 46 467308
101 32 477166
604 466 682158
85 568 855082
379 630 378509
288 221 964174
289 557 341379
608 27 395207
97 370 232779
489 284 928179
470 332 67220
619 265 810353
434 390 975350
613 92 795999
163 222 255313
566 531 549108
234 209 410589
181 133 472209
344 144 202158
168 287 44432
328 28 365350
300 436 690561
13 291 385591
542 310 748052
153 627 547162
198 572 985290
358 45 855123
248 137 634698
74 391 358787
454 367 760346
380 520 182823
196 71 217823
36 94 477678
174 152 5676
369 465 646274
116 21 74846
158 15 973062
281 578 131533
41 235 700844
186 398 887826
544 226 118820
527 393 596514
432 62 345019
217 437 582990
201 379 517688
400 430 313958
504 524 574968
596 130 228512
490 315 856449
34 133 376841
81 494 562884
431 583 515646
266 45 818209
362 11 401052
396 161 134685
409 566 334095
198 57 630203
545 600 850470
125 267 303502
371 190 672490
80 141 679933
357 172 859944
619 134 316778
427 313 58949
230 332 378427
427 503 84728
602 361 681456
302 399 441423
464 159 620419
464 253 19163
55 35 177006
324 462 816727
595 203 819511
577 354 486796
432 148 348389
170 30 881082
512 553 31040
626 527 967728
524 264 970737
580 618 399599
627 387 140035
384 133 220362
638 289 849192
129 407 638082
229 510 174571
533 79 334289
521 240 696757
242 221 228782
347 442 656431
21 606 697056
207 305 398231
641 594 295455
596 184 986119
50 314 28918
255 595 59392
381 336 249037
363 160 600014
68 515 340895
264 511 88928
116 287 730794
51 34 950887
112 256 82030
595 589 168154
220 308 200833
553 86 141271
394 481 545834
611 11 675324
87 563 953282
579 439 298267
445 409 155112
270 598 941856
372 311 323742
629 119 596509
627 248 542116
306 45 623953
214 64 172350
319 359 151478
168 41 136831
596 9 83007
594 515 81714
511 288 4845
414 255 467489
290 291 927000
303 10 497403
12 232 23476
359 405 487721
551 403 749590
229 219 505959
105 117 130523
131 121 822705
9 20 508830
571 157 601521
125 70 212892
641 81 71613
49 114 442811
585 527 584192
637 486 804970
15 343 156993
162 463 911642
17 573 147185
202 367 142823
42 168 333851
158 274 177132
189 292 599783
368 367 953911
562 191 200827
423 86 450500
50 170 571922
327 116 725358
202 89 170631
85 142 694581
178 540 428723
87 430 71696
247 505 763900
593 228 133803
101 121 10145
116 514 669793
108 333 715573
350 45 517100
587 488 418211
81 396 565739
573 402 677800
602 607 265547
363 28 913989
350 490 130690
82 196 58802
395 33 973923
14 355 426026
84 528 517555
323 362 30249
517 187 105441
613 380 407205
453 403 114113
43 236 710299
115 511 699496
285 511 185615
5 105 633620
60 78 702292
524 499 348907
341 219 289998
75 178 355563
474 344 753767
95 17 191652
587 92 41458
108 1 850812
319 42 217383
111 342 411932
633 245 575913
337 460 878818
529 411 499857
515 503 129939
388 2 785402
395 156 635662
118 394 439125
78 2 815050
306 292 589810
124 372 376229
640 453 592719
422 258 878475
578 405 30965
337 177 247444
525 505 973959
362 210 600175
372 462 539399
580 17 903501
239 2 64041
33 449 269100
565 404 29144
379 396 493347
88 570 864406
195 67 719819
307 105 418244
150 146 82095
439 109 428162
408 608 870481
88 603 815089
396 331 427506
84 266 735928
141 204 20517
436 258 129923
293 318 979071
594 101 280718
536 498 202551
448 103 323166
371 480 676820
232 90 236681
593 275 332257
610 417 238188
377 519 851828
374 48 557630
306 525 529341
553 366 588125
565 487 645763
279 217 842985
524 22 119068
7 566 395371
49 462 680061
296 519 899237
377 57 63165
554 624 138693
136 640 929406
151 26 384832
320 113 407278
491 139 195267
95 258 764390
109 600 992895
416 418 993100
15 397 616868
308 273 27050
233 549 631658
323 25 758502
389 513 982182
414 198 708758
432 194 289699
459 178 989675
387 100 803416
491 584 397393
171 43 961583
191 238 695714
467 568 744518
251 312 850119
194 198 93161
393 495 807510
413 330 786669
293 18 45433
38 595 473021
212 401 434270
167 122 786127
95 466 5561
30 597 656512
22 123 208746
545 307 869147
63 118 891202
72 412 188632
315 82 864588
399 50 441687
57 624 54162
505 256 202020
379 106 777077
466 220 600863
243 360 43868
250 582 110794
16 349 924931
639 332 207822
44 6 236913
231 584 617360
395 29 683721
127 355 701869
369 270 74601
208 387 562262
596 526 797979
385 428 60668
68 402 833645
212 11 505515
171 113 86321
560 538 907818
536 2 197085
273 583 96172
181 293 691255
64 346 829896
131 41 782923
516 399 290661
347 210 259589
144 564 637273
285 215 522216
389 391 238648
568 145 977845
58 217 458646
623 532 58490
4 131 667874
639 382 486598
217 123 855589
182 243 514978
303 166 972507
475 385 969121
148 73 397087
176 314 589033
478 79 965307
138 384 522628
501 621 508047
99 155 892804
420 167 710923
356 458 768227
521 253 328186
253 264 949890
479 14 984009
240 150 946349
64 403 539591
292 303 917850
486 440 142875
234 485 352203
634 22 739062
573 16 372809
238 510 242557
365 549 338878
21 161 372482
444 351 601525
499 385 754844
199 418 582775
433 289 773430
601 251 773945
64 393 129811
434 358 547786
307 113 881989
588 3 761896
178 181 674570
434 382 954712
91 307 844745
107 580 204874
542 444 616007
417 402 221354
355 189 387369
623 190 234232
535 488 824823
173 49 819979
133 618 730073
572 349 344789
427 559 976329
149 370 363987
434 558 791634
363 598 174813
267 140 712454
377 355 433909
91 477 183914
447 180 190432
323 305 368507
8 597 895118
548 437 105903
350 137 870807
70 303 486649
638 262 824243
601 381 842530
438 69 286323
586 326 194266
37 570 30497
162 444 666038
44 93 176003
68 153 607936
4 519 265853
167 625 393414
511 3 971319
150 58 505306
496 48 244341
67 383 30545
448 194 147791
468 172 192640
319 255 275513
567 313 554547
517 342 214417
250 30 31310
37 97 998624
612 515 364358
640 562 199910
123 247 174806
218 148 985073
175 213 26650
31 405 509529
370 13 337146
575 139 159544
472 103 848170
26 333 863151
87 320 836558
257 407 283741
248 364 141396
200 25 635246
116 272 694104
509 127 745655
262 64 292896
39 388 512903
573 175 362633
251 383 827509
5 532 120595
364 349 951630
382 161 318482
338 476 550303
541 200 186001
295 313 765351
571 174 349478
504 597 498737
565 535 470432
133 590 585267
606 548 381622
343 472 327608
619 27 783467
60 257 259390
349 103 876144
117 560 228454
4 55 222466
57 84 222407
544 343 57758
63 485 956655
610 569 303370
153 217 840717
37 508 378274
137 347 658353
533 11 258211
577 116 434744
360 611 151703
15 341 4023
136 31 621611
560 401 249377
37 590 578040
626 34 647707
468 104 54376
121 272 250281
182 71 767112
420 189 587712
178 406 488205
194 69 50944
79 42 961198
118 576 571358
363 132 540039
445 380 901911
312 580 731219
199 230 727362
250 528 486397
189 143 303995
451 549 580177
411 587 100347
440 267 344074
169 434 443006
11 447 915991
603 297 105601
243 217 581542
564 197 828582
616 220 254547
86 530 495477
25 417 821086
218 519 498569
609 558 601655
248 581 992580
582 421 145748
337 617 191729
630 159 154492
179 201 684142
86 51 64812
638 204 241191
407 61 593828
1 422 615983
177 527 50895
359 61 201821
446 578 254400
421 137 875457
298 293 660538
157 395 413819
498 557 258893
253 465 629414
197 253 779868
55 472 904413
450 631 485091
531 14 923911
508 357 991012
561 531 656960
124 267 289358
190 450 141475
138 513 676745
641 211 311051
346 248 827039
434 174 295391
119 107 790021
543 391 38539
360 544 701488
305 464 327564
97 263 909454
123 400 445450
110 206 9858
33 178 665452
56 601 76552
637 566 710895
634 232 309791
520 229 937507
528 462 197607
121 408 556772
102 278 958834
427 49 6226
414 24 258065
485 478 46172
197 181 615903
91 158 64169
623 524 348556
214 187 588161
629 602 978708
119 55 934420
236 277 217034
338 606 559850
25 223 282615
141 250 914894
5 290 81754
630 22 765162
620 501 128800
260 556 824428
45 361 850188
47 628 227675
633 155 644993
199 22 932562
196 568 530637
585 271 337529
107 405 85423
442 524 643154
20 381 759295
291 449 624117
166 640 553848
423 240 943922
578 565 963598
142 497 577687
469 295 753305
369 563 228980
368 340 86239
57 382 248649
87 83 536400
510 527 943879
336 236 606783
187 385 572745
528 337 529222
23 406 894189
127 64 178042
20 488 155711
483 183 192388
535 177 41779
370 157 24784
373 344 858703
348 290 605445
606 236 792563
436 482 462536
407 496 236680
320 627 110387
486 280 756168
434 318 286775
510 363 257151
355 500 567864
460 275 52224
630 80 868710
161 318 63287
613 573 402969
364 1 775171
173 526 365770
239 450 404170
274 304 968789
495 370 444819
109 253 528185
487 163 770827
480 244 2764
544 404 554151
137 96 224834
515 534 154783
204 105 789967
152 288 44168
323 123 880635
132 110 875681
78 407 218736
461 19 886811
420 172 661943
198 51 332642
46 347 291322
437 422 513458
210 598 720420
487 37 518715
307 504 708237
486 364 412145
50 572 82098
336 142 707668
349 133 323536
633 158 912051
394 306 548232
637 195 47721
286 56 155015
426 145 937372
627 569 882848
544 510 184697
576 504 608684
474 237 445345
574 572 856330
236 353 681064
512 100 61063
238 616 963861
542 248 385583
529 321 16826
57 312 804814
396 120 183583
379 451 657553
253 488 208372
490 472 804915
132 138 366242
604 329 812930
328 397 628236
66 524 53094
426 210 935770
323 345 639502
304 262 47497
369 611 131922
145 95 655740
64 130 254350
384 512 868258
286 248 873614
480 274 534667
239 604 245011
240 147 198898
143 12 180629
33 549 275856
76 566 6038
628 371 171999
377 378 141847
35 548 301937
320 311 966261
533 452 490825
390 61 447670
70 54 315047
5 239 846781
78 173 343608
589 490 872275
54 45 971134
387 311 492630
114 372 319546
623 562 661540
485 482 991470
620 582 653148
285 470 748725
200 398 890098
285 106 288625
349 244 626403
85 482 290155
465 328 516997
498 576 965768
150 351 969003
354 226 109933
438 492 961475
564 163 42426
556 532 621676
280 162 317609
232 359 389281
254 137 132435
36 431 699518
627 637 515511
556 152 657657
534 37 87230
305 187 353375
542 293 120631
432 288 52382
83 74 659159
41 551 183799
561 496 551786
330 249 141617
310 481 617340
485 350 441927
508 581 887527
526 599 567644
467 458 310941
592 640 725703
417 325 941427
109 556 236666
372 26 199439
529 160 454626
440 408 572933
463 588 530849
333 295 781638
93 326 711360
82 235 21227
599 116 139177
336 21 462840
18 225 712946
290 295 989798
131 566 245769
371 521 3773
641 226 374692
641 32 781041
193 545 487244
185 135 799675
255 30 15452
233 326 263677
48 403 898072
177 197 558203
234 336 830859
47 508 681119
449 266 974567
485 103 943714
275 39 936941
295 60 928931
595 297 45229
219 528 165271
208 228 356522
16 254 101572
0 558 579215
150 179 767787
285 314 121868
141 439 997693
26 4 867550
110 21 735150
428 233 958430
479 68 347801
295 523 131175
210 196 43268
306 124 374736
124 200 114199
153 401 997664
619 328 198312
20 157 188126
635 296 577240
440 311 267253
530 104 657307
229 474 224280
569 568 814443
447 237 513869
64 184 572745
175 640 45421
405 353 963019
471 301 42449
261 189 169826
20 407 6176
471 354 462961
283 323 548987
0 607 480122
260 137 169445
601 248 945838
591 549 31433
344 281 852969
623 555 250237
37 599 273021
517 259 537071
253 285 90496
633 409 281688
365 338 443792
549 253 511418
489 371 698106
547 132 163794
38 398 894107
357 97 44145
444 124 584577
274 195 401731
29 328 209047
154 281 100473
368 145 265022
383 528 782621
371 504 658652
371 234 668330
53 532 510711
544 91 710123
532 132 448964
197 618 114243
113 73 655761
451 9 925908
165 105 948487
270 548 826190
294 515 645507
283 174 922210
15 475 331042
446 262 343452
385 627 867144
484 72 332220
538 485 685030
484 293 526797
173 105 843650
249 352 369241
349 45 270178
334 305 828449
196 197 710764
571 117 63779
9 494 604304
392 588 774109
477 544 269165
281 153 33034
192 589 871651
406 572 820525
472 445 703314
98 319 332492
6 101 9224
103 125 801375
64 421 41636
145 8 313095
136 168 228082
556 598 912370
258 259 151837
411 390 942782
3 526 970081
43 534 234703
442 55 333168
102 225 524615
5 411 555293
283 0 719412
637 219 707115
408 531 154021
542 342 909787
354 630 259812
348 109 183777
630 355 892027
429 7 751738
598 116 597167
523 357 980618
83 183 975562
82 618 642952
203 211 507287
501 631 661770
523 296 940443
212 330 253744
516 533 25560
165 362 236312
16 187 181686
232 25 364944
631 122 370160
363 152 784274
182 494 215983
46 171 444221
172 166 142087
367 194 116091
515 429 763385
383 102 395723
318 178 975271
512 140 928124
428 550 411859
631 70 876927
144 83 655512
340 66 537702
542 164 980732
469 408 337153
286 603 199024
565 312 575330
213 432 948908
470 594 348390
214 519 107214
42 573 888226
617 197 907318
89 249 348027
406 308 314709
379 405 351355
549 208 895068
308 287 302058
595 446 320513
535 74 376715
435 546 895876
227 599 269336
345 244 147583
225 576 379396
384 430 837594
410 312 162546
283 125 845583
269 616 352663
342 93 175622
2 635 193541
49 54 720761
112 80 254742
219 569 22617
274 604 838777
308 182 222296
60 322 773716
133 638 443686
454 313 269822
317 455 252524
543 193 419011
59 586 98850
253 376 136544
502 107 843134
155 536 116619
514 66 38493
71 128 293297
100 139 165888
547 637 120992
4 396 834019
150 2 103994
618 342 297872
266 444 688206
4 613 732358
10 141 101986
379 375 774903
49 597 709127
574 258 975523
274 56 774603
102 231 194115
417 481 904984
143 521 450410
0 255 789064
592 93 352219
343 561 212644
71 520 676829
192 460 360085
631 464 998451
559 494 472612
128 564 820703
341 105 859856
341 309 427906
32 67 599260
534 345 826398
49 527 804728
157 306 603990
100 188 351228
191 546 149881
542 362 459506
264 202 24887
389 607 172266
505 231 989614
158 335 264182
311 476 431006
324 101 130103
128 470 31239
581 388 897192
404 127 965865
155 498 25747
156 498 9159
489 117 290563
312 602 967668
199 523 265762
446 70 575761
49 537 312413
38 565 274140
169 494 963383
406 70 587009
185 276 113697
197 431 220335
399 384 822292
163 588 88743
28 440 845761
36 341 964747
307 267 92298
393 529 814519
88 305 122912
110 514 22707
509 420 269203
627 554 559962
211 154 469540
444 483 163492
97 86 494519
440 9 492968
231 176 505681
40 129 844761
579 544 397125
149 189 702114
47 93 76190
224 171 42015
287 241 259598
291 255 460954
200 556 467310
568 607 107803
458 63 547154
70 92 747038
552 594 825896
116 146 348700
261 33 364728
618 206 311749
194 86 231370
249 514 510065
42 247 990931
255 272 444120
96 354 801629
152 145 673584
15 95 339748
514 477 798735
587 138 478223
52 277 326156
127 188 625261
210 65 829913
81 497 112643
610 497 54979
562 248 699223
390 451 633549
117 144 32661
193 382 379227
315 80 499904
627 326 189577
400 147 620213
45 420 377501
423 76 801013
585 413 629876
211 168 304352
15 620 699703
604 451 380196
276 265 324743
76 467 622756
158 270 862796
485 264 546015
428 187 120740
367 553 404675
625 546 603494
110 145 341918
186 20 76815
566 68 523233
340 622 158328
564 427 844860
346 93 412262
9 308 64552
386 275 876919
297 230 36661
358 502 164660
322 458 415659
174 105 223943
236 632 961508
640 503 259105
77 567 851887
375 631 674996
237 316 942878
274 398 833672
333 229 77632
527 274 358665
90 584 492868
268 470 128871
222 616 79239
118 408 873266
215 386 544207
454 541 863487
9 556 218204
435 617 112672
555 601 581717
391 32 905457
523 467 900857
136 128 354586
536 587 520231
108 301 489075
195 447 776832
16 265 28307
48 55 859424
55 33 726843
382 481 585609
297 55 546093
30 425 609817
189 185 803225
37 362 590166
267 499 417045
370 211 247992
134 510 717816
106 328 189695
463 450 365905
72 164 841464
430 155 923958
379 502 385356
177 632 701233
617 551 390774
489 301 612703
496 346 83457
610 153 510219
281 395 367248
100 158 643428
350 426 109468
76 399 606827
512 68 790502
74 506 160310
403 500 240814
202 211 73369
635 318 21094
293 576 287717
541 513 298653
230 365 433287
567 525 551599
403 632 526280
9 514 203189
6 210 380616
315 57 889875
281 83 772805
617 50 531432
78 611 251916
139 518 790856
486 621 281004
305 204 424825
540 264 258683
475 465 150826
120 484 633605
291 350 603110
609 37 353900
588 582 739000
114 75 334763
9 463 900559
398 349 346835
152 313 819554
259 378 787121
460 550 228791
48 484 265406
109 507 131142
640 193 506044
326 286 678307
114 278 143016
330 561 444737
74 244 150376
44 191 707629
458 294 703918
154 138 306901
326 275 157833
161 292 516522
596 424 775819
312 487 134990
463
110 91314541
460 78788571
119 32568344
182 2527890
482 14363670
496 97635060
128 7226314
455 69541966
126 18972958
469 69113275
181 852193
210 12374516
4 41662795
624 35642794
325 88328072
347 76985899
528 16293567
105 11541311
256 67322541
53 52435235
480 97648427
544 96213810
50 26354993
587 14475238
308 94776288
46 42161304
430 3816244
522 83009494
506 82484310
519 46731346
279 3329622
412 80806104
51 1343780
553 46062281
153 38294381
248 11248236
535 80419342
572 24480504
99 44603741
291 58058192
546 84924371
611 64325556
146 28631778
581 55523787
330 92990016
95 25775688
235 20414214
210 35897455
315 90984123
636 60268303
471 8538790
367 42477491
419 19610542
557 18119506
553 2286023
338 56104654
264 56263615
441 21608607
390 35459582
529 68326506
349 46495406
406 4924180
109 67594371
19 10605116
280 87094521
109 56883758
258 81758782
638 61277873
149 4025964
294 60658947
434 46224594
280 10977207
365 67619239
20 26686453
584 70901376
498 79856001
517 6858493
426 90214236
347 71200002
60 7354639
127 41346646
235 19232647
630 63555409
640 24182798
624 31532609
58 41899662
7 24489737
121 84516552
16 71109007
272 74941564
401 92140348
173 36075253
515 16655864
24 47933044
499 71686313
628 63906079
9 44166080
570 53745649
358 35887705
365 70004306
536 6795899
464 36864847
501 83399374
466 73198445
326 68124738
464 44101958
209 7516410
423 93311338
498 95564908
217 70717535
415 34528264
333 74224829
410 57976832
626 92773118
206 11563670
122 38557082
144 81766555
194 98927811
130 73799954
586 31680337
104 36610615
217 83350022
390 60280234
150 88829655
332 78515112
12 62865194
119 64978583
622 10418507
464 86833367
138 79080336
174 38793536
407 25179629
497 187818
529 26293603
282 84594756
479 27026481
95 14610956
13 35495094
249 55526043
256 26041642
25 75762222
609 97169377
242 26646556
11 66390370
398 51902366
327 1757650
52 16447307
600 72746529
46 91061401
353 80842291
618 17778394
363 88468207
391 95874890
509 52972244
531 72010036
538 85465504
300 63093230
480 93471164
586 6708042
352 94998967
207 91166715
365 88556876
506 92525373
529 54503057
38 2537426
590 35280440
389 63704247
567 67213560
235 96330602
520 71392229
168 36780432
569 70223731
236 54368548
270 98526313
454 51308725
426 33961727
225 35708101
88 95954923
562 44062293
132 17205758
416 63884929
591 43610823
537 65750752
309 80623050
308 45707175
358 37082912
431 14889626
371 46648535
527 89324473
461 57300024
378 3635107
278 49773577
615 20526406
583 13281915
277 23792780
615 16687066
196 55660933
283 73061134
118 42111648
42 86992995
526 85006159
13 85120202
202 69548652
260 38401989
529 2808829
174 94132862
604 83405774
47 12482211
93 60697771
216 23118751
82 48145707
59 88134884
305 15519890
228 68221980
249 78526665
573 31457487
7 47008007
123 99468470
511 50540365
235 24167898
363 22524399
372 61929254
546 22041726
117 47696929
257 40336777
262 61180391
151 97814518
374 17687277
201 89707557
300 89307312
307 12190938
383 72825430
508 66033483
477 54056043
487 85371233
563 79718253
70 21440101
335 56171485
302 70898349
516 43535665
610 9010037
448 60565280
212 6801136
447 60658375
233 46554761
460 86482440
136 13370301
543 6699918
381 36094770
546 86287656
463 65552424
634 12809604
550 91420596
17 90321834
416 9794851
494 24491026
15 52044545
402 30043407
446 23931135
201 12083152
35 22814009
619 33394433
364 70360611
520 84225062
328 4757795
314 72818752
345 55907308
540 66194266
281 98694933
280 39659455
3 84143750
460 57327425
138 60300371
538 49028160
521 71825684
324 63073210
437 39783468
559 36426649
368 34147584
195 3033606
623 21601433
426 91952542
377 18057052
138 77150017
58 399714
25 17981489
451 49104507
405 58044247
301 13601974
332 64945468
292 18606739
404 82227899
318 58004226
493 33551686
209 18339841
480 3211175
424 4691758
361 2720837
233 57359876
451 3928814
629 32219518
377 935359
611 51206891
13 16854061
429 63477049
362 9137485
242 37669848
485 85113061
461 7681663
397 13775932
463 7798670
337 50153686
549 21213010
518 88876337
185 40563059
57 1185586
447 44936506
29 13158965
71 84296325
510 64759294
615 58326965
434 43352494
543 87728604
584 18572806
147 31591010
381 67120835
392 84535646
71 34514417
563 70766296
422 25505431
35 49750225
540 48402227
595 98580749
505 49637705
59 98047197
547 97978649
73 26290145
328 73673294
149 85055478
466 61205577
612 28892114
388 21817281
9 36466922
544 7115122
584 5461698
540 1839605
372 17899994
297 82153749
337 29549917
133 86303561
357 35233009
235 27450259
529 40799011
559 50662484
57 82974496
537 42780622
262 65435981
303 71753350
331 78153578
209 53853895
195 68723095
70 21392623
494 58043123
493 49820552
535 2771407
142 58051302
431 47924020
210 21007950
25 31685940
74 72673583
99 22921168
542 30665728
237 4862464
260 51051388
274 63787814
75 40557236
489 45452212
233 76398364
469 5580122
168 1468072
9 89439310
458 32133062
317 9718193
185 68107152
625 93226523
581 54073602
639 72872360
248 49119163
534 6211092
455 40832991
342 36673995
574 93045206
640 32079838
559 25592687
276 61486736
635 37049141
247 88179209
314 14666181
82 8230886
324 68773045
317 55513954
296 76927737
193 54698260
117 91005667
634 58574347
318 59018855
36 82103230
306 84897054
540 14545197
235 64917479
166 81901558
300 45980890
595 12298865
497 73803473
632 4346733
231 66652838
527 85764703
16 9923000
391 80211095
151 69687413
549 99640322
71 40631055
85 86597190
40 10508343
465 9606467
77 52999774
455 21883288
315 92227930
97 80382944
235 20952798
390 11337320
94 33732001
208 25243142
402 3891852
619 71758141
122 14164602
76 51823160
0 12868246
625 9885145
371 42784634
596 67204417
205 32984111
305 30404696
453 88307638
116 49888316
614 88528080
168 43246725
45 71463857
523 43546277
178 84273134
530 35225874
635 710898
491 17595882
510 32494377
562 21365200
227 6323136
294 40492247
173 6207036
161 30816258
587 25813965
25 61643228
280 7840972
546 2348466
