692
2173
667 666 269555
473 109 853503
210 222 243204
589 622 714787
302 5 432636
337 320 795378
399 186 473394
666 216 837884
487 138 411592
458 205 299133
622 355 519113
472 257 714291
118 18 140426
561 448 291679
629 38 896115
16 524 975818
392 265 69761
605 677 685981
415 108 963443
41 283 759150
463 321 961871
43 224 383344
652 679 256712
61 83 100907
4 594 266714
41 116 742756
351 199 938061
100 387 319765
197 533 831446
382 93 254701
439 582 854992
141 109 20710
53 159 57018
636 482 700991
398 509 337746
396 620 464833
439 211 916778
280 410 244512
431 318 558496
259 99 500842
402 405 416864
92 362 975409
346 279 168016
556 307 514140
256 567 336703
378 198 74867
354 110 377724
94 327 725414
247 150 682845
158 573 956621
517 206 942008
191 82 608367
64 172 32680
414 586 28398
169 127 320481
323 606 730681
255 410 684846
367 57 368229
284 44 521139
689 418 649224
359 354 447091
329 6 684605
36 608 720590
52 241 694598
686 290 926303
500 40 896580
436 472 390418
621 588 515055
592 312 476256
289 285 199465
586 93 256047
176 579 294869
214 435 403767
462 225 998651
211 196 308806
163 380 873846
236 655 915773
141 221 160680
680 310 525178
306 26 908724
486 579 238667
334 194 701991
129 252 92374
344 184 300257
561 507 145029
681 425 655164
18 152 253866
66 216 276530
385 302 826762
306 389 501418
277 30 73787
50 199 138339
302 311 478685
593 125 41060
672 82 424675
279 103 144400
637 241 699248
105 227 883256
83 160 385191
250 493 952729
546 306 942073
94 388 196025
72 691 23885
189 654 685135
259 453 381878
120 462 717976
305 234 560591
625 10 285600
470 671 511704
382 71 77858
316 535 740636
187 435 820250
34 448 306095
17 344 698663
385 357 389830
216 403 772338
254 248 860986
132 266 835643
255 66 115990
56 522 924704
563 540 937774
509 615 303059
682 203 363177
167 462 858556
220 206 221184
461 691 590955
372 502 980914
570 670 432894
425 277 153090
76 423 593813
200 690 355488
290 209 789618
288 610 822034
423 243 584497
165 104 765439
175 244 26768
434 271 569254
570 438 456825
186 175 17251
259 560 768779
309 376 436213
360 678 337850
522 173 907342
226 268 162550
94 356 247235
423 590 354724
84 484 214352
641 520 623284
593 356 761863
674 442 597130
381 596 116466
414 626 565006
461 219 114360
685 192 65019
659 141 362935
668 49 135784
474 449 860251
370 231 15718
663 197 552588
409 570 804963
554 645 36570
420 462 798389
295 535 916754
605 386 867378
548 235 731668
266 291 832906
42 276 91769
535 619 552177
126 609 307364
293 15 552230
648 623 607584
627 520 683940
648 22 257470
536 179 209125
481 94 993111
132 641 839364
268 400 58265
612 519 552123
426 278 605472
253 104 252788
1 491 773756
230 255 442231
136 5 816253
125 362 388728
3 372 963667
286 381 815303
467 218 256101
149 88 88749
441 32 101215
577 543 194671
419 623 996610
290 186 307861
418 667 368583
267 51 588943
429 156 94242
676 558 637826
320 456 284817
643 136 230934
245 667 283776
665 137 56797
309 638 626175
112 437 309389
97 607 370391
671 189 325426
458 280 482974
180 476 999460
197 348 239215
166 539 744203
124 394 205389
228 398 73042
522 323 399882
491 326 287387
387 155 80517
516 40 731581
268 689 24889
86 559 30845
322 335 3240
645 384 215532
105 465 172150
664 253 5206
501 232 271393
35 137 284969
370 554 621216
688 182 778628
417 257 433905
459 652 892773
387 181 732769
591 350 905795
690 9 505196
383 571 507098
368 529 52522
326 644 170578
71 415 207898
266 189 281598
631 228 983011
119 165 197337
431 503 303658
225 76 516957
91 162 3854
184 115 11350
46 523 114007
522 433 89216
159 415 59273
636 282 407029
397 559 281946
261 216 464563
286 208 359863
421 66 816968
321 187 820878
519 664 38347
351 464 799921
562 312 601941
464 446 602178
657 511 77927
92 365 379008
57 672 742689
215 601 808294
258 492 421707
621 683 672734
436 169 254998
512 58 368058
337 62 919975
354 144 963415
29 465 94610
269 471 234190
640 546 245891
30 465 94813
665 343 67416
372 504 814789
551 217 738254
151 34 713117
137 494 233536
623 488 427588
484 486 938593
531 478 122607
681 261 346614
202 288 585109
98 202 901333
179 282 679127
272 293 555249
284 188 195323
661 369 490548
185 546 328305
675 331 864328
469 348 678225
219 586 579986
18 70 974938
595 225 304847
25 600 960072
34 53 55266
210 240 883584
308 573 734182
272 23 77637
686 317 451777
61 281 33286
370 134 557947
268 254 108896
430 256 794896
388 684 351958
360 181 634426
92 649 593406
430 266 808250
486 463 830690
501 466 248900
620 425 886872
563 53 265734
3 522 611030
108 496 924167
405 391 647869
316 357 920604
146 4 323064
225 91 20574
129 212 612569
259 618 929094
86 302 894561
537 196 694992
394 84 332258
261 519 866643
385 292 856364
524 291 440308
423 483 555627
399 94 993526
315 203 619448
664 219 491803
684 430 815566
85 591 584234
632 50 430869
14 512 19631
509 555 210522
295 74 405145
356 136 565605
257 528 414684
188 440 10517
592 523 321708
578 231 790836
510 550 970012
475 78 387127
592 645 296759
125 198 977061
302 617 837346
611 49 156812
615 542 586008
170 129 941154
353 132 359182
11 623 695745
98 77 983330
477 402 725247
568 528 551076
190 610 634333
358 688 54817
47 290 562394
11 282 902966
44 451 599712
153 317 676927
646 597 385934
350 570 362998
634 455 998614
483 341 656087
30 407 349490
502 386 51860
280 553 153014
354 605 86998
164 184 903329
133 394 501423
459 538 498675
210 691 560230
494 674 248507
138 250 448498
78 99 58969
438 74 480776
41 620 897484
135 565 122755
356 421 136857
143 330 369766
301 489 45162
513 84 148556
259 297 595167
246 136 769272
382 619 308924
177 620 110195
248 434 96506
311 146 990797
237 416 249907
474 94 792045
399 224 349544
515 438 663539
391 185 820845
457 63 230708
159 683 603497
559 206 292106
139 202 505241
260 609 296553
296 645 631572
597 370 691561
598 517 556305
506 3 98291
77 234 467289
669 402 570870
564 13 176251
248 70 426399
299 74 10271
685 466 152115
401 370 948301
174 558 188318
497 32 175470
489 142 371487
353 154 556100
300 428 301709
282 646 658896
491 249 252490
691 401 926437
0 416 1404
488 93 387869
362 161 274168
468 135 616552
580 458 706183
255 430 955446
167 103 601112
614 159 714584
334 649 259620
197 677 328536
66 79 478817
285 493 511392
4 153 834299
338 211 740817
120 667 23948
165 126 692801
73 133 965422
272 319 965025
235 594 756141
164 65 320385
404 438 901821
406 354 835375
494 461 598789
315 489 821909
269 522 179928
231 194 936619
565 131 374494
610 408 750179
691 678 253320
166 154 394391
66 256 336163
116 604 284900
151 53 449401
327 648 964184
170 420 596839
637 329 855856
434 42 102641
250 13 950653
37 550 13034
97 309 686521
481 218 646632
348 485 11809
274 193 86181
286 197 726853
86 117 159251
395 459 908482
246 45 947231
140 92 585966
266 582 305966
330 102 835788
640 505 341977
609 143 239832
596 496 806533
509 254 705241
504 234 485433
574 493 315344
322 323 333275
441 620 441687
384 402 303916
382 140 454789
290 527 995391
489 536 679140
19 231 272773
565 1 772376
475 536 657938
573 269 135264
620 568 674983
566 453 187450
424 456 247724
648 375 944887
236 347 697426
374 40 447438
15 508 94090
319 370 221209
520 534 669083
500 460 167242
383 369 896998
234 179 825597
235 67 363627
489 110 659990
662 37 673452
598 316 394652
605 431 649654
425 233 261957
669 659 557751
547 71 788106
479 554 342629
132 606 346537
591 652 724361
111 633 488367
460 3 710042
641 428 452326
600 267 397852
516 19 35611
610 566 516975
327 79 181789
505 274 248308
175 180 377902
52 244 457370
529 70 52848
465 428 965332
370 15 59181
383 186 716066
500 659 308540
249 448 506645
691 139 503195
24 453 596244
33 149 928372
403 543 172224
62 64 884638
402 68 600565
333 366 561536
280 127 320972
165 340 792985
674 516 142198
438 567 507528
131 525 9970
374 94 467926
518 1 385356
517 94 144852
685 622 310092
201 111 616907
624 52 22746
118 675 808574
64 375 552033
422 31 675217
546 254 971317
91 331 837304
675 37 659371
381 632 793272
415 165 815275
549 664 594790
412 33 237088
391 127 310269
552 231 700822
85 447 758558
28 80 704463
129 445 475929
323 25 280108
598 510 522294
375 364 785821
641 463 605257
536 43 407123
13 406 709673
137 260 831565
433 666 44675
640 503 859549
647 619 823426
239 547 433775
164 600 187269
582 495 498545
255 143 988994
335 549 990718
81 644 254764
274 516 126148
460 8 296914
17 202 185640
512 317 13245
422 607 481615
273 532 819269
222 354 535162
42 63 143560
525 177 549880
422 389 15577
123 526 561550
42 289 720811
278 307 231241
216 115 362114
98 354 545054
14 267 239899
17 323 433364
316 333 838128
65 548 307621
101 615 797506
654 633 654069
66 12 568227
207 292 707386
173 32 260903
561 176 113991
467 608 456628
78 634 191379
514 312 764934
136 53 777185
267 499 785518
19 503 411807
138 429 956408
591 608 411418
544 32 76311
110 166 730972
376 377 215220
32 311 290118
439 465 293570
183 654 361478
522 192 473305
108 337 97434
607 481 408773
233 4 420214
447 515 24953
134 440 456323
36 10 171525
544 662 582190
105 169 198188
72 131 318536
169 271 979127
37 44 603796
300 377 40497
623 405 687100
419 160 805002
590 672 612795
234 408 877975
228 518 724396
422 583 783941
626 154 990365
287 138 992354
505 457 681282
301 52 348193
480 156 228302
549 323 124366
423 345 962096
249 647 356197
584 294 867847
22 163 432113
589 181 958593
152 162 383551
483 531 281882
489 662 871099
268 103 337098
653 42 100226
147 221 33261
285 347 19913
366 108 970400
340 197 603412
531 381 58405
290 545 890018
599 545 319850
337 628 686173
548 246 541625
535 27 642652
10 576 594710
305 416 253579
467 588 574182
591 561 508231
26 441 873522
567 404 968340
518 5 60241
677 593 898292
52 620 331874
446 436 546746
120 677 631575
77 690 600008
326 298 659143
470 499 944780
293 58 55843
223 530 550372
136 625 58717
21 57 221699
203 594 453885
473 74 328850
316 156 606654
379 303 645756
342 509 616083
161 357 507401
314 151 270978
132 237 943517
599 636 358194
390 645 423039
611 166 656167
361 611 784126
42 503 756862
277 118 622749
438 520 361883
338 272 271408
228 579 460978
646 634 664797
390 367 734337
104 237 706343
196 149 242951
381 431 920950
630 89 95077
100 188 900194
403 187 39133
439 310 218608
510 479 204382
396 314 155962
248 233 56169
506 452 39154
651 362 781893
73 24 916286
202 383 404350
586 117 486873
509 266 160058
14 665 671152
413 160 858725
232 653 408646
434 112 838293
277 466 357772
670 443 686530
395 74 770906
144 286 412082
159 606 846662
263 678 80845
680 173 19101
306 626 895918
427 690 429420
292 168 947561
51 226 222463
150 560 233973
366 119 48278
658 38 293613
359 93 186539
161 165 303076
551 234 415722
678 615 4861
596 153 678476
5 439 798532
395 33 5997
379 329 521962
344 199 385010
270 315 831922
456 551 360339
20 213 590023
501 364 734497
408 531 759551
471 229 483249
38 300 17800
672 283 243167
275 192 52375
402 675 891300
390 60 951838
247 456 480489
312 516 940996
28 560 516387
340 362 844528
378 265 593629
659 432 420787
304 551 404035
180 140 496659
524 72 311840
579 428 921397
40 682 614482
293 42 510420
609 441 592151
369 105 409764
500 74 415836
406 277 601598
415 679 332574
180 190 401190
567 457 321327
51 552 760136
649 469 328461
225 296 92198
463 335 737679
266 119 397851
672 5 6717
266 669 408131
132 307 482902
336 636 337192
478 41 703718
111 269 108685
64 7 204554
135 299 492648
480 10 917207
479 137 134133
2 204 368542
81 165 584607
85 496 344688
289 370 188989
561 251 905391
100 93 407762
121 252 611516
382 431 304330
466 161 169420
652 293 759094
52 505 584665
247 93 326506
664 514 328419
558 291 828296
647 251 231511
185 441 988007
434 493 919989
203 641 783660
99 535 538663
617 174 575437
583 253 717807
322 512 467586
665 433 242291
304 212 552317
624 507 16034
232 430 826661
11 377 375717
73 473 177898
656 462 849985
414 593 910372
162 62 988169
1 247 396584
607 460 808883
523 416 180896
597 88 10233
323 21 114515
604 380 184109
421 39 859278
566 481 633613
26 465 31585
320 234 266288
572 393 377707
70 470 593909
319 46 742388
171 276 603806
447 660 343572
116 263 816665
509 260 271960
426 194 958068
15 658 835483
82 248 721685
288 441 585718
424 309 349919
281 63 597724
484 138 9263
26 474 169026
597 604 398641
343 610 442575
343 618 260635
14 245 556031
307 665 617465
219 282 443618
274 662 185892
538 308 754457
69 359 545300
669 214 802435
424 279 927508
284 239 24777
167 57 680492
384 13 50295
477 672 475179
57 209 990009
345 401 248844
563 277 889215
152 124 274234
129 386 256994
629 497 111393
624 518 299904
12 592 575198
249 230 719177
509 673 426453
256 339 493049
565 403 644779
642 228 543343
166 619 21927
613 130 274858
201 136 836137
443 87 912667
393 553 564174
139 423 291491
528 33 586040
397 163 35781
14 592 240035
114 518 892263
370 24 846738
498 289 770103
422 203 803103
453 102 469832
100 157 2282
243 76 161857
89 211 772637
312 395 890399
150 226 643828
401 674 61838
382 258 168192
233 237 256563
682 527 551065
557 100 238003
158 31 676270
545 160 870771
335 91 570631
676 683 696551
399 200 480673
647 689 211924
512 244 560696
239 179 311495
433 274 741078
618 307 518808
355 430 225377
108 408 180262
469 241 69525
544 68 828869
398 489 48579
107 365 921842
653 58 421249
21 373 640102
291 275 510657
586 206 411352
284 602 518287
2 337 649717
551 320 142212
164 676 675786
296 684 923238
615 586 900075
541 688 345783
268 2 164950
188 75 845428
24 1 94883
282 609 397754
283 387 117893
317 274 860375
298 590 441982
421 214 109674
494 218 467866
60 660 877525
307 408 671668
548 105 178337
69 479 372073
316 487 442576
444 314 138419
510 79 112194
214 252 945934
216 551 537382
512 298 194721
455 405 89426
508 108 160890
601 1 821320
379 136 5271
210 115 716280
540 177 799386
440 323 866113
39 149 468158
498 125 614047
344 323 291086
600 337 152777
31 423 808203
243 13 734441
255 493 212173
78 598 844086
27 272 648938
285 113 344118
533 141 126662
502 185 33730
502 50 598754
262 403 260296
99 496 474856
17 224 143040
564 63 559426
273 238 288678
680 63 211782
657 593 106282
564 81 188720
229 571 159475
370 534 624419
227 388 239974
108 348 685191
330 638 638286
593 573 973043
91 530 620433
416 78 22230
499 533 822644
534 6 58271
211 75 994457
600 665 654721
611 370 202058
557 604 932802
13 523 389988
431 461 470795
483 317 555552
297 369 322307
598 6 63962
516 582 98665
358 466 533690
369 223 825084
190 681 585375
132 578 851631
182 96 645481
569 671 717868
199 65 544408
207 326 936195
165 563 11034
624 569 622845
261 218 231315
414 362 313908
592 375 121500
204 300 735118
356 25 891720
31 586 297350
30 687 960442
135 337 32030
541 497 77182
477 347 31476
683 483 526612
462 453 602916
286 664 159615
464 443 32184
613 218 25175
369 438 482969
161 74 663279
201 467 783145
682 471 447689
268 629 53677
605 505 516065
328 173 443954
639 544 63529
214 526 486460
437 203 716242
571 125 90325
285 143 571953
300 394 315278
637 249 645220
500 277 259024
553 244 330425
178 352 479809
164 93 525718
262 129 376995
406 429 678277
452 496 896302
447 476 729207
234 612 181423
39 648 532489
664 272 229399
52 647 594967
417 174 963930
482 254 40374
664 141 42559
484 110 777749
385 620 333668
677 250 786713
637 200 54987
516 75 955641
167 640 988596
471 500 382739
407 95 412173
408 553 970049
362 337 198857
570 132 319832
96 192 59642
99 267 890071
14 664 809308
522 470 363331
160 156 535234
216 377 557119
422 446 60568
23 268 955857
306 50 763277
376 504 104087
651 552 631674
264 413 591476
289 496 879199
251 609 772659
610 624 459136
442 111 944707
22 143 872681
651 140 891078
650 163 725610
385 186 103729
619 100 187984
165 635 132964
354 648 43323
144 155 614620
241 634 252487
288 613 710054
335 151 237660
661 281 839436
486 649 735197
583 578 635811
105 551 480710
428 329 78437
579 514 118957
77 436 199260
439 426 96241
672 452 984403
450 100 592986
285 490 551057
27 159 884108
402 101 609840
279 537 911741
6 625 419953
25 511 151039
370 180 708171
209 433 694867
494 346 587832
14 284 994027
27 112 977713
622 200 59555
128 394 190020
317 9 611687
136 315 551617
173 314 15129
98 616 113416
119 683 526755
279 626 623826
325 447 680936
446 684 294370
318 565 508817
32 396 929192
438 6 825944
278 82 237956
650 601 608939
400 262 5055
363 32 144634
49 398 390806
97 400 582647
431 93 879412
143 282 777707
638 418 363238
299 69 235958
435 55 171524
60 104 44864
361 614 32958
469 545 685480
40 120 951484
294 281 665920
40 365 935458
61 30 43131
398 245 858555
31 56 451046
480 281 192368
197 47 414181
196 119 14477
51 375 245266
18 359 164163
21 625 746157
206 479 143776
539 278 115210
644 150 155046
47 554 480233
489 479 586254
317 624 450744
332 685 787326
74 586 548577
346 57 329429
280 360 271804
39 235 734549
6 142 374274
8 609 56250
27 78 154752
144 554 193671
613 12 687171
94 251 205508
276 666 4769
174 637 156687
437 612 179266
607 82 636239
624 379 642390
660 33 36902
73 219 415955
307 420 210441
3 683 71350
356 129 912996
107 221 185621
273 42 870329
622 60 101872
516 225 666813
610 430 625916
639 22 856486
2 222 403291
686 215 522013
381 262 731648
676 538 564542
307 345 120997
590 408 714891
661 645 936791
81 415 144628
339 141 918477
427 599 472029
467 96 909783
360 681 538149
219 510 377130
180 429 70862
425 309 147105
221 21 342899
92 354 226286
520 283 776815
417 369 392577
37 64 702334
623 48 721784
57 609 646533
198 444 478499
5 97 546754
454 244 878047
386 359 595281
562 355 70450
28 465 597584
93 524 135917
456 66 318722
647 687 307142
275 214 636102
636 255 758705
172 175 175800
297 127 670056
307 20 905473
420 232 905865
576 444 881897
261 509 59628
90 231 208836
552 638 812889
664 361 220026
96 669 579190
158 201 573416
99 581 113527
249 313 980043
14 406 826898
244 661 682514
584 573 831164
559 276 769176
615 519 879378
535 63 9667
462 241 78347
520 610 965031
599 326 921522
195 74 608067
214 546 505913
31 196 684158
547 654 348399
133 593 964363
267 476 258347
625 545 15037
651 408 92414
529 64 148929
133 235 757227
70 639 763065
357 97 933888
115 513 694821
329 549 823485
101 108 102418
355 543 453567
197 25 3972
679 691 457558
418 544 813551
516 74 485429
383 91 146569
305 359 24388
410 213 687082
48 369 831811
173 377 374917
259 424 485137
301 0 486733
249 658 183097
145 380 36906
427 607 997098
539 409 102469
303 67 338906
170 344 728549
553 281 669103
505 57 823391
124 547 874497
63 2 180380
572 680 841671
76 377 726189
355 26 42374
163 597 857614
536 25 765160
576 148 726954
101 642 562095
586 525 732834
677 30 191006
654 503 914208
441 586 272982
103 634 853510
671 222 543920
182 52 503669
653 215 935871
212 536 465058
194 414 911593
40 583 295809
269 196 478757
137 261 971375
615 162 689636
93 630 335507
646 307 91490
149 282 157404
577 323 236995
360 30 455662
296 139 312631
507 119 601384
678 231 592350
117 99 483126
80 376 548102
286 295 362559
495 456 477508
81 105 955633
499 538 612664
434 38 567537
71 310 241795
230 57 534072
366 443 415973
41 127 52489
361 524 408577
257 365 488537
148 219 352295
395 22 441022
343 52 990719
115 407 38409
270 326 814538
369 188 597317
135 63 46879
507 681 942261
518 626 606538
166 64 984090
477 537 254294
192 670 161994
276 545 482703
155 391 280234
303 134 492705
556 253 927144
24 168 749116
521 677 696732
465 198 430447
58 211 458203
163 447 327933
597 229 185202
245 523 501790
284 149 151951
384 555 787862
602 634 897094
35 691 303180
395 464 993509
540 185 587543
80 86 941265
434 52 878923
615 624 715712
537 492 371831
289 308 914119
183 648 597941
687 685 214996
574 480 351285
538 643 983984
627 145 970554
543 285 628285
351 636 619809
657 477 885543
422 17 88328
107 0 882709
282 621 79108
246 22 703886
11 496 668517
160 253 470557
235 57 205532
528 582 8475
363 130 680783
400 599 841880
338 437 313135
128 400 146731
371 245 365698
7 166 484686
51 10 768609
523 485 947591
450 315 894567
467 93 721045
35 0 62039
62 171 769268
446 540 179994
32 285 838623
274 373 196946
259 631 270933
550 97 845232
647 477 53767
608 414 69046
154 549 383763
247 365 206508
130 370 416142
93 544 516862
524 500 392438
86 366 133643
520 419 517881
213 49 754666
677 213 921218
489 61 206668
150 241 995663
520 541 762807
503 351 753272
556 123 733856
98 455 324590
101 23 886600
297 444 271423
30 329 548157
516 271 862978
52 194 127981
343 342 647273
474 476 185458
0 619 183941
158 641 184359
329 81 998500
80 552 562312
418 319 261276
161 347 394865
649 79 108969
397 4 900222
570 668 294390
609 423 13614
625 593 851417
500 489 564020
584 623 689136
372 103 141364
663 80 741339
244 32 658606
594 149 621448
92 176 14510
651 668 231803
423 159 341918
577 339 376374
396 8 184586
375 387 727271
84 227 969091
22 242 447392
528 324 666364
229 408 134114
559 573 277749
684 630 178165
268 546 887964
561 574 774948
51 279 280774
455 229 812111
318 114 377217
102 37 326326
629 529 804896
122 335 900231
13 477 259827
11 144 925080
373 539 99546
223 326 142071
281 472 201909
218 624 146282
603 568 499053
633 621 956864
340 196 820797
589 523 657948
436 90 652447
301 402 328629
486 454 355246
545 291 753292
32 27 860316
258 478 819120
349 6 809589
69 416 615134
18 677 917383
304 511 431212
345 630 38278
686 13 67073
477 248 281278
619 499 970773
390 70 915803
626 317 798870
160 678 743506
648 202 171894
584 508 288822
679 147 855254
451 486 879278
195 586 350611
73 298 941263
165 359 880253
391 182 233466
490 580 451162
184 107 391167
9 549 284607
32 251 730710
632 111 651138
640 311 113742
498 94 799409
380 403 768050
427 199 735035
327 457 466873
423 498 902033
80 2 478650
309 139 517844
397 46 469223
409 271 438050
365 310 486580
195 621 824436
167 347 459755
684 521 830987
94 643 892981
304 59 872659
290 618 794073
613 70 477443
682 78 215264
671 113 763251
7 104 13434
420 565 888158
33 444 488714
209 591 363106
581 400 821287
669 4 930865
447 236 529965
647 242 7337
639 111 135115
6 608 484038
384 213 177573
302 546 211643
488 198 140506
53 101 593236
31 592 68021
602 485 182174
115 55 314728
650 86 758151
269 444 735972
436 194 225342
433 415 806971
67 39 663200
118 366 31352
259 280 164798
181 674 676399
192 639 873393
13 654 43746
325 657 75127
356 462 536487
440 116 903145
30 223 365285
516 176 841874
332 214 592756
246 256 119123
292 313 272961
305 312 361642
605 396 65797
36 397 873868
282 122 809704
68 575 989553
209 691 869878
55 150 67611
523 123 110806
353 561 826181
198 326 342917
94 44 107331
230 105 579503
375 227 23852
219 649 510823
314 595 859463
490 453 352656
602 625 819032
171 598 845027
618 434 113062
491 312 746037
58 101 828588
293 497 638463
305 182 725431
374 5 239297
548 240 157011
579 470 66562
14 72 195555
242 57 787271
211 479 381679
44 80 30078
673 635 182880
546 37 697782
330 646 796190
669 318 542735
9 412 827655
36 284 485368
122 380 789565
681 251 431443
558 644 169642
641 354 440784
206 193 457579
510 4 799698
494 164 92579
13 385 390525
391 477 936165
361 641 42748
566 236 324518
147 464 734636
647 97 36204
553 369 725232
413 222 682107
584 285 454095
568 72 194250
149 503 734104
656 676 132661
89 239 755814
531 677 980488
461 618 208357
687 456 485154
419 365 670044
83 239 843307
282 240 33712
435 39 755710
150 221 905321
415 164 819573
385 496 93457
689 21 559356
85 239 517065
475 315 194854
78 623 13955
216 85 803633
228 206 632274
143 396 345327
420 70 523602
449 343 720452
680 526 852485
657 33 510730
299 224 180301
614 169 112602
580 352 53427
480 585 651137
576 156 482117
387 52 455243
570 209 579409
259 418 287922
408 403 650844
402 194 319062
54 411 378132
361 94 55132
667 212 153998
234 16 222490
340 131 85104
68 60 78537
548 48 380058
485 319 643589
224 264 996381
92 235 144043
255 337 766351
36 406 497915
456 179 723586
319 356 411126
349 509 593485
72 660 255560
149 547 305043
106 457 794559
23 500 568680
609 2 943012
685 25 68578
356 60 399384
189 53 595108
81 614 497067
150 402 991032
326 616 562696
126 568 768593
630 365 183165
5 407 136670
67 420 2023
457 224 110542
328 554 948444
648 12 905923
113 130 43709
133 201 466236
620 348 31623
557 260 155572
469 248 157549
161 521 681525
594 514 82656
268 446 416763
223 497 628161
6 291 514552
471 219 857718
220 627 349839
555 383 7991
659 687 829279
535 636 762435
332 188 610326
477 479 690877
262 577 574579
104 546 804172
154 329 591825
453 418 709224
318 98 839530
476 433 825673
127 482 470355
182 431 841773
635 201 789493
335 316 821670
237 484 311268
382 143 535070
244 377 822159
275 153 6637
20 370 431284
360 321 553940
439 45 84005
396 345 998221
281 64 994140
161 462 437949
117 660 986156
562 224 627119
56 213 849526
122 156 257552
109 487 1837
235 104 712468
670 132 26445
177 298 328763
363 591 28302
650 449 143513
160 580 481140
114 346 50731
197 81 296041
411 154 149983
403 212 714635
175 403 47444
589 158 969373
366 253 752573
30 402 822340
190 93 135613
467 411 754398
166 5 512818
369 33 30187
22 170 227085
353 72 272048
286 285 37144
275 608 456949
573 391 71318
266 538 200101
491 134 285082
381 539 148304
221 416 742317
461 251 784843
514 20 726004
119 601 915292
669 568 197876
154 165 876749
666 71 873712
680 634 577148
490 237 748058
506 663 210411
117 50 168311
313 579 396733
534 480 262004
38 627 237825
559 191 664298
475 678 257438
589 623 641459
205 111 482713
503 412 277006
314 230 56469
162 567 914807
687 79 160784
280 121 510174
374 231 110758
633 625 235279
181 85 731023
19 494 557246
579 580 301489
660 251 285482
465 3 502612
137 623 29518
386 670 222973
167 206 598355
610 543 411399
346 601 295721
38 318 640906
75 190 535607
376 604 2081
429 425 833669
404 386 480125
91 682 881348
123 142 832233
646 244 575096
472 288 208603
93 673 535203
59 469 949016
206 424 931395
117 341 428493
135 284 256119
460 512 518315
548 427 400254
456 139 526873
571 490 860992
596 543 634136
523 636 696626
275 11 221584
315 128 757442
674 634 621733
395 237 798786
546 358 387952
257 195 671372
225 8 515940
256 537 236536
78 555 603366
619 667 98690
129 7 510375
455 21 762218
127 24 622401
214 282 642918
601 519 305406
176 87 111892
259 254 433364
277 641 342223
13 453 240995
347 97 159870
208 461 366240
551 192 56869
493 201 152804
53 9 968560
248 307 228643
471 211 255086
513 462 108435
182 344 924350
362 188 702487
519 508 207896
176 651 86910
102 109 458065
659 313 385005
555 256 507378
394 469 282321
492 225 844562
59 526 551263
342 643 130941
116 10 307631
662 337 252616
645 99 876684
146 63 157983
24 41 862787
610 246 19455
432 355 178991
114 481 493489
408 250 359535
626 512 584029
128 485 17582
125 328 227555
672 270 938492
451 391 590
503 653 94120
311 500 12367
95 16 543201
661 241 826057
168 180 34146
385 497 316443
505 594 174257
42 75 462073
252 346 258129
186 321 999371
656 396 644464
322 309 954031
583 407 545942
676 385 625003
109 251 651886
554 103 459723
34 399 14255
379 637 39035
279 604 511996
408 445 157185
345 507 903255
279 161 801812
646 607 541328
572 466 936282
61 24 790282
25 425 530476
331 38 954696
636 564 548067
399 226 951736
415 468 451151
89 485 568825
101 321 117058
1 183 528198
170 539 54636
88 113 342531
534 381 585792
528 58 902945
55 21 993031
496 520 19362
627 82 697629
96 433 496433
189 446 706031
573 461 530467
629 594 941890
101 236 948805
331 670 126610
550 308 455695
205 398 64237
665 659 234468
686 46 604013
263 636 501644
649 545 883360
674 14 591921
37 657 663757
655 251 937027
26 352 998872
604 102 865019
137 239 479921
319 304 844293
266 383 225246
490 325 178859
468 500 691573
246 687 532666
231 10 309906
22 178 946527
196 373 901326
428 496 592318
634 639 682249
84 57 255295
275 127 668047
364 353 861139
411 622 931930
167 451 899521
253 662 946645
170 641 530857
146 100 395715
607 590 685265
339 546 431095
0 124 467724
196 42 139311
520 8 340776
326 584 267338
517 508 949829
416 246 814455
115 308 768886
336 604 69943
164 142 526478
685 66 467994
62 116 754701
269 139 530643
644 496 116839
569 486 693902
446 134 730861
361 321 483076
79 629 591133
144 251 357148
225 592 589710
34 392 154521
11 585 365287
688 603 30132
58 134 456339
134 140 211132
363 470 159634
469 362 845673
542 566 751171
594 486 606479
657 135 301486
386 309 15117
436 149 642082
281 546 569555
359 310 306523
537 49 64365
333 90 664845
471 174 677597
549 181 163846
661 668 666122
178 241 189653
606 473 998782
186 452 547523
408 389 964761
585 676 533464
408 604 22773
652 266 479063
439 311 666663
302 7 282497
70 283 480833
276 271 161953
19 300 238398
339 426 579600
291 637 658585
211 44 553853
77 428 29279
379 5 699024
658 412 838212
78 371 15534
426 133 653907
95 390 751368
541 591 279658
688 686 259790
257 308 274578
328 501 815743
689 239 96755
628 249 11049
284 684 807629
558 214 307428
270 577 324592
650 191 556767
605 127 504401
460 58 96639
582 257 555530
184 500 79776
219 92 494790
272 157 332174
364 246 829260
115 279 788339
68 163 778701
339 81 177355
643 420 790479
340 372 128392
69 583 649507
111 241 828312
0 521 558491
682 134 97366
433 594 230321
357 102 644056
358 419 305616
442 416 486511
409 286 185824
59 97 687966
645 686 775487
456 177 503088
602 42 205837
324 533 495475
536 460 880546
255 604 488300
421 271 77088
405 496 506574
284 631 278859
212 513 372920
315 196 908268
394 467 582780
86 535 357025
26 153 483067
67 13 688469
235 544 62302
487 193 692741
645 13 137609
95 371 419567
565 44 928904
616 61 142718
187 472 521328
549 191 171800
126 244 792992
645 280 234063
145 306 906093
303 317 842680
410 115 357806
537 638 640252
149 629 554056
234 340 650669
623 339 591318
689 335 880257
650 380 127966
246 104 206560
65 604 448903
106 54 249195
599 278 473007
163 641 837919
372 209 477487
410 354 324042
622 41 359868
365 195 44379
518 116 758414
179 520 727889
32 159 603522
526 122 912988
220 249 136625
376 96 960081
404 629 814842
361 398 853750
64 313 673494
300 488 608796
245 346 351300
676 308 61634
163 88 776917
419 581 153275
443 50 436693
523 454 821782
432 320 711599
146 247 760064
189 18 459190
616 419 177448
506 417 276279
116 253 542070
437 408 683870
91 515 102442
168 494 88790
354 549 353783
599 330 590718
414 196 897640
50 593 318754
654 4 969974
132 444 548533
581 340 658503
512 75 578928
208 80 438972
280 130 822659
450 629 385666
14 573 249795
507 285 489472
74 648 845137
649 152 888587
63 83 96395
359 276 241873
643 26 417520
677 369 699355
629 317 66074
339 210 936837
193 227 820556
39 221 876711
105 309 632913
125 61 222881
6 73 504681
5 332 83238
548 611 474390
80 462 135722
438 44 66134
457 145 937892
602 569 452288
409 613 155029
48 388 666419
88 655 477168
501 279 613597
539 501 314231
442 402 947948
211 167 26759
215 178 549664
359 454 477221
689 519 64601
121 316 635609
550 495 155393
17 627 73734
648 94 453946
607 192 639045
570 69 160402
624 20 253780
159 21 526522
247 65 137507
366 654 991656
331 593 674154
683 510 236299
375 587 174922
468 25 193427
366 98 900837
511 213 37722
93 7 948865
435 251 178385
613 397 114291
34 496 285613
60 412 832072
133 419 942700
557 322 911244
187 324 438001
401 480 216843
162 409 575393
330 153 328084
585 91 82665
571 570 552909
182 647 827805
159 449 356408
316 237 82414
11 150 931686
224 46 983844
200 176 553141
231 420 111578
107 562 328045
120 562 904253
430 345 80005
362 94 141353
278 449 124127
13 491 462138
260 584 782885
302 71 350704
448 354 657031
488 125 133779
230 579 194606
176 643 270826
618 666 314922
415 625 382975
305 422 766150
201 118 47049
606 453 751598
254 558 661768
563 11 701126
457 156 252178
221 363 399919
673 200 73220
183 259 627443
146 216 35750
428 624 888326
166 486 802406
416 621 55717
439 314 891661
19 447 545314
289 229 589013
151 214 917886
322 189 526913
155 337 922945
673 682 413272
404 634 283574
582 689 982040
342 632 854623
620 333 294545
617 467 677924
254 113 304618
284 419 429595
403 604 788370
394 92 760762
426 141 282823
136 252 442113
273
258 91083832
39 70217542
648 23682018
300 81347188
201 94104778
406 65782016
253 12331482
673 35568282
217 27287141
317 21654381
303 92366263
638 7379949
454 56966678
191 96360803
296 11907440
543 98955769
535 63703492
163 67158423
237 27612984
246 92098197
427 5641059
357 45709114
641 50613150
503 23885278
617 41241102
387 25687535
444 28836454
96 76297772
604 91514290
192 71505542
240 10690687
662 32021532
210 31040231
118 27030101
336 22903362
161 72286291
108 56628969
567 93970584
120 93957219
519 53620647
59 35812731
171 40279128
194 21383187
621 28290382
324 55620743
339 26747581
374 96190714
271 13269904
59 25110979
280 33055161
613 63616759
555 83893463
135 99403060
631 45805706
237 61943655
322 85834599
591 83167102
381 71938459
143 34893463
480 62919550
362 42933812
140 81910748
430 79198648
135 11226160
639 98470457
415 31511419
25 64396278
176 17761948
400 44423821
133 71519368
349 7982864
683 42297383
62 90175146
326 38224893
222 62171723
554 25081778
378 81198392
667 11017937
461 36231851
181 37635116
621 97708016
689 30342317
231 67438114
506 74636846
603 29440894
581 62593572
370 28673862
638 16751178
643 12737563
93 77714649
295 98568329
25 95734749
424 43399829
600 3035423
205 73194335
173 72763282
613 5486559
61 5965931
656 25223551
143 79322006
237 91822123
200 8322748
2 53421188
199 62572422
154 56731475
550 87549992
582 89506558
495 88295318
557 92945893
104 93557589
228 79631840
668 41937723
535 85569125
199 54437174
490 33719117
386 34832700
349 26850432
173 18631652
220 6772140
211 66401944
175 68875437
381 35538117
428 19429853
556 2659575
660 61712976
394 3943086
494 13324083
125 66385545
19 49469750
436 31781184
503 88218627
648 4379755
39 56497299
260 48906052
621 23998272
61 69580742
295 87900403
367 56886587
676 73875277
318 74081773
505 634408
34 40827821
621 75471677
528 55671834
170 95148344
467 42110978
526 40251281
555 52399252
407 66111473
9 21760715
587 82435298
629 60861199
137 38721272
155 98901223
102 26445480
279 63473524
577 37491134
509 42020065
619 48516490
57 76039910
79 65571339
172 472985
103 19650279
341 87730471
678 72391611
5 25229215
156 74827331
83 3000133
105 10995929
605 94938961
430 14524620
130 13290753
182 27126435
533 11367201
139 75311410
284 56470360
298 1703962
267 45598024
555 60214522
85 3595684
198 82359453
31 15878081
631 77871303
376 75018019
627 57706882
541 99164786
581 39622354
299 19834003
278 66144854
240 16704530
573 87676056
630 57822127
104 32744521
157 87524063
489 32216307
511 28711503
306 44080749
139 19377754
153 50849468
299 38253168
0 64028396
224 29507263
78 43890588
530 32974327
36 65411369
66 69237262
322 58676589
14 6457810
596 81419421
536 48817462
101 69540198
560 92307871
231 75317423
469 55723016
524 9758347
688 59539865
571 40750859
37 49187345
345 1202835
588 6596385
681 27794873
173 51134021
464 46404195
217 29184059
550 92098275
486 45043813
391 95431745
179 43316712
454 30147577
198 9482924
646 10967521
499 97019950
508 7445316
120 30854797
663 38413899
92 82425259
340 94026465
459 64338768
689 90093835
257 78288532
70 73720678
475 48771754
676 59826386
512 15266399
128 94769593
305 64285893
126 82435014
437 40394467
683 97679542
494 38241538
134 33874507
410 4190411
401 99938335
219 20283485
621 78692875
56 51506581
372 7883487
365 89373952
182 50800767
375 51553048
512 28157549
558 88043341
261 12523355
49 16065392
541 84847075
293 16938955
104 80430124
119 84628046
364 67990382
237 52242775
538 46428047
337 19439363
405 17753544
