682
4610
483 313 424906
353 547 42813
204 185 434155
511 481 969829
108 242 971931
548 183 700958
613 215 436779
223 39 957149
74 534 906040
84 114 573896
80 511 1813
261 315 85885
457 280 145481
579 409 731602
367 8 355625
423 350 406486
46 437 870749
541 478 262447
491 125 512113
327 20 919470
564 430 897496
375 21 365829
463 547 162559
40 512 542907
261 284 639113
191 346 859482
63 385 869669
564 31 345445
623 405 441935
412 116 88198
456 108 778360
189 49 903497
336 276 913687
647 392 100246
671 491 997248
39 362 857590
329 636 816114
333 484 240406
457 317 775995
263 526 77048
650 363 302075
299 556 716583
575 480 512815
331 46 683553
361 485 952270
629 280 823151
481 204 999523
229 346 251599
647 84 704960
377 613 877084
488 415 107178
361 253 18224
297 466 939593
406 662 550480
466 208 931449
93 366 660438
513 412 516771
24 185 649268
566 600 572489
679 363 607426
558 353 395777
61 206 482906
467 206 820075
145 218 527061
307 596 412426
171 544 93627
567 523 174163
286 27 491310
386 382 337105
238 676 726790
257 140 119231
101 241 392775
80 304 544529
583 323 542817
347 595 304641
408 142 907626
275 578 337826
213 161 433590
301 323 453891
479 48 917485
627 542 52388
252 382 530418
1 314 829443
473 606 51354
113 371 383071
3 260 346871
177 231 718002
460 672 533260
398 346 463501
619 440 410227
134 158 115843
454 42 58292
416 87 151439
629 271 852302
307 423 465114
201 663 481943
521 392 241230
639 273 892901
271 223 626871
60 450 259038
663 377 263213
468 340 467298
649 109 734459
134 328 587455
134 577 559295
139 333 44681
555 165 79345
611 98 270502
117 8 321975
154 620 586296
214 550 563997
441 567 123959
248 321 727248
358 378 21809
165 563 184834
308 272 659149
144 410 596835
176 304 744949
260 147 540536
389 249 641849
295 303 31874
660 609 784374
451 413 364333
575 661 16979
483 646 379427
596 161 859688
466 177 244981
161 313 943660
57 365 837485
476 458 135665
411 664 239210
56 169 63013
238 560 592089
607 197 763006
39 399 778541
255 640 35375
229 67 549545
333 144 38735
285 366 762495
202 113 67424
254 313 723684
328 660 994651
11 456 730695
67 193 850749
213 510 749313
606 481 151468
486 212 37137
37 581 191063
436 256 101644
224 443 587892
198 62 266535
407 137 936398
44 73 675551
476 94 628972
1 256 316201
382 194 101742
481 245 229163
262 568 464891
324 636 981187
182 525 72230
501 563 634521
383 477 745965
212 155 160508
674 361 25795
526 254 171595
355 406 903335
679 239 215539
421 621 965451
676 197 985201
597 262 296295
653 589 735693
114 655 208318
514 123 519393
409 19 404884
643 646 860750
354 463 584877
431 169 219801
274 545 677711
286 89 686163
417 51 559121
673 298 633982
13 307 782358
185 49 673773
421 258 541188
21 91 843546
138 463 288263
125 174 150815
501 343 692654
502 266 202528
473 324 42320
121 85 736893
167 242 526
132 19 113884
668 354 35385
310 519 369491
99 120 778371
673 397 681409
111 403 962405
192 223 835992
222 110 972336
199 101 19524
677 429 218675
520 43 835388
30 348 521974
401 304 744955
350 63 74843
75 3 349946
600 472 300060
70 11 994707
130 213 712983
132 597 166117
80 605 295753
583 495 335564
63 349 720011
348 414 948479
517 415 419816
44 208 361141
438 133 561919
453 583 444624
503 143 77466
35 481 268493
606 77 556163
580 301 379294
672 529 395682
504 195 259714
414 409 135344
348 485 72298
298 360 664568
499 475 487435
420 479 326040
596 287 600881
173 242 50916
507 265 536648
252 580 945034
53 286 159733
657 401 830605
348 84 425561
0 32 135497
626 230 162390
327 471 498718
211 188 212443
413 641 591864
610 467 600756
117 384 530706
312 58 389481
37 524 838053
499 104 354373
455 234 990322
274 6 95742
107 311 919037
655 186 341469
324 614 376081
434 357 89685
494 51 213729
54 654 72715
21 576 984778
473 663 186723
508 678 225114
431 287 685208
449 650 753553
386 116 310805
48 216 768533
254 291 161253
554 238 647500
417 178 219932
378 154 122680
195 642 865785
306 437 566636
633 66 163015
360 219 974295
280 223 610645
226 656 27440
97 342 691569
280 675 693434
489 675 888355
312 487 964429
362 604 568227
130 534 280734
264 517 196232
259 612 433959
619 52 61502
676 622 411268
274 464 419613
545 442 375855
453 110 195776
610 673 327360
54 522 227594
88 426 507650
418 130 942128
518 652 536394
283 277 812472
405 554 95121
538 319 468900
95 324 663606
335 159 740209
524 421 929490
474 297 614059
542 416 518689
292 15 917609
515 178 679916
24 617 160392
111 147 61389
141 113 933997
391 495 728972
394 141 695671
420 159 286159
377 330 5300
637 148 118535
602 357 28972
438 330 481640
554 444 64633
356 2 219365
475 662 325840
624 19 947626
185 186 696753
656 681 876937
321 280 76614
20 225 985756
37 25 714545
134 43 849813
494 283 672336
627 571 272838
84 181 802695
491 168 570325
259 88 9056
128 252 524528
433 504 189186
52 628 527396
334 655 62346
506 92 728711
210 389 755869
505 665 609584
184 442 493270
666 553 463346
46 677 321314
443 325 348974
301 318 941746
134 1 557005
406 95 781681
373 264 771857
101 551 105336
662 301 62438
163 41 371807
218 599 542717
288 490 837090
167 331 293425
493 583 441042
318 52 918976
148 399 227312
510 308 9574
544 355 208168
657 344 610022
619 6 2646
484 324 849130
610 311 186586
41 161 683417
54 42 636301
333 542 715418
293 234 405919
93 562 227429
515 230 86935
334 492 808286
568 551 620275
498 210 688891
22 520 742307
83 657 649326
361 103 360335
162 248 209761
243 227 831849
36 185 551728
26 375 851844
249 177 935971
456 614 87761
305 369 732567
104 190 835677
303 575 165187
477 184 531257
523 468 920806
182 673 43689
424 554 627484
597 36 741039
361 443 936061
127 674 745926
235 97 695177
270 48 700172
318 55 608211
490 273 512378
105 399 462666
526 483 120606
35 634 342331
282 644 856117
530 488 174799
47 358 752447
633 594 262748
371 8 271410
26 335 617408
416 270 659301
174 180 209144
151 293 221022
333 388 356364
20 522 920710
147 520 512488
440 514 858381
341 431 453128
317 369 434777
317 646 20631
286 214 405053
349 649 870404
220 184 33423
233 571 771114
626 458 370754
576 461 122455
8 657 818817
616 172 104991
614 25 722350
124 287 15497
499 661 365455
354 317 378441
198 513 655276
118 170 314483
606 656 801710
28 328 761589
47 228 191667
448 518 146126
225 161 25438
298 32 176138
440 406 373990
358 89 366182
503 298 259684
631 15 233797
169 447 797725
516 203 654547
3 219 723095
18 384 989264
597 644 196973
293 308 809231
56 582 575812
342 623 523702
276 575 914796
519 337 618281
495 505 43543
4 99 304981
143 537 874352
15 452 681450
579 6 748923
641 475 589012
317 331 913304
448 64 877122
585 381 899948
82 397 537701
274 587 42216
260 351 273842
600 145 569337
304 175 749210
128 531 755697
378 400 321604
452 270 8741
353 340 34438
523 267 381933
165 568 223613
681 555 97179
381 267 681168
151 30 501131
624 425 399534
545 208 720131
385 41 46760
52 177 202045
646 90 84099
379 353 67131
268 281 67793
232 346 912518
194 264 985520
151 648 495704
363 339 876053
82 365 481784
181 451 149238
324 283 730666
345 645 664808
372 398 42485
149 177 438685
501 327 357444
193 344 444304
628 16 236940
576 664 23016
49 367 869736
628 663 507530
518 332 442812
273 197 797389
655 147 22570
258 274 762846
518 589 569956
661 494 52948
552 226 750436
643 266 960225
271 94 414309
445 344 139790
413 260 512851
672 279 96801
103 255 875672
94 168 112005
622 189 38880
153 78 491760
275 489 927140
5 525 778676
19 540 595689
20 507 208770
333 670 466778
277 600 822532
662 624 62582
364 575 23849
553 209 267663
567 232 193155
556 76 245580
437 77 593079
434 644 848708
537 421 14385
135 198 35505
252 59 447342
494 398 738759
291 328 234946
190 349 713295
642 335 306291
23 249 233990
672 191 948812
591 310 630235
299 38 871752
642 370 148204
380 453 821717
230 20 409706
322 291 683682
273 317 273483
413 486 306378
397 421 190517
87 80 571225
255 275 945302
666 605 272360
473 322 332587
342 334 530756
289 71 651216
467 391 173615
523 410 831418
588 642 117324
323 286 100203
277 3 36434
216 211 809091
485 225 991308
167 456 622509
422 605 840836
610 265 89146
218 90 582491
651 77 44691
514 486 496258
253 395 74434
185 618 501413
113 269 223122
213 512 70414
295 647 80204
117 493 62187
293 106 306865
333 218 813669
440 441 187342
348 150 698368
345 269 733912
486 605 836271
366 296 362727
547 652 814982
493 283 992526
517 677 140398
617 316 199637
386 654 178895
133 99 668457
253 75 122361
161 113 564346
180 676 599319
467 324 577335
564 524 175544
376 492 452752
177 428 478727
319 344 732333
569 490 896591
394 197 18939
235 73 959665
545 417 291174
447 231 942874
74 429 314078
305 431 825796
661 669 972660
322 545 647690
18 43 534998
329 235 981668
395 78 657602
103 57 703104
420 66 66775
39 416 705306
275 18 137164
261 529 434449
130 43 107883
254 442 224995
616 678 332651
229 478 226572
313 31 20495
85 468 454738
277 507 959355
39 112 411626
436 673 50014
39 249 141266
314 348 679278
17 93 31924
87 560 10082
467 244 643549
499 234 556031
501 586 207538
524 260 672073
517 442 370394
448 102 725793
528 113 759885
503 376 343331
615 553 729864
218 307 239735
306 653 90794
445 509 193296
409 467 988250
572 628 359654
172 297 929886
382 173 827880
165 466 696704
239 498 263457
456 207 887839
500 368 949356
410 230 669882
346 356 252662
27 202 939127
621 19 320479
371 439 806295
240 601 128240
111 102 711912
100 544 747021
634 378 633091
667 508 929905
345 76 277237
375 178 409006
156 313 678434
536 59 475092
228 566 631446
441 224 458245
105 418 388077
246 632 63129
92 352 416159
30 224 253019
606 522 774099
45 155 675080
482 256 243415
678 35 529706
469 159 65289
574 237 298284
556 77 784355
547 14 579844
464 129 985461
663 307 623588
500 526 11593
485 644 40527
422 442 806784
63 69 58453
362 252 525280
5 541 316760
608 255 922729
443 306 33324
613 583 865387
648 289 551339
57 138 199949
309 543 201846
669 408 310319
38 203 547780
249 158 944167
237 554 770266
183 106 113268
337 613 188142
123 468 620737
534 397 697347
100 168 714078
352 97 263427
182 14 946370
449 247 130922
222 409 208105
60 101 727779
583 449 14917
594 94 405763
512 137 954813
602 240 228694
575 319 21274
197 40 131829
600 283 271604
256 578 334174
538 105 179242
315 478 360006
301 257 72958
21 262 383982
484 399 563123
9 561 83929
602 338 526516
451 670 667459
126 36 126398
105 609 438
372 573 17370
106 292 500053
638 492 289657
310 411 369784
25 129 497389
486 213 868000
183 539 208656
542 127 355247
168 305 788483
252 271 480036
162 189 186438
625 528 583046
359 234 434286
157 454 542199
671 657 863485
614 248 753090
501 553 686781
42 232 822088
344 661 449224
506 566 922629
508 638 736137
379 172 817878
317 432 787410
635 520 122133
155 617 324701
222 445 100135
33 564 227571
104 318 757918
431 110 688195
390 591 652788
84 583 298798
290 428 846591
330 574 451214
624 210 557462
543 270 631544
201 102 26752
209 249 358636
584 437 39112
191 639 355484
262 614 992821
384 381 353228
391 500 564905
678 265 496545
120 616 313819
362 463 159039
444 483 230781
227 506 741064
394 650 857789
500 276 941827
453 35 256131
55 184 126795
523 552 298427
426 651 422723
265 198 585600
582 439 166905
96 224 893989
505 540 771380
233 28 248824
224 220 447912
22 517 292040
51 573 115638
209 114 973445
631 312 594191
643 13 649974
403 86 314499
603 478 413966
32 507 520003
566 156 634864
507 624 826343
290 645 589002
626 197 770877
101 114 612233
170 195 466995
107 214 30447
72 249 785715
226 556 811811
419 33 691924
77 429 883425
444 391 600191
571 373 309542
610 641 282581
560 587 418562
210 443 202501
216 539 895275
680 438 751520
418 345 279844
271 162 977363
441 169 435523
188 272 444696
252 290 623791
412 8 734431
136 140 617828
242 98 335166
439 589 625738
346 52 856619
220 670 186273
451 193 988566
30 565 377848
393 519 805534
571 636 758824
662 471 627593
26 651 853009
577 653 403912
455 290 995136
586 285 499445
527 397 226154
78 636 328577
409 560 752527
499 151 694573
515 559 999017
527 307 184608
547 519 167234
21 449 897444
530 519 431540
20 475 561657
227 201 98794
229 502 241803
394 45 107899
677 185 582991
375 574 999237
478 607 368036
117 503 49170
79 304 704040
655 504 113434
636 431 939798
151 238 892204
77 484 713719
91 111 490420
201 377 632102
254 356 129017
239 589 596172
114 658 714878
538 641 998474
336 107 183425
613 618 388807
270 101 759627
118 441 689600
625 308 203282
379 376 852392
288 597 471683
344 468 517768
163 441 240743
360 529 255537
114 129 609758
210 419 656035
221 495 886130
671 294 883243
496 443 854024
55 221 798655
336 82 3599
500 149 583059
303 270 756397
636 510 697897
381 502 204400
158 118 303956
127 575 74817
121 111 929015
435 102 687478
11 280 126699
132 262 865698
619 154 669241
229 555 615665
37 615 943290
270 407 485100
470 131 4977
329 432 180067
137 433 310191
113 583 778216
127 161 246793
360 473 315663
487 517 605838
271 624 223604
302 83 501413
481 150 215968
266 560 239942
250 361 235255
105 397 520509
23 598 106154
325 445 176291
160 384 917446
350 391 465822
506 617 333018
21 458 448470
662 103 689437
242 513 821705
109 551 958451
116 22 545743
415 95 594503
65 245 664064
620 205 35977
73 143 895010
562 558 40426
62 359 276191
329 587 15919
287 263 631798
625 616 73531
90 71 588382
348 531 944746
650 678 653283
233 137 734449
576 376 258669
458 255 399737
103 354 834704
626 96 415884
595 508 552955
162 104 327977
311 595 883147
394 613 880988
20 176 732044
538 321 435612
107 104 380602
415 599 536831
531 116 582730
551 562 219463
576 244 443643
173 433 32062
625 160 853643
364 489 510078
590 273 199862
475 17 19578
191 112 299016
578 365 286401
224 77 293502
473 418 567098
50 314 560152
238 137 282839
370 516 734221
491 209 296967
254 418 900710
384 262 738869
189 296 681180
558 311 819210
349 659 107474
15 104 57271
90 158 722376
630 413 29658
187 601 870969
282 541 682786
639 593 327201
526 442 978249
245 602 869118
249 533 338604
114 219 433280
151 370 421490
461 217 889002
416 167 83881
655 274 649697
77 215 223819
140 247 639117
631 397 293664
253 200 949899
648 302 993702
300 43 457037
574 640 649530
166 186 227499
536 179 512288
372 670 540810
451 46 679036
21 524 977986
74 185 416702
474 480 962130
245 518 551892
41 114 379905
119 603 47373
668 418 175073
118 477 189113
603 283 993139
335 545 655398
67 544 61601
204 174 289124
563 429 70982
631 489 796521
9 76 979018
259 456 148721
317 136 817883
606 18 186927
100 176 957770
256 404 61148
546 570 274983
275 287 662807
141 637 230202
199 29 993220
678 627 698454
145 580 487375
187 9 422153
372 60 647905
626 560 706031
563 622 61514
312 83 532914
467 549 600702
469 569 501785
424 159 352234
398 70 531707
388 649 888926
152 648 504416
385 409 303030
193 542 310808
212 650 853622
542 233 430432
556 244 264150
5 26 436496
284 675 954792
204 582 371094
598 527 632405
290 411 469794
23 271 221220
601 367 203252
174 437 527395
95 241 284944
612 197 375860
154 632 436934
431 16 934487
271 147 578186
271 640 540208
541 321 227872
594 30 381409
111 51 21241
102 297 304719
26 190 198504
665 413 41115
62 663 890536
203 319 908572
173 344 92517
616 122 75776
536 314 83578
420 456 209180
39 520 285723
274 382 122215
263 220 559630
343 222 335014
438 550 199064
20 275 702574
359 103 815260
369 93 424461
399 325 512516
462 397 369131
454 16 37416
289 261 705529
14 291 123012
108 388 306143
649 348 998137
44 151 221283
484 106 903042
478 623 290844
109 203 544292
663 187 549103
452 442 922894
91 534 920799
335 360 200344
81 3 58202
432 88 234878
142 365 100186
44 321 35928
353 161 27554
54 641 111062
633 555 324931
547 624 731657
86 153 250230
612 591 197869
116 525 497477
11 187 907625
419 526 167788
261 107 492450
414 224 265306
489 655 802322
375 581 184738
227 313 413178
248 182 352873
430 444 391744
231 476 122399
116 508 634781
48 141 116632
619 282 186593
80 178 446386
197 500 257255
541 103 341854
476 528 239205
27 191 229391
259 483 824835
274 633 945840
324 63 818106
477 593 112381
130 216 81443
594 96 471746
375 359 295085
379 502 706094
631 406 373437
342 258 51494
166 423 37425
532 658 449835
243 56 717291
11 92 862894
153 465 172703
611 540 337815
605 311 653210
250 289 243610
253 598 536466
374 430 179733
640 40 877987
262 257 38766
313 195 941307
510 55 561392
339 216 789497
92 81 989605
279 106 407136
144 111 50921
113 63 250248
163 270 30872
126 533 352562
218 576 983683
607 308 336939
186 426 662728
121 471 460689
221 5 522590
254 550 395979
409 126 465238
97 252 762672
117 663 986135
344 91 578978
596 179 894848
610 361 695351
288 72 136780
550 368 890244
289 359 471619
567 87 883562
553 27 509739
210 125 246756
401 368 217341
468 285 431039
150 43 444998
197 595 294015
30 239 705353
191 446 539660
238 359 498686
477 68 576857
136 554 375163
225 44 587754
193 179 518739
437 163 399011
538 29 718874
206 253 803710
624 651 893375
59 592 184865
339 534 556582
681 9 585508
43 39 488160
150 398 103092
111 139 364550
255 343 413190
235 615 202463
398 161 729520
77 435 539456
478 464 26015
159 642 86812
660 568 404770
122 410 67605
26 72 373348
425 97 244689
466 101 569870
472 330 332096
299 472 160720
324 174 28473
87 428 534241
318 311 563254
395 110 892502
622 509 826530
465 51 483205
513 133 385124
24 60 625523
644 458 588479
51 585 16288
444 179 919182
286 389 127899
628 656 42522
639 289 842314
31 349 517816
569 582 135909
168 557 124636
426 246 332177
306 292 972759
154 515 614253
586 138 413963
582 143 943502
214 254 202135
254 603 827511
410 559 841090
306 433 695468
610 671 468177
208 517 824608
575 400 393321
434 495 445935
295 135 639999
123 31 89115
436 589 13094
209 543 262702
137 548 969276
141 490 98646
96 429 99453
596 517 748888
261 85 355608
341 589 310584
494 506 127652
344 501 51520
340 207 730625
305 19 109400
543 203 203052
6 523 178910
475 168 252767
284 516 110552
518 44 254757
287 578 939378
587 189 896074
653 316 738092
599 309 794352
251 232 414540
670 164 383693
283 592 701216
22 191 576102
139 664 961839
163 587 918363
186 68 379910
494 161 595300
216 136 974179
441 526 176606
12 510 792880
256 620 642081
439 220 191268
249 569 920999
117 550 2843
665 474 102427
323 551 838957
325 306 288944
553 258 89363
629 318 436566
49 37 510997
300 665 777987
312 456 738607
166 672 621986
437 567 125812
499 18 95404
616 273 638703
324 657 645386
185 54 535816
549 544 38391
234 59 990859
505 273 44082
653 651 798503
94 139 223789
207 249 109598
455 546 441813
423 559 954630
539 484 173804
27 176 580246
418 188 245990
225 261 11614
666 220 728041
381 537 915650
130 635 101565
416 524 959135
540 539 812338
40 265 273411
375 383 517942
232 71 975446
644 374 323591
592 320 414202
9 573 662477
176 677 316444
383 506 663492
567 648 683281
669 275 656458
88 580 8246
459 254 622303
672 165 900586
315 251 445452
110 515 326962
77 349 48479
436 359 819786
355 508 836070
632 579 673116
429 590 751548
624 364 273596
565 556 522882
298 75 902887
582 116 357486
498 444 712897
284 376 343504
642 459 309576
453 133 406870
122 206 154137
379 576 772130
69 566 811830
322 509 575099
3 142 143712
654 434 811565
403 456 218728
232 85 416024
272 94 378282
482 331 677184
300 125 4210
505 58 147236
28 181 335591
326 574 574129
81 185 565514
576 658 297692
495 479 892130
592 567 738239
573 629 567888
84 301 390240
225 542 980415
286 677 840982
628 273 276007
416 138 448190
192 250 139116
593 485 789517
290 560 248728
629 294 466938
123 585 896112
179 548 700158
511 569 571369
670 50 881212
670 634 759037
545 371 182549
245 141 985162
32 180 671096
461 624 28498
58 558 807039
606 420 280202
663 67 352105
140 607 267555
483 653 729100
276 522 747778
3 65 988019
443 218 113947
125 540 798180
87 663 890756
135 96 366093
329 484 954603
635 387 553662
640 672 8503
232 172 325185
464 668 633200
190 88 817878
196 190 462605
82 512 141197
179 585 106721
598 627 781029
328 478 328604
208 465 766933
538 368 43114
676 229 28469
583 162 160400
39 307 488637
323 619 801519
664 363 238889
299 652 31195
577 87 925208
256 184 501942
341 656 848137
169 358 322555
172 567 999204
363 484 583641
79 390 84976
245 167 855339
620 505 994785
193 56 756866
88 390 471847
315 160 879364
127 433 959332
61 572 703966
158 470 881839
153 243 742941
211 71 335044
17 509 761032
365 602 843854
362 648 282310
12 400 144702
589 612 720467
651 162 610989
592 623 866718
539 263 797716
274 631 296385
175 110 134294
121 38 512237
558 463 115671
321 224 321103
244 391 531283
442 246 515491
303 302 88407
68 417 900107
278 295 653472
246 359 385156
329 142 742538
55 259 581877
439 274 917158
153 571 403649
63 646 960130
644 284 269719
136 222 90711
8 125 780078
627 387 675895
516 613 321216
319 154 187776
0 257 338764
277 590 903311
493 661 615444
201 189 314752
203 587 173633
198 57 576574
238 557 342604
46 332 482742
142 429 309410
292 477 193363
388 556 638639
367 470 356536
559 555 194398
677 10 474257
315 482 164442
176 337 695780
423 479 104467
297 190 985491
119 146 390276
271 496 458999
268 242 166681
464 154 353432
441 291 381412
296 473 745066
35 223 86580
296 428 321715
257 35 716209
407 133 157849
505 26 994381
435 303 75914
393 572 908773
11 148 108901
205 69 850968
280 271 211406
174 607 342255
665 143 153053
444 226 853658
428 624 925156
231 590 713092
216 255 273015
31 334 890882
356 652 452091
182 188 717135
446 249 738869
633 26 259316
528 276 668643
224 38 488967
128 347 734998
539 602 389575
287 525 429757
287 397 404701
375 381 186120
632 177 430467
143 552 511475
16 609 43336
628 257 787172
578 131 51949
226 449 779051
70 207 558562
123 136 834447
214 12 126564
351 612 797862
627 174 168791
122 419 285094
442 551 859880
417 367 385628
262 504 108666
654 408 755653
544 9 386935
591 176 92794
169 232 532312
16 603 62681
15 376 57496
149 557 28159
76 208 769316
269 142 712170
182 630 550272
369 286 120184
406 445 987584
297 100 957050
322 394 588734
652 325 427440
337 435 878652
191 216 715221
261 318 398468
80 517 956948
654 492 365419
566 467 489663
209 215 880773
650 330 386732
223 375 56925
256 7 63087
163 423 469827
82 70 442883
328 596 518885
371 609 405830
12 313 838884
327 203 877963
179 619 415603
531 415 700042
109 502 390984
444 419 234761
618 303 367450
526 501 812003
647 41 293522
617 557 490846
431 115 317456
532 192 727533
318 558 364910
476 412 374215
612 641 299658
5 579 868483
465 622 201100
323 574 296056
665 419 294820
282 7 72789
142 498 991664
201 1 880235
640 463 161861
240 658 826176
134 428 517443
152 564 444784
549 601 37275
92 530 267874
527 12 408697
524 18 374770
74 251 84422
175 72 913969
51 71 355562
429 506 177059
288 220 208884
303 570 784072
394 596 561677
66 112 379177
490 202 780092
494 162 136856
188 88 270518
181 335 306485
478 275 408272
188 65 552778
438 467 745247
75 179 636873
495 572 329751
278 264 650549
263 606 952598
614 30 736766
549 244 755391
326 644 944247
119 364 239601
327 259 498541
500 531 7152
285 271 289803
314 48 635593
430 42 349857
201 494 901463
120 602 496732
598 222 478093
183 517 70385
404 186 240585
472 588 366870
309 134 570795
662 656 389973
149 66 94446
192 420 531206
492 407 457870
133 311 766963
629 584 654144
196 193 182166
249 560 653373
54 586 641666
636 487 884653
503 11 142017
10 36 120798
533 627 80256
128 532 417244
298 633 481227
197 105 724919
238 214 604831
270 642 782693
524 406 436777
500 663 171875
327 157 580105
625 225 714692
435 75 434176
574 390 590026
10 417 915343
37 103 707732
653 470 368356
84 470 118093
414 503 82872
407 295 216695
486 515 451425
29 34 423632
388 474 752215
667 464 323266
121 57 727200
227 59 676506
327 672 968681
488 297 895040
365 471 382196
162 49 80968
547 565 349624
420 29 11192
183 187 916922
47 384 357923
97 243 955646
397 518 7432
132 56 394670
676 663 410445
565 214 924591
112 405 636389
88 38 980137
459 618 318981
624 270 884742
117 569 398054
172 478 659067
676 400 612144
348 167 683175
281 256 870902
254 40 708006
96 425 453969
660 366 450141
107 441 211928
85 423 109303
603 426 549889
637 360 6505
579 70 319879
130 443 501750
328 30 835427
619 615 915299
405 81 300478
618 256 762377
354 231 547246
445 485 273780
577 76 133212
27 504 803640
490 635 90344
258 176 248266
572 86 319434
340 450 440678
659 184 81225
162 376 750536
461 631 426054
481 29 736447
493 103 176071
347 244 489189
329 109 781567
488 562 29135
463 601 782945
172 18 707973
666 639 625379
679 393 958487
159 264 366293
9 250 973438
579 359 425299
212 37 161262
388 577 863555
332 600 629349
330 455 279324
621 44 105841
139 393 214553
65 141 63858
559 424 681862
474 459 711427
73 353 697906
159 46 992099
314 404 326781
654 646 897240
179 484 822794
326 229 366223
23 181 667673
285 147 673806
355 658 529920
406 341 426029
478 419 631342
41 210 41771
370 638 243890
334 651 727302
33 317 874978
326 358 526301
680 222 469116
245 589 441126
27 313 342835
505 548 578702
635 417 811062
188 487 603385
676 425 708030
292 249 523698
324 238 821910
128 187 197276
654 544 119268
311 307 564310
269 514 721410
141 100 338993
395 608 235380
88 526 531035
198 447 786492
628 372 514083
112 334 848255
137 372 227821
257 611 131179
78 306 294920
380 635 294404
680 515 996121
135 217 827439
484 487 497313
221 138 904009
97 471 940102
253 319 176503
245 649 86319
356 427 226643
174 477 699078
600 612 905320
269 307 314012
409 406 343470
216 149 654185
314 297 459347
117 478 962983
3 33 834887
32 251 595030
8 106 953322
392 264 187072
353 348 506039
388 199 141264
520 271 548911
670 677 615306
412 69 89794
165 50 149221
146 493 244648
37 282 258945
488 552 656683
580 65 33554
488 306 80890
597 531 859647
479 506 823262
520 4 795340
353 397 177180
551 99 549993
572 176 119943
338 556 684365
341 574 173890
536 190 242467
178 287 578158
468 269 80246
180 368 170364
324 151 304340
581 261 711969
435 301 909741
429 114 556808
609 571 825638
617 301 952200
533 55 42480
268 182 179061
489 281 690944
324 656 603076
620 375 308684
93 164 825538
512 194 265444
36 13 511537
52 251 280001
295 188 548278
256 379 813414
464 159 811097
368 277 840078
613 332 890311
157 449 156978
286 529 33713
451 19 804878
459 504 345741
102 79 693273
214 64 721961
391 233 364452
7 10 629330
452 614 865234
480 248 621316
54 36 488640
66 585 968360
519 541 725429
358 640 835894
508 498 781945
527 119 877333
470 338 248127
334 258 535904
344 473 431866
458 123 912356
243 255 643092
209 480 408208
103 375 856757
197 407 812528
664 496 72926
40 551 507479
42 503 750134
225 495 177826
111 2 890202
667 602 560076
340 444 900215
139 42 109144
422 151 615070
538 28 742325
165 131 837743
127 64 903757
161 518 823475
614 140 196118
667 22 940086
634 3 986709
348 642 186214
648 579 742658
428 613 869733
659 398 555385
100 91 291520
647 459 534256
385 591 4754
334 386 194566
642 522 622973
11 576 708863
308 498 662027
153 675 400584
311 456 259271
212 543 671511
550 250 364185
487 427 977649
439 75 203819
499 437 788683
10 336 83073
545 526 612739
397 463 620411
123 671 651155
299 614 554112
62 562 597962
54 399 741087
442 350 408496
144 202 772823
328 405 971965
181 572 684663
141 395 839482
483 484 557609
386 62 848511
392 160 936476
625 449 614458
26 509 169709
82 437 646889
278 121 888048
634 564 19509
550 546 220040
519 233 847577
577 269 17125
218 139 254242
211 492 207329
589 590 397989
337 543 389598
650 179 212534
100 365 325825
349 667 693419
235 352 803534
418 95 910512
80 335 587116
177 184 272387
221 86 498136
382 50 291405
8 427 536204
99 398 55444
631 385 603730
511 277 740795
80 490 754185
665 31 750
616 149 591400
357 551 813525
465 608 7148
601 597 518463
326 522 674047
6 187 514298
484 168 718193
83 601 138635
593 302 768331
523 627 675143
658 265 952536
441 325 374260
53 154 91929
636 328 209805
44 556 863337
344 591 786910
13 103 907932
489 504 415253
647 316 940740
31 378 848225
354 601 210539
344 674 440732
307 649 768909
29 441 751878
664 176 538056
52 330 509779
655 425 58377
652 116 831950
616 518 305746
613 381 134321
338 603 8636
598 139 235130
345 248 843775
111 549 519811
468 659 468481
220 49 426240
357 561 219577
595 200 228656
312 622 375184
255 239 222561
268 238 265089
558 517 671494
612 666 795397
434 439 916498
609 184 645475
212 505 345318
510 659 602014
613 267 635720
24 491 300544
67 578 672901
209 619 218083
47 226 81195
149 115 426230
376 66 6267
307 152 703716
267 12 227694
393 196 279473
192 668 619397
184 668 731013
43 515 622741
215 240 816747
59 137 109001
300 666 250059
280 333 923373
482 51 245120
554 261 7108
271 642 502118
485 502 429446
453 351 486223
678 593 688517
231 462 676548
155 16 863636
99 444 675899
458 93 865477
623 450 621710
625 487 388169
484 555 294634
565 212 481242
252 251 745805
253 105 695882
112 100 444162
379 551 342836
528 463 191501
133 45 707981
565 627 454194
535 644 778020
660 128 539544
247 615 561777
46 33 33841
171 539 448856
244 143 771020
316 448 119678
24 259 59109
648 242 622077
197 371 996630
438 270 59647
6 140 945439
646 134 921409
566 377 331828
197 199 365251
375 426 191595
566 525 819346
354 127 368241
323 568 343433
273 75 880668
168 570 954421
205 14 792487
492 53 80548
397 199 293025
581 166 92370
411 288 244383
80 360 881431
595 296 256818
280 243 956200
489 346 46764
367 329 640281
217 118 382110
672 441 754865
565 264 254010
180 671 615531
595 184 465877
266 188 860876
225 87 943949
53 245 939632
212 211 15719
636 140 185231
237 161 698175
103 521 236199
24 133 123051
104 460 151657
57 162 226430
188 22 114441
411 31 521668
321 316 487935
94 203 50773
346 595 863920
79 283 208081
121 632 362604
575 487 423154
99 597 336818
678 115 750392
287 295 496861
324 582 685487
484 569 710014
402 321 188294
533 208 670374
614 252 128051
0 178 925020
567 223 519400
175 39 269540
532 522 69911
163 490 221495
626 321 635373
643 307 780622
53 674 753015
626 34 776515
190 477 501896
314 64 348198
518 21 329002
535 289 41171
523 441 697670
283 660 838520
600 1 466295
348 597 614351
37 643 230704
416 521 594416
200 163 216521
416 336 298455
284 391 553420
52 369 408972
466 391 126838
60 658 61382
199 391 247580
619 405 851956
167 511 699969
530 367 28179
483 286 859836
57 330 939937
582 145 974288
56 667 790116
117 657 532058
543 423 328309
314 556 265703
279 314 113479
357 431 780604
1 338 64641
365 307 103544
229 524 130830
260 651 849530
563 651 240863
448 355 165644
602 22 221339
413 271 440438
393 619 184040
382 360 116531
616 553 273886
510 436 509508
648 82 3168
166 179 354099
43 523 885516
26 679 40650
402 656 694700
84 342 153244
619 75 445935
658 413 36225
53 406 691252
387 299 583969
78 599 799970
437 454 52197
551 186 248837
535 363 125184
339 172 983413
347 337 230013
386 9 762448
417 382 425091
56 125 137538
276 18 863216
308 327 29537
233 533 326700
658 338 511893
444 642 990246
178 486 148169
86 655 842354
572 156 503541
473 623 151043
533 393 589393
316 180 527403
267 210 749897
36 307 29687
388 327 761081
139 280 561392
662 611 369034
284 103 530276
669 145 178919
241 183 260919
673 228 247010
233 307 562430
455 23 386504
506 188 463304
650 135 850878
647 192 660025
143 101 467365
415 390 61825
248 273 316057
507 139 275613
377 509 219674
644 97 634798
38 457 713964
618 353 849246
264 95 119969
100 199 860545
83 263 152809
27 656 791302
573 295 73973
142 374 441449
509 278 523590
0 223 263985
455 431 709656
613 175 496867
188 524 598081
678 43 89568
486 257 528799
122 587 185209
218 41 453515
307 305 893455
581 615 620591
495 597 466103
477 670 968552
63 645 128420
149 249 627854
19 406 857569
155 490 565140
87 54 180239
574 357 266935
405 214 583623
443 23 130411
667 339 619322
591 483 702927
68 295 161187
128 470 666447
580 593 53078
236 297 526574
577 466 772742
188 127 376631
7 173 338310
651 283 440821
384 602 422570
635 377 994576
157 134 379400
125 484 606120
437 45 309694
305 152 699743
622 133 196477
366 385 485697
635 354 714035
239 235 218621
74 53 609091
83 285 377932
98 154 305020
32 397 491116
307 35 508898
69 654 12560
111 398 869021
649 141 55356
284 359 499750
283 200 570404
637 286 737085
481 510 939860
414 589 337873
482 71 912077
332 549 260054
52 486 143993
156 356 655704
160 23 352946
441 446 315370
317 235 699314
397 550 70212
347 124 156203
427 509 876268
595 670 98435
142 78 591674
674 95 338408
222 215 658665
208 426 450723
413 673 674640
410 382 298466
525 107 253070
612 660 186985
580 172 985708
12 622 423943
448 183 380437
221 7 907584
498 483 742702
379 486 846061
307 420 167543
8 571 471804
200 41 512825
155 312 766612
116 188 320382
455 665 22974
378 658 866306
250 181 358428
206 165 165167
638 665 911373
651 262 514078
364 612 107304
533 670 686242
21 445 144987
502 131 748701
424 523 73039
654 266 141333
499 513 195021
388 123 520602
109 98 915175
224 63 812670
52 14 611081
104 14 671747
2 196 376373
641 272 651487
305 587 350144
442 6 182143
141 62 237821
677 606 823508
326 516 609538
84 157 879514
120 102 708602
342 151 272202
437 89 448358
145 225 446147
135 5 654883
566 391 269978
426 113 340297
403 628 260403
536 435 578127
274 670 736195
670 313 774798
492 106 141351
679 519 296509
76 251 83369
61 195 512849
508 463 607762
67 513 555584
403 230 484048
94 294 744845
307 666 28665
205 657 902837
467 148 147868
468 287 886793
91 396 604294
481 632 340199
657 140 444236
302 611 738745
588 259 671462
119 381 913500
669 377 455098
0 415 663735
57 58 233498
319 484 531907
391 568 483280
400 415 947766
49 193 163570
586 624 866652
52 295 895069
244 290 261936
149 304 634448
507 385 76228
486 546 645425
314 270 367239
144 242 386560
429 249 893233
72 127 190674
344 161 226347
646 645 9802
272 107 214840
315 170 137747
313 137 450658
404 463 714167
207 187 358976
376 299 42248
674 477 386661
158 351 179399
520 445 777833
171 394 889370
531 228 536356
106 321 22352
468 420 293095
66 116 894599
573 566 249472
8 611 740657
42 129 521587
532 188 588116
496 300 469649
390 389 763367
170 287 643987
170 669 574080
140 299 612648
387 382 479678
463 635 635854
75 502 641148
673 231 116929
609 403 545894
571 581 138782
129 386 321701
33 82 291575
630 427 244899
641 471 753499
352 645 708519
554 14 788798
365 675 240528
546 565 644045
542 50 605648
329 92 854410
457 585 710473
62 649 249187
645 253 736679
174 159 484375
671 143 635220
22 71 237997
337 405 739232
372 36 755333
419 91 563446
559 235 104130
510 541 146179
359 330 988451
669 351 723163
275 344 758818
598 419 414083
192 543 672991
559 153 303650
539 380 465242
119 164 120980
236 216 567272
310 84 615361
535 334 176251
295 609 815395
40 128 457694
299 327 463905
51 299 833413
558 98 566427
605 535 610677
552 271 254399
386 99 855120
412 288 150022
642 574 441627
402 425 716797
506 678 655871
374 288 399821
78 55 683230
636 346 326776
574 188 599771
630 503 879619
235 84 610007
219 93 359575
251 160 827566
444 72 767878
441 115 991337
209 396 734424
574 678 460863
393 33 898470
530 172 63217
358 182 301722
506 346 894199
89 650 192259
654 161 805268
122 131 11333
68 11 90578
39 636 531479
218 419 561249
267 508 160983
444 14 121465
375 542 747441
226 187 29227
418 619 329040
70 110 321568
18 308 571238
116 378 399088
579 638 66708
69 268 522391
626 261 39621
390 83 200953
606 355 489043
608 20 176575
83 612 729270
413 325 725910
528 653 88919
644 626 217154
597 451 861597
677 191 806865
63 156 160000
664 201 153455
344 632 594502
633 161 355765
471 64 718763
588 364 432582
12 70 412045
165 627 101568
407 459 28937
627 6 603197
303 304 597208
215 471 564458
680 642 683108
40 300 510761
310 350 738802
538 506 742037
242 314 229979
551 70 429519
319 189 276509
595 65 575467
584 11 896299
194 439 84062
667 608 861750
438 400 334306
603 360 839244
1 487 958990
362 291 895927
523 53 16703
576 413 554497
519 404 290130
56 268 414232
506 8 959604
153 508 817740
104 45 917179
321 269 341073
388 510 45658
629 533 944918
18 14 703315
385 601 382795
150 147 131809
627 558 695350
156 7 198592
113 180 661397
145 300 171024
419 10 656583
480 127 812093
302 405 135493
327 588 233135
21 256 436155
650 205 691870
497 581 808919
175 634 197898
612 196 882255
444 456 852034
105 582 258785
130 483 830059
362 658 340197
610 426 365470
282 172 243702
235 47 455685
13 464 938575
421 37 203273
639 190 387247
283 407 441072
218 545 786952
343 313 350992
523 350 604594
680 231 816127
607 534 455768
17 388 851843
240 102 479174
153 672 931328
248 548 129693
39 237 545400
558 381 957203
607 237 255143
491 672 699868
440 156 328847
502 553 778639
618 53 743109
498 297 865504
490 584 736686
538 381 610926
67 32 393127
628 244 582801
286 541 346791
28 505 312923
69 679 795135
231 319 597177
587 201 210510
319 229 99707
15 88 864806
571 656 175606
370 21 195022
389 211 809810
314 644 231713
225 12 469682
545 177 79934
633 280 202721
317 341 379341
559 353 328279
324 198 243959
83 462 121879
389 481 729201
542 23 860366
574 211 11625
304 444 57184
310 491 163338
83 425 127078
411 523 420862
550 311 878051
231 353 934908
334 173 971805
385 642 435273
128 90 34800
539 225 207367
445 150 475354
289 587 273847
396 125 360961
3 61 120191
596 384 55966
393 44 663802
524 328 560963
243 675 365822
157 102 504948
458 470 68781
14 520 824564
3 290 959812
262 346 122257
394 419 686178
96 549 163330
410 136 685338
377 564 535362
70 359 335186
259 669 675564
453 48 403995
358 60 170369
582 434 358608
256 236 656368
142 54 569126
190 189 903529
160 291 241884
363 260 869548
56 53 250567
657 130 82975
172 420 19558
581 384 458490
36 354 401687
314 115 496332
348 402 387590
463 524 256337
210 484 188839
92 270 938431
417 245 380953
584 188 195895
621 626 78029
182 499 380464
538 520 780630
559 154 92686
511 34 183484
327 91 339475
466 618 605390
255 179 536119
551 640 522088
274 647 298577
531 526 718206
45 403 887961
290 635 554362
351 191 690252
308 343 393103
183 158 455601
375 265 310821
552 322 31827
446 85 730459
442 89 556168
460 130 116416
597 53 587169
454 90 598140
164 516 945070
170 163 420316
655 502 615469
227 256 350942
589 54 213838
472 268 463092
228 84 901867
528 128 4104
24 42 225684
473 112 844329
244 449 820940
601 317 681960
394 220 455107
680 538 588309
77 516 123498
346 358 265908
171 522 348013
310 630 221335
651 83 653509
656 418 644003
568 205 288150
185 76 791537
499 53 131414
578 528 453124
199 477 743691
150 474 746547
482 113 47504
48 582 219777
80 77 22870
330 205 60500
436 274 994767
65 207 294051
205 530 819896
618 126 391054
640 230 178121
157 446 509283
323 347 607612
309 148 993028
317 453 659901
184 223 940298
277 380 243061
428 412 131253
308 556 561035
126 667 349229
176 419 946851
441 341 468187
640 110 794378
552 597 737933
154 444 653380
649 95 728182
497 230 233614
173 50 529214
110 158 645382
524 284 272601
23 453 303334
374 151 965990
63 631 820158
184 605 58124
460 667 15077
5 70 556858
480 236 17730
115 452 117342
412 187 883814
19 367 777427
574 45 55824
354 203 663131
87 221 825768
386 164 579671
363 204 538204
55 390 463533
402 408 957881
253 161 134957
624 173 187258
293 192 889165
564 487 123355
41 155 437246
468 278 697554
353 257 725473
321 72 708662
233 142 785506
418 404 804097
277 669 99827
136 565 705238
448 655 942670
35 75 49592
302 508 231590
360 468 648695
391 130 514669
460 297 699508
371 258 25576
364 533 149919
539 44 397053
520 290 291612
378 661 335403
461 143 167051
118 215 941291
401 180 864919
636 298 346328
501 282 42662
447 388 150529
560 462 723247
432 656 907626
662 482 692055
582 510 875442
587 256 454880
544 126 468885
219 600 134695
269 183 673535
308 608 706508
621 27 737071
676 673 557212
311 591 826945
29 369 372839
127 500 443093
136 675 605764
582 44 539090
309 293 242621
565 537 239193
103 236 757524
680 675 407653
604 594 409108
617 437 133514
607 563 541455
191 74 973620
249 375 627021
16 316 17913
263 478 535637
639 89 155874
493 308 917006
429 200 314916
381 541 984354
576 272 239827
569 627 936196
268 214 810582
222 452 496309
649 429 320094
417 323 524569
489 6 129554
94 237 232133
113 1 733382
481 664 56473
63 563 667855
346 0 472466
147 51 339856
140 493 587075
529 520 360922
264 62 426286
570 247 838535
241 626 569744
550 317 192421
499 328 28558
161 11 803365
33 227 159548
453 205 397887
10 567 458997
234 189 517782
181 111 533539
497 522 692301
444 592 410140
197 569 445436
344 666 510518
316 475 129963
378 40 378735
526 247 849068
294 367 282250
656 368 652141
305 575 400740
336 334 135120
397 355 453110
229 291 454234
13 425 845357
582 77 659163
43 9 267172
608 19 285893
102 246 900601
607 385 27628
133 173 826005
3 0 390234
137 163 98781
62 619 404186
425 549 141816
197 509 999962
4 645 836530
250 515 522061
7 90 913328
402 258 194023
405 563 314240
189 100 752698
60 349 994917
225 359 662271
254 289 591360
428 248 945557
480 521 952917
169 348 769716
376 333 814486
249 270 97866
661 396 991496
571 467 885761
73 537 656314
555 411 894665
256 208 777078
500 466 285470
369 25 263937
566 213 901380
162 74 189637
435 447 290431
56 381 580494
203 11 831335
661 414 891317
328 513 721988
113 587 544176
653 371 8406
296 415 659208
185 495 262659
522 519 100166
456 620 481489
343 46 95295
605 348 884507
76 381 503751
208 5 928968
504 334 330482
363 528 443311
485 514 967915
57 119 913290
503 81 601875
15 517 163929
157 302 104096
79 365 424218
240 14 344533
538 211 164100
620 515 116463
291 66 737039
398 89 957379
51 675 900931
176 178 292055
571 345 385637
512 110 340703
121 464 963183
260 362 321505
593 659 43977
465 666 594058
675 180 551843
659 185 470759
224 273 534230
530 38 147593
112 532 269431
652 418 503777
506 11 348279
486 259 922732
206 507 696721
558 533 836174
483 432 514734
351 27 966726
614 631 150843
163 457 705078
593 635 498438
264 461 414417
50 281 677765
621 430 299438
317 239 183791
79 290 924854
146 501 522629
426 124 675143
235 301 337768
668 661 519505
565 494 112887
285 331 783221
237 401 53340
630 319 708106
18 114 770558
572 546 815773
193 265 42675
535 408 561359
413 125 742845
448 369 608273
600 294 752072
429 634 134231
552 169 101349
506 403 377869
110 43 504095
361 301 540074
522 42 927808
401 8 986747
3 224 919267
553 624 273532
321 370 96236
542 385 194415
298 494 256103
578 484 709752
630 76 41290
588 412 178291
80 266 273801
281 228 158545
213 44 65714
459 551 699299
524 628 28481
608 672 998428
53 272 18877
618 571 492497
658 298 618118
457 364 844991
292 497 666716
462 255 955392
46 18 274271
370 132 549064
569 265 4621
186 330 894301
273 201 498882
6 638 807368
483 573 392367
628 640 56212
679 658 755439
155 529 551302
415 461 469867
120 127 606422
49 646 760828
19 519 875165
605 180 826715
221 408 886843
149 267 526559
323 603 331126
367 25 108293
410 82 97357
653 37 308698
458 212 843648
210 365 764309
610 147 450991
631 31 641656
80 2 615498
412 555 825584
134 515 371249
535 323 341700
58 103 503900
410 365 157764
302 335 845636
636 144 5154
522 509 559695
534 306 100942
501 548 138122
535 654 955885
0 174 842215
413 313 783012
362 458 882024
171 386 134502
117 17 840675
634 386 589939
302 75 795737
361 31 862439
538 140 506193
48 623 147033
236 246 746712
645 666 337829
40 438 385529
679 191 618096
304 147 979820
342 414 667642
621 370 373144
134 665 789004
363 310 874268
291 242 757128
206 678 723002
196 516 800414
415 147 110861
426 625 403055
106 67 417985
469 600 177783
176 367 956837
127 20 659905
291 557 769164
468 470 451157
309 58 112385
289 435 287651
195 477 100439
393 249 215715
58 645 25630
22 428 216884
586 275 829513
323 543 582814
563 458 938322
272 349 281822
160 355 191779
478 202 658362
209 147 768159
325 527 323590
354 415 464989
390 492 494787
407 47 293220
217 526 135594
662 126 619400
268 212 547698
653 68 218213
260 83 124591
647 103 982777
443 543 4085
514 297 262264
565 559 215035
260 263 993744
122 465 505374
515 15 526953
498 469 71459
265 353 180705
567 96 686668
5 64 305517
644 237 646285
418 605 690645
385 212 780587
151 631 108154
179 205 92538
371 122 535548
669 456 460403
649 124 970423
651 655 586206
189 169 11626
167 37 504347
296 170 519797
543 466 234350
548 465 775621
546 571 326921
616 523 799104
569 106 672444
528 496 729439
339 106 557366
109 60 691415
26 176 479662
555 464 383047
611 160 186881
375 591 987768
431 312 214375
591 334 145163
195 120 992028
94 33 174056
358 522 280356
478 33 715515
75 575 979504
556 264 556895
653 421 269725
464 142 468299
20 372 695398
420 96 366738
579 650 328402
252 461 142306
93 328 993897
544 677 306396
566 406 416174
518 484 705924
52 246 223291
544 116 238833
678 387 97384
148 74 559842
485 605 428828
93 261 290912
402 401 366013
57 514 656351
495 672 276002
201 284 591515
296 423 394776
240 183 843386
299 295 315509
474 668 571296
55 84 642365
417 193 151760
102 478 996315
355 438 690294
325 395 360614
273 221 853492
69 0 97766
367 210 343872
506 74 765653
162 257 448565
179 280 537963
285 462 112239
607 612 701414
592 29 82272
386 617 453321
636 9 605147
602 472 335503
445 29 566907
628 177 807506
38 453 392721
143 600 413934
647 563 911455
483 525 43330
46 663 473289
34 635 743332
430 131 273344
393 381 143795
588 316 158550
215 311 669588
94 245 509903
552 5 269803
608 453 36114
325 470 23615
61 681 512414
486 179 706296
426 453 376717
75 373 534321
107 154 997433
586 107 935130
431 311 100223
333 540 748509
440 558 802460
15 65 729890
207 19 61808
174 299 103085
11 436 807880
102 535 46234
458 226 534433
141 31 9090
620 72 214549
9 279 279882
513 337 828945
643 166 930484
88 361 809194
38 82 419673
88 298 11224
336 596 182186
681 89 325330
521 657 874308
172 279 390530
359 485 605481
210 523 266847
381 127 272461
321 223 861120
43 660 331962
676 617 381173
34 58 147364
124 252 297846
636 10 606800
164 48 429806
231 232 437984
436 331 930885
253 48 951931
47 220 848136
102 405 413874
229 463 294875
16 598 107901
283 121 185226
245 263 412853
158 397 962282
337 330 290027
133 73 506800
208 679 475581
637 541 649277
95 156 999204
468 580 397890
578 47 885885
406 353 581156
671 118 761787
340 140 233790
362 285 368723
84 94 547165
665 477 12096
596 310 421828
191 243 458134
596 404 25592
564 270 821580
185 467 433600
249 441 113263
154 189 933214
623 679 991272
309 63 510962
38 460 415342
87 593 171749
644 95 36555
567 41 508332
364 86 956804
473 183 384798
348 343 673539
197 81 179248
219 33 637719
467 453 809166
642 533 933502
123 126 848500
119 666 672906
574 460 194957
618 304 187353
93 508 294895
218 531 355108
396 89 860675
527 375 246609
375 473 508282
49 332 174377
480 76 91686
482 99 791026
514 512 569084
659 154 767880
168 30 704429
19 652 915908
145 640 213329
387 631 455690
447 109 117267
150 97 900952
80 348 764206
46 85 999218
619 409 824693
158 359 52059
130 598 614258
521 223 994064
645 143 631828
114 328 615577
632 25 521677
267 463 802207
452 313 150868
68 635 523368
514 184 789699
219 2 987014
401 153 497344
33 10 23643
253 38 593572
615 579 822250
544 386 153972
196 681 179089
676 199 864602
380 646 82284
443 653 881971
357 237 554364
484 510 772297
356 617 13794
351 509 444265
568 601 502108
579 462 313076
286 42 660234
371 68 115207
529 407 132370
617 651 131391
96 415 67236
623 252 618393
417 132 451022
583 588 198434
418 370 136994
304 332 654677
55 197 143098
105 238 858179
377 653 679130
214 296 607989
417 642 123876
155 39 761605
416 536 723123
22 83 574322
52 375 921618
173 599 675549
557 558 444651
489 255 256672
534 653 809173
517 336 586778
235 419 899652
140 536 908694
378 534 823855
391 614 78945
205 497 55928
673 571 100061
433 632 245648
617 605 146167
515 47 748692
539 470 26230
234 34 242222
140 553 612
73 259 19047
134 410 130744
329 227 233907
179 526 189295
411 229 294854
205 415 274564
186 103 831690
53 376 844034
484 248 494052
82 185 577112
247 130 301989
618 408 97818
483 596 193835
423 557 233313
384 370 540096
208 586 485708
405 174 428086
65 651 55410
115 78 388612
533 327 694062
588 582 660109
523 681 541438
147 606 959995
104 70 54094
532 10 660513
433 81 136787
435 131 383048
663 154 813574
1 421 282029
254 443 584436
546 440 235612
13 298 111501
248 0 845222
591 677 825879
406 177 870947
665 610 978267
202 176 213561
145 345 496810
110 564 473707
497 471 199974
662 321 780397
535 180 527646
405 1 871782
181 317 272676
59 450 315742
127 663 238011
446 316 538519
32 644 142136
155 109 792769
239 368 156799
257 110 414498
542 447 805315
72 500 84303
395 239 840501
376 413 898517
405 356 942404
557 549 102532
187 555 737806
115 341 501178
214 168 263419
448 458 462943
516 329 725325
401 456 428255
116 427 266889
308 264 441002
679 249 940016
511 410 96826
426 153 912753
620 200 76688
480 457 966484
45 39 849664
8 369 896421
285 85 495159
573 301 436656
671 501 452042
551 358 605771
394 645 298450
100 240 279425
20 599 993059
210 352 642265
154 568 609639
175 183 321030
604 107 833634
531 585 215382
538 626 951319
88 250 526028
216 511 657263
469 292 776940
155 120 452354
434 73 234858
553 69 53025
215 494 882399
234 2 48890
300 565 71350
647 287 747424
214 103 589084
415 520 842549
328 234 427188
215 453 884129
355 387 214883
190 43 842588
392 29 412658
507 594 706107
470 502 750087
167 580 895081
186 487 585358
539 292 972065
642 478 741646
6 64 403062
325 89 940326
321 179 612567
205 609 667574
355 572 267400
507 30 771030
584 505 600031
490 641 850099
578 625 133605
347 39 677792
154 117 567533
587 581 594799
484 146 750582
367 469 788732
535 243 487282
556 181 707538
433 661 880310
165 620 965870
483 6 832072
594 502 883292
167 262 411717
358 108 783604
478 407 113147
365 95 972102
665 7 936011
473 521 568770
339 399 398024
506 335 329185
242 444 666925
93 557 941023
282 111 395234
294 651 115703
260 72 393960
485 58 939151
564 674 103130
569 295 240910
172 92 359202
487 390 797189
347 381 304267
1 232 954002
556 5 696906
473 40 57359
408 67 209349
651 602 492995
209 17 647034
77 246 170907
544 678 78094
528 105 852997
513 649 34315
530 675 565243
60 217 243174
117 307 983822
330 584 643897
287 186 571818
169 273 857940
14 484 597354
634 489 230824
600 576 228214
498 612 219069
315 20 824956
296 236 378679
126 136 783039
167 213 982778
538 574 596455
192 207 722263
364 131 560538
321 130 734993
384 79 697182
570 134 186225
16 187 529175
565 626 416321
460 345 766986
559 113 243674
46 415 640520
159 585 182209
484 116 155997
547 520 147201
489 505 168621
399 162 853719
38 50 222855
351 551 148571
138 636 152502
113 673 731195
478 474 97468
342 674 372829
679 172 931801
668 509 703793
103 293 279609
398 547 506445
295 438 514308
538 138 394257
620 433 723733
48 286 332849
564 88 68884
281 120 445070
622 442 863557
61 386 255269
208 34 696938
230 215 683983
5 233 947211
268 461 368077
462 599 630584
649 393 156957
13 534 602732
383 625 479096
96 603 180116
237 646 460527
1 317 489388
325 58 903668
163 371 829167
117 231 775195
160 207 323155
362 114 927330
43 284 879158
555 171 93401
111 635 542490
555 389 450839
413 138 712341
254 450 273253
626 271 56751
376 39 704114
637 461 510913
107 124 98268
630 463 836934
598 312 446059
543 88 485847
330 223 593359
7 308 211933
433 469 480302
22 326 405385
503 226 772304
158 431 213934
427 330 848773
340 478 980835
428 114 461532
131 121 504979
666 203 311782
37 390 16819
547 151 781203
219 457 680633
390 182 423173
613 165 103566
49 490 204404
225 325 404453
179 481 927275
434 669 723094
419 72 717625
37 594 403910
374 296 449879
439 41 150152
451 675 381039
368 150 503336
399 678 773358
532 425 145796
424 266 795694
345 133 623512
442 488 299848
588 86 981609
386 371 990041
517 475 619260
667 396 212396
550 66 710500
285 279 193819
285 140 124454
529 540 893729
289 486 572109
365 432 351037
363 159 566962
96 230 475457
73 341 732918
356 401 571353
577 365 112455
175 173 598702
230 329 948
665 520 656389
450 161 995517
518 8 564593
171 182 288105
275 205 201643
205 634 772837
141 128 583114
43 296 537248
423 567 908308
275 191 677247
374 69 577972
519 484 96170
47 524 985103
241 677 871707
304 434 858402
681 308 912405
454 273 437145
434 380 973687
573 136 373856
268 502 586925
49 204 348885
407 172 653663
274 656 520731
308 102 62263
439 503 250304
65 481 16082
251 552 615779
75 282 206497
198 330 610116
61 136 183625
505 637 564882
47 674 508510
221 516 543024
317 138 468109
549 585 810890
631 494 670492
72 69 545976
223 648 14476
32 575 281093
607 567 774484
73 525 271543
507 309 50850
401 374 388081
552 659 320398
89 241 855318
663 347 371109
207 113 56686
431 275 438798
131 365 752170
91 150 565616
326 96 571589
42 555 372979
517 591 402970
191 673 454912
440 535 258997
623 52 652761
425 387 966281
596 24 475273
508 45 34847
199 600 503840
165 125 536210
31 610 534946
119 370 65461
34 187 133184
442 69 576413
308 51 889461
380 251 63396
489 21 721250
190 81 674085
341 479 877787
479 62 273836
236 262 238495
43 244 58898
9 308 838097
443 281 880164
545 173 502928
382 56 709345
189 101 17328
369 613 792419
580 302 623655
519 121 795963
618 533 191923
206 320 972068
344 19 846442
166 95 695141
45 520 43614
147 668 929749
499 321 622908
650 136 399000
450 375 989955
538 452 429101
1 156 656623
484 305 154640
255 34 446436
246 24 211585
142 609 585733
309 154 233530
372 374 384069
210 495 607071
371 404 112225
127 441 651029
31 93 445058
206 157 816711
513 42 612904
347 565 887060
617 93 952223
345 216 499439
253 143 934914
655 401 679740
438 573 174188
60 542 16599
677 179 212465
207 613 7888
132 343 510182
473 66 486586
241 284 581177
461 200 464718
566 679 38666
516 649 906991
53 358 449820
280 346 201775
302 570 794531
287 116 283530
467 357 127973
140 9 220558
210 237 708909
510 8 722346
494 534 595968
270 421 139915
383 571 259726
604 638 205773
530 400 363123
580 325 553280
389 635 152321
540 158 239288
16 485 889366
107 445 722927
453 199 125417
144 344 884870
222 20 497187
397 679 209232
565 622 164315
357 220 410821
330 87 86404
476 636 561327
465 614 92705
122 147 441864
555 160 561624
151 572 129410
160 553 694292
394 218 210690
590 197 840264
346 244 808884
31 283 504641
209 631 886556
360 508 16700
491 534 547784
567 576 78205
460 114 112146
660 662 95819
389 367 443015
377 639 834036
155 261 689242
223 134 404575
472 662 259654
475 175 721631
619 548 852453
300 41 100298
440 142 831093
66 676 884857
637 413 510584
632 348 154266
117 548 40338
229 446 57683
1 559 940460
655 137 651940
272 21 734909
590 658 317422
344 457 788772
414 94 558090
466 76 213583
573 502 569857
612 443 676941
229 601 575700
308 461 670788
452 417 750568
180 82 258160
7 429 911324
231 151 766796
620 276 278147
643 60 461053
148 410 985048
363 651 548226
296 383 284823
647 446 272078
545 223 180172
584 470 600169
478 120 862358
366 177 700919
481 471 157367
418 242 895275
579 326 175446
170 312 907895
346 9 471243
310 309 977752
658 239 885902
575 73 845957
320 159 904549
420 494 417623
337 341 771524
266 186 527476
281 94 534841
201 420 91789
507 508 486696
504 533 403487
95 226 747101
599 478 814367
680 497 872569
615 246 669218
123 144 703586
231 234 494752
349 102 544697
367 504 72354
598 648 67140
653 474 65894
353 22 937266
433 130 713016
411 28 228207
539 416 646629
540 440 114913
86 557 46733
413 122 972872
390 454 611404
502 342 275053
551 301 729643
620 299 237464
382 495 781864
449 224 816686
242 640 844353
591 636 173409
206 244 907086
161 451 457004
367 91 490503
342 69 861462
392 630 86099
438 170 30572
337 67 8452
124 110 355910
452 332 583955
27 549 646266
236 50 178907
438 581 57934
240 223 480768
537 163 980575
341 405 515099
646 371 910095
491 628 121012
177 51 429646
255 672 836198
161 392 300666
427 70 844176
207 105 123641
301 411 806453
621 222 684152
555 179 864720
510 300 626050
397 307 288931
102 45 894169
539 378 97825
108 495 648547
462 245 546915
147 174 567613
408 15 137660
446 527 179063
634 250 46920
204 147 516256
341 204 702785
258 30 638850
208 162 322344
302 42 795002
306 570 623816
189 511 885997
651 581 577648
536 233 463646
528 436 790497
366 512 934124
676 371 377403
67 12 62029
188 350 466881
367 633 575502
123 319 414149
198 154 372679
167 144 356871
76 143 684208
75 364 273250
527 143 573369
501 638 82881
78 487 952844
540 650 234125
681 365 655093
564 650 113880
196 503 893278
280 166 347376
144 149 525411
510 381 679661
487 498 805946
377 352 647472
423 494 167941
254 43 789773
402 89 677306
174 633 363986
328 554 130865
122 461 83201
142 340 445813
318 440 430338
542 501 312219
73 85 274632
115 416 891267
322 474 292032
256 397 297885
376 13 441782
299 10 177045
135 9 264083
405 151 500814
149 262 549531
336 364 814885
541 515 389476
240 1 422262
390 472 99082
615 664 368343
613 513 700983
302 620 989776
672 387 611870
280 110 581880
521 0 226166
466 670 642924
481 162 803542
151 403 115889
294 542 764631
635 316 287748
556 394 460034
144 412 509310
196 409 54274
418 339 973229
301 98 247170
544 27 548592
144 66 401784
295 631 640315
431 271 467267
478 150 169716
185 64 71516
257 626 744430
411 349 955707
22 559 125228
63 219 331116
154 532 668597
619 483 278321
270 476 228228
555 80 673128
498 471 264572
639 177 632092
622 361 365242
610 2 374254
376 644 726856
265 439 501386
267 512 552774
538 487 953316
401 365 614788
144 376 682764
659 507 193141
315 450 50447
551 614 877053
63 154 226598
72 25 404942
492 168 803448
86 329 596054
399 111 276932
231 396 24957
209 633 173693
148 617 296395
78 449 927466
641 296 84491
476 289 797966
517 177 31203
4 220 540383
68 524 939609
19 91 657643
335 479 772417
9 443 764684
363 277 717708
303 577 949636
468 364 128783
626 648 799765
1 484 273469
250 378 99737
617 429 852052
618 454 444614
275 644 464473
440 400 579396
582 243 488521
636 416 29589
97 374 105160
632 676 887937
13 196 561496
222 117 797646
40 655 109149
304 452 127038
278 392 781301
336 635 10751
8 474 252362
660 332 714098
120 66 776677
631 602 753069
598 244 739242
472 103 45377
370 316 365329
49 593 755503
124 260 442075
251 362 633902
282 29 260642
681 419 121799
44 446 425720
416 307 43147
500 193 255252
165 7 322783
41 32 601755
256 522 601065
651 236 112
443 354 442039
400 605 800300
164 446 210707
501 489 587186
169 67 96334
639 134 94964
252 476 827961
433 188 5322
210 285 713237
608 291 29547
476 244 184325
303 51 665681
358 552 534211
542 146 972463
655 516 101671
647 22 261757
198 362 194453
168 264 173439
392 269 508157
639 528 66334
616 581 115928
317 441 386640
351 611 538270
293 443 512299
87 677 954273
620 46 432516
71 279 3864
25 111 225558
407 188 89048
135 629 220850
301 225 402304
288 334 197810
456 548 108378
661 220 754145
563 474 966986
237 38 632378
322 117 254469
258 341 535994
464 66 973268
218 390 207788
645 6 416011
119 438 530004
279 190 744576
619 436 271129
275 438 483506
337 363 503751
41 377 296184
194 66 176273
284 482 743365
171 162 871247
673 355 56761
358 363 143352
387 56 699528
143 604 4180
212 34 513585
160 677 89579
151 470 383569
57 592 711606
13 382 928996
263 581 754661
326 364 194177
509 651 89642
599 36 228723
475 295 75152
442 639 91614
161 85 70564
374 158 956147
306 358 538588
601 234 905255
502 535 920116
526 557 468987
513 659 343170
256 170 388257
391 122 835294
533 432 369719
427 20 552483
474 637 855687
39 626 506685
30 289 237060
343 225 21178
150 405 99701
92 52 413843
512 260 271841
377 678 219287
128 416 757667
530 592 948949
247 628 419371
406 46 461325
394 544 108992
283 151 218340
434 59 27533
297 211 506954
526 529 967866
549 485 14076
310 624 321471
158 542 630123
318 115 514907
314 125 686791
330 383 66014
523 383 111214
498 149 668129
185 21 389559
403 261 648741
617 461 744560
433 17 131999
112 377 123749
495 31 734318
589 420 651660
366 234 32239
435 474 213622
523 69 229279
350 93 98699
165 439 132741
623 515 412580
164 418 448321
57 118 791305
289 403 678132
150 632 564968
405 167 236549
277 539 573636
136 79 787517
538 665 268238
202 420 48436
624 643 387395
661 423 329734
604 527 801683
19 588 151633
573 513 349279
156 139 932290
217 192 517165
287 37 478460
372 665 930857
378 482 309326
273 659 592174
114 618 96745
374 189 316156
436 43 285002
91 439 414286
489 168 312001
474 300 368944
271 412 907411
100 371 764182
223 60 464852
342 672 958007
139 410 85848
542 302 768543
239 542 663460
533 425 545705
43 587 203535
356 90 182144
370 258 639266
616 332 558100
493 346 816418
678 625 204705
228 119 290084
444 70 448860
125 293 723711
110 554 443411
616 524 679248
471 193 502645
531 446 345600
36 405 857905
301 560 773050
639 550 73766
358 487 802654
470 110 379692
75 291 223004
675 55 866674
4 259 361560
29 10 452639
334 49 265665
639 70 922301
508 581 632757
575 496 238361
375 429 207113
676 475 506773
22 659 888674
154 201 816219
626 465 947596
618 35 42709
126 139 858264
167 604 588389
211 18 754007
231 563 686951
610 213 285393
255 367 50912
214 36 85834
11 255 980978
399 113 489805
583 597 28176
169 485 345707
639 541 288803
601 26 658468
80 346 1101
664 661 794903
417 412 83329
266 446 681717
622 154 906388
60 221 672956
209 634 952767
258 57 516153
271 91 361831
244 241 632885
309 589 690842
339 76 170445
606 439 377132
460 162 441867
89 171 219612
306 195 271935
238 453 523958
253 591 37544
179 335 755039
435 640 520606
654 154 344055
298 218 119394
658 285 99974
572 557 816231
535 518 49215
188 583 202827
31 315 991824
536 217 337884
33 247 277047
675 419 683749
31 591 813065
515 287 233327
475 564 622190
100 150 553991
382 499 380646
595 558 529774
355 651 865364
508 236 480443
346 108 895723
88 251 338538
76 527 392243
251 571 571197
308 508 995898
477 186 426462
291 611 817855
492 45 631223
83 514 373818
129 16 170232
127 590 987261
286 613 86060
33 567 29670
513 502 756342
668 530 607772
89 644 238903
343 660 745788
2 34 423631
573 656 592069
315 2 526415
482 101 721042
670 202 663096
411 619 660079
1 574 958883
18 39 398546
314 382 658696
300 50 782607
192 521 779702
294 30 659620
526 390 939884
215 457 44392
216 123 199005
323 224 83438
50 424 603532
327 127 597251
570 438 191164
389 243 935784
320 341 454992
635 9 651634
507 401 130239
80 603 206245
394 671 560534
2 575 837005
17 584 25882
104 371 737769
3 189 368433
112 348 797759
57 183 935480
16 513 528238
487 140 814792
223 304 185052
663 370 299147
417 624 475261
273 478 260995
496 435 26256
117 75 316725
230 159 138681
9 344 25096
5 543 745658
474 6 762069
49 598 760199
325 543 321473
306 20 954976
51 325 403768
556 535 344937
363 189 189602
113 237 895911
665 72 521942
84 338 593209
271 346 866549
305 25 230328
377 338 104004
508 317 242405
544 77 513328
578 108 490013
315 259 332812
579 143 735408
34 229 570803
560 158 847422
540 559 176438
381 557 714452
336 599 567635
462 220 140542
72 151 153434
165 584 751183
79 179 956259
147 384 809575
388 395 737030
216 362 746323
412 45 49483
409 314 698772
413 181 553990
26 298 824167
128 443 656134
372 405 148886
484 129 29832
71 389 786943
454 383 591409
319 255 96830
535 676 215019
428 567 704070
117 593 754007
157 190 704900
454 302 667987
615 433 135256
389 265 159410
618 359 168627
566 296 297779
301 310 979583
47 493 106190
90 303 588318
469 371 189475
47 50 470582
266 660 39678
155 539 701924
618 626 959140
68 390 794698
416 603 40829
195 371 159319
53 39 17095
119 94 754593
318 282 998127
650 158 622984
177 43 723902
242 259 446047
580 119 507173
398 68 196150
674 522 780804
87 255 1052
25 521 227058
206 156 948343
488 533 530847
534 286 363827
638 106 716185
44 330 779490
533 360 303402
315 534 570013
57 639 425683
164 175 354933
126 98 366311
124 305 485172
96 226 552345
195 298 616412
226 680 826278
550 147 804457
86 110 9601
585 544 575392
65 460 102379
573 135 776916
13 144 405032
433 621 945909
266 110 891786
587 343 641591
87 282 85277
172 272 964318
382 204 610925
394 27 253870
326 353 425115
48 359 466988
563 516 3155
645 556 32027
471 129 412619
404 79 65266
8 388 501820
82 659 677281
196 121 908060
217 61 896735
240 406 89546
148 404 418960
336 0 540657
361 150 495675
499 324 501900
591 79 127650
468 266 124531
298 541 769076
301 486 729409
265 384 863399
258 168 199512
548 304 257146
621 605 52029
90 638 113295
155 399 323271
323 473 942047
160 493 551527
657 244 495961
201 130 84138
642 289 964550
174 53 798503
5 28 705678
205 603 493229
191 239 791710
536 264 113431
312 137 970203
149 217 245771
172 366 778148
55 460 237674
402 587 448343
182 667 677746
587 593 972832
272 263 327966
314 194 291873
543 672 121228
85 167 30823
571 614 208751
376 456 656408
535 116 778061
86 580 671886
588 477 756724
513 495 892123
387 11 301752
243 146 247788
628 501 176558
608 259 254437
592 594 197852
351 317 775638
550 398 636092
99 282 899567
430 297 114862
634 340 535580
671 114 871947
235 396 213794
575 610 11374
459 593 411378
587 552 567673
436 26 942907
303 500 964870
282 390 632305
358 238 622384
358 466 513773
503 408 305475
656 392 379190
378 118 898983
300 138 117855
56 87 512883
371 45 337783
65 491 544177
536 166 330112
53 600 104832
599 447 18809
468 493 609545
286 520 514627
425 270 965874
24 137 31961
392 374 623814
69 207 204086
531 31 995759
584 293 426286
350 570 770586
536 620 910454
420 92 940867
108 22 162480
144 367 169055
185 316 215568
226 16 837181
449 173 436089
570 20 190812
656 24 759106
153 339 558356
600 449 625736
245 120 156902
347 81 154257
273 155 133381
145 142 213467
260 589 128579
205 507 271466
663 122 78766
460 669 447350
297 359 606741
102 238 614679
197 343 893727
574 245 57512
506 65 199697
634 530 894380
394 570 401156
421 492 268943
418 226 824573
638 657 995265
68 494 230397
204 107 491505
114 489 241134
156 330 369137
321 135 30383
256 420 503618
436 453 259994
261 46 202922
101 655 459920
679 482 254190
268 168 206228
141 149 475171
33 255 401489
391 556 135871
669 0 195454
586 263 671898
184 272 588305
408 355 710987
511 633 13885
540 569 541167
280 182 964180
6 228 449895
406 139 713267
351 251 836621
440 280 16012
509 238 817980
658 192 185013
525 204 554243
666 38 898184
31 433 794040
13 486 689041
190 79 862090
229 351 747301
386 60 441865
146 670 108644
225 433 714896
110 581 394914
260 379 719376
600 505 196200
500 94 665141
285 151 728980
245 273 382640
18 332 881170
321 492 764600
247 489 401726
208 479 730459
327 465 286567
576 593 74842
99 94 846186
200 287 975010
131 664 444472
602 405 867476
667 584 149097
190 76 895976
470 675 942994
329 473 718458
337 15 962620
43 93 984432
298 31 988130
636 102 258993
534 319 931705
269 499 125208
247 221 827948
96 370 764725
216 606 767363
329 200 316285
122 275 309458
565 206 460088
543 21 372428
293 469 494504
122 305 493346
340 141 176485
551 238 465080
289 149 412200
440 176 568125
462 448 757331
624 525 282418
396 172 779650
635 504 983016
469 173 899546
224 466 463465
392 543 961811
437 502 38482
250 293 625388
532 355 560894
367 379 220503
338 0 295567
28 40 378251
0 287 562192
549 476 437924
457 620 608287
669 98 540
169 572 997560
487 163 849687
395 177 29448
237 364 471960
121 639 912517
4 303 473420
93 134 379090
19 26 579429
395 5 591372
379 199 797293
143 166 618856
371 210 837268
367 235 950129
307 410 320459
673 484 745426
352 370 874868
522 92 46282
301 448 433549
233 417 274838
569 179 763679
58 100 698030
655 377 715400
642 614 936902
125 324 123235
4 325 702579
25 145 90422
92 523 919171
264 615 442096
429 580 835760
600 399 891708
201 157 913000
111 326 604156
394 434 401557
34 374 819379
455 35 18926
677 333 550184
287 541 373162
142 544 789341
293 269 906595
23 68 594954
494 493 591319
409 250 472160
374 586 771203
620 320 413027
104 236 592061
592 502 66722
202 260 778549
91 23 541298
263 310 867699
298 544 882644
451 160 347035
461 234 539370
643 290 223020
254 437 737833
98 336 731677
535 583 310768
574 445 192548
562 284 215489
267 369 105950
119 259 618675
90 192 324769
566 629 782066
87 248 438712
321 42 137983
238 186 557012
411 330 960406
11 244 654129
446
163 58557848
568 43706560
56 16991459
492 48594880
57 69541995
209 32856289
107 79795280
332 39019158
673 54235621
257 38677834
265 76642700
155 31136985
192 92638664
390 97093293
12 59186635
104 90546633
385 83607378
614 96111392
42 23271152
298 87803088
521 74786638
601 72379523
334 36157372
70 11056237
358 69244213
409 31404696
33 31793255
17 78462438
674 88803159
373 91534429
566 18892870
545 74961203
211 15587718
127 98810625
176 90737609
677 27051292
618 32073141
23 23426103
524 52696125
287 44140756
25 24766060
52 63039634
637 940225
21 80491702
367 17794090
298 10927762
169 10569355
27 97982191
208 98488892
166 45675216
176 22753837
585 81481664
254 68556394
100 70808380
209 69828878
304 83485335
152 94866968
679 21747914
381 54569016
482 93058848
172 59458105
535 48072679
458 41698831
340 86992535
444 30123245
292 72999205
458 2460197
553 72264918
70 32184194
367 2693736
257 21690637
636 53920903
303 25163184
500 48109030
677 58435983
588 78634427
162 90240271
462 72100364
188 7860003
593 40683698
67 53322142
177 7033547
512 57947580
428 59475106
178 22788976
258 41320622
317 11931174
453 50021378
211 29291829
270 91782589
532 31600986
346 18292636
509 53604337
642 2625728
422 11960547
307 54650569
640 35876586
142 10578435
472 48876672
124 42808766
392 84730794
87 78211683
134 6829478
116 56657740
618 79087122
599 15730770
285 81536677
177 51353133
586 64334826
610 14755995
470 4239891
78 77593947
303 16314655
652 36350723
189 49828214
28 82418938
371 38113573
301 59968668
413 24035630
22 49989054
262 79193613
255 89163354
210 61609266
139 72125418
544 36043722
297 36025214
359 87453893
530 22368981
486 36821186
183 30911743
91 99290519
426 2534963
592 92359932
434 63623006
672 91933181
353 75102978
102 66507060
357 26864868
133 58917818
152 21853405
495 15544512
517 40536501
209 29062293
298 51583295
63 12452725
173 94544630
284 56119768
546 88588554
299 3641072
419 18460774
199 67527597
655 95878464
341 33410282
616 54594728
161 72706847
633 10499010
3 2268667
380 86034004
630 71570667
433 5718947
78 82483362
153 10470405
51 65351990
667 17723541
0 56956147
183 73959385
599 65985760
264 24679964
515 59385803
50 97941013
202 29344620
679 89356566
629 7678878
474 4738606
39 78242272
315 26362313
573 37880544
623 24980823
319 29886133
540 52615415
30 8161197
302 13251896
624 83432620
557 55395671
657 1154562
125 62694312
49 12540383
680 5008180
37 79842819
238 98680768
553 92966617
52 60867149
539 21928476
265 67140733
462 18711479
110 68404107
256 65674923
248 11799047
121 20408043
13 36721595
659 82549434
14 37343965
311 4536304
594 74070246
681 79421783
521 96513719
488 46510179
441 87987012
229 20093552
175 66374503
107 32329881
653 44381433
120 32383089
392 46372610
273 62924342
484 9680778
105 38309309
340 24580214
352 96318240
461 3894841
425 71645426
249 82619741
296 47631365
593 68882947
423 31230741
385 8625703
667 27807634
39 42728509
330 97107073
215 20452092
106 27531259
223 27679249
344 87128156
561 22182307
674 6701409
42 96462825
595 29190362
325 96160627
520 19403170
0 66922315
641 67140922
21 83588227
360 47669518
26 9467838
139 20525396
351 84999807
64 31507160
195 31906050
235 96629997
651 12959702
146 98374757
26 90266122
31 56077601
343 27086818
145 96161737
196 58050917
418 90772378
596 43517567
500 54464377
167 97039667
500 10066881
140 79507596
617 21348625
464 88462717
263 30880635
499 13966537
433 22523952
302 34805185
390 68693942
387 41401507
113 92926146
4 28307360
320 34859216
114 92201065
499 17670975
305 6316890
575 21054952
313 25205634
372 92260579
402 86026388
334 50965462
250 3398281
469 89207432
504 56585114
186 88443023
529 26717773
275 53226219
635 36925185
440 59203949
396 57390278
114 54097166
626 67193222
220 47250811
545 73793495
92 88154242
503 33767212
486 42245657
386 85705287
244 83487770
278 91873972
78 13074812
569 68651000
157 66468638
237 51478990
45 82282057
485 87455563
570 98637593
42 28544408
638 70193116
98 87931862
206 64050831
570 18624951
31 99713229
13 7623100
23 4810388
581 47541641
374 92014079
153 58993315
21 52292931
366 68571114
217 44109090
599 49533958
609 92868246
388 79879213
678 12785711
172 839936
664 76814853
160 87982242
356 16690081
360 13095994
69 43424737
461 8778932
162 4021596
642 31221373
254 99296674
531 84758769
10 98611804
314 13715745
430 11965217
3 90172325
228 14352826
416 77457006
526 61855211
165 10518165
570 18805678
338 16642774
540 58796883
463 71872048
234 95318107
416 57128151
427 87521363
549 66112412
507 67906909
466 64834792
421 11987375
635 85676401
590 27389425
636 18782790
545 91686734
562 52798855
381 891491
19 90879318
482 62291534
58 10858877
198 4266460
153 25493358
670 24526022
590 61131073
327 18773128
636 703447
318 89892259
349 68748517
427 90890196
27 19483419
7 27841138
590 76410204
517 31968893
336 59214526
514 42854630
380 40873531
56 16569105
214 74247180
69 27486570
114 68574507
280 53209079
357 49060164
7 54932574
463 6528544
170 70689776
192 99121729
21 69238536
613 9391190
91 15175255
347 91057203
433 50745264
295 91063482
7 30763979
390 60374158
116 16604920
620 94217459
270 63475373
61 71637984
14 99538433
471 79837555
19 16892656
371 15247988
346 54977648
239 65223788
472 30383596
418 13842152
531 48933800
470 52284072
681 71682868
71 54196116
341 18816495
471 8491797
604 65138821
201 33165842
327 88712742
216 94887839
302 82356206
396 70516366
644 81959047
210 24456324
600 23524311
164 97121658
564 32187547
183 80087603
223 39799156
60 18291633
424 29525686
431 32636418
174 53591681
144 11519710
127 49069148
257 15107784
118 44090498
23 83289339
23 97734407
529 20845312
172 81376593
176 93332276
403 64420541
627 81224045
639 99646980
659 83374191
