278
3115
228 74 187376
258 28 62263
151 228 333750
38 51 94869
98 103 80168
107 189 657036
187 228 154734
18 187 367464
60 207 24124
176 179 564281
238 190 523488
205 254 277282
191 9 45050
186 184 977490
127 68 292592
33 144 825624
31 137 300309
237 40 105618
128 109 491190
182 170 798488
161 158 462391
34 199 797614
4 222 262610
19 202 892081
42 245 593511
29 62 908199
228 192 554895
239 93 955393
166 244 547777
102 261 556375
74 174 48836
122 128 78371
116 102 736439
232 170 608221
264 168 345909
160 187 793938
15 206 821079
136 36 258597
70 71 840634
105 239 596187
184 121 383531
261 125 587648
37 160 633420
42 14 704937
53 115 376507
170 162 409620
86 82 978130
70 5 767147
45 150 468956
149 110 865664
178 54 889327
65 103 734365
259 15 927710
5 84 453835
166 22 443628
94 252 479925
93 225 642192
225 253 141740
96 225 889607
92 152 378896
38 202 397148
145 266 505319
126 242 525550
136 3 609011
68 96 911873
1 25 238217
54 197 3747
3 1 40563
0 193 78266
106 271 934313
156 73 25114
267 275 488784
125 238 598635
85 246 471842
45 116 468411
225 164 376392
135 188 291994
201 146 720913
271 55 993554
180 218 159340
216 232 289970
123 260 679925
107 192 885243
78 130 882522
114 69 618672
148 60 726053
50 188 58167
230 221 863684
145 104 812353
260 93 362884
34 221 367280
23 89 7416
138 70 809362
103 3 87310
255 220 590346
233 214 160693
59 20 443435
142 244 323347
115 11 66683
126 255 702210
213 204 459183
100 68 69983
47 242 586623
27 178 408081
41 142 879250
179 198 873887
244 171 54498
83 265 687859
126 212 727686
15 240 492425
243 36 481142
120 274 158395
235 216 724093
120 191 895071
10 132 551867
154 254 331925
127 131 565226
27 105 162431
57 77 863187
60 123 671925
123 58 955486
274 183 509812
106 109 403748
64 4 499788
163 51 865172
24 10 47489
140 50 634190
149 56 222667
267 51 631234
134 82 633932
116 23 250369
270 76 442504
241 87 548516
15 274 655248
98 227 622588
112 191 204385
0 116 571702
54 13 554848
128 266 263670
194 96 588877
226 203 253375
266 133 764107
167 123 443583
100 121 163924
179 35 12148
115 175 893031
113 133 674240
14 230 210925
90 51 643675
60 80 651586
77 72 673741
231 193 171197
94 218 332868
259 145 633758
55 151 193603
252 249 958605
274 3 680772
145 55 888590
109 164 513406
58 170 737104
12 270 672339
174 257 759382
69 55 901151
16 222 467157
193 150 707030
5 75 383548
60 233 730575
170 49 739308
182 69 835879
85 143 617594
50 198 469461
42 68 28969
88 111 815458
88 157 736155
159 244 781531
257 14 787955
132 177 997512
248 12 322393
125 87 496554
276 111 357756
251 267 229536
80 140 931558
80 99 75411
148 269 198169
101 75 289830
251 142 942821
174 146 249276
6 168 671454
276 136 584793
69 96 112503
269 186 319983
7 98 761087
100 83 90769
96 70 481394
192 147 410071
234 86 671984
67 26 82402
257 47 935642
259 155 608312
23 77 810671
60 145 757618
207 153 280618
76 114 899613
183 145 587824
131 25 353427
267 6 338728
267 233 62501
212 208 366142
174 104 443675
135 219 579124
128 123 941535
29 182 463722
185 137 901377
91 89 157278
39 225 138023
137 258 553489
174 155 991949
123 116 92706
214 71 339807
158 83 31217
73 230 141061
177 249 162681
182 186 181254
220 30 165521
252 191 8434
96 241 139514
113 89 349307
194 269 39214
31 237 982414
263 12 992382
52 49 57867
226 236 64307
264 162 485686
95 69 466779
10 117 794074
37 263 124923
51 49 411823
225 114 500791
60 150 978616
140 152 131797
122 22 997514
19 256 498579
37 143 488516
143 277 241303
70 83 924956
243 266 24308
272 219 188883
105 188 104013
210 150 596233
94 64 101557
101 237 683064
210 48 702282
103 122 312403
93 45 94784
49 249 683339
90 191 315798
185 218 517740
117 73 171679
276 67 497515
154 118 61121
10 264 310058
270 34 233369
162 90 937340
112 125 678987
82 182 809562
2 274 229565
30 153 179888
208 118 905969
58 105 446177
51 5 264017
130 154 63245
59 137 299382
165 242 712585
72 185 337244
2 265 187788
84 122 770320
56 183 421086
15 66 909960
236 267 947359
230 203 971636
134 156 784339
247 234 180087
272 238 754163
272 261 148074
88 263 685007
66 222 831694
107 134 91688
113 120 491665
109 1 489188
25 62 91129
50 68 254608
6 229 45718
166 32 289775
175 79 408489
186 172 627005
83 65 408568
55 275 757699
174 144 614707
223 181 347285
194 9 980999
34 94 226154
115 22 587607
12 179 315422
239 79 924566
81 127 627150
187 267 411131
104 224 41073
241 239 687792
254 176 940391
150 217 533001
221 213 318158
69 207 170801
248 213 990106
237 22 34392
120 61 606663
6 264 150979
47 274 18159
216 218 706544
99 26 201557
171 19 143603
19 30 780051
264 164 673228
43 180 314076
13 248 743371
50 30 622839
140 82 949267
222 176 817080
163 222 135884
257 16 825709
222 168 625840
115 266 605902
97 152 661111
157 135 498297
148 8 848114
120 68 227723
223 27 193433
137 6 892648
47 9 94139
171 97 478528
243 167 587031
82 268 615232
251 167 448501
187 69 582606
261 59 42109
51 137 654423
105 157 194368
25 100 957288
236 106 989591
139 243 268362
23 80 881663
194 25 60258
212 87 477309
190 219 506005
136 186 173721
65 232 765841
192 149 77466
252 61 641990
37 157 276961
142 203 28170
42 79 415927
202 86 281
88 19 881763
192 168 962474
216 193 428446
160 235 479782
111 139 958237
114 85 398176
276 251 150138
183 72 521813
209 166 880736
199 57 86769
153 102 892840
55 66 85449
185 253 204448
140 55 505901
187 55 238063
140 137 213476
218 228 781237
238 65 565182
160 57 347969
26 13 379729
156 138 429633
231 137 612600
164 151 507090
258 87 521302
176 39 91960
31 148 819447
143 272 568729
169 105 965798
89 146 806009
95 156 117948
183 203 823670
36 53 260234
181 110 824138
70 84 45786
76 135 770728
95 176 684408
102 225 816456
109 266 683012
222 75 154154
30 204 425161
224 24 370442
268 167 851381
69 225 723264
112 233 75942
244 204 560986
253 60 880056
106 132 362050
2 46 331858
274 27 521302
237 258 630611
66 137 951449
93 270 955078
83 106 662986
200 24 591180
136 260 142062
139 248 269535
158 163 108753
199 65 818362
17 8 418237
177 226 929582
184 180 826457
48 232 454731
218 10 38354
89 194 515300
30 21 612670
110 79 986317
231 69 886903
32 33 625153
268 6 848746
200 109 494598
132 169 180884
211 55 546399
82 54 530759
132 262 83809
269 147 267869
128 274 859755
194 76 778074
244 188 205490
212 141 748719
161 129 727570
199 114 751401
246 74 301146
1 259 203021
4 208 508293
62 111 266138
135 233 510058
58 245 701515
85 233 801839
98 254 201931
116 258 240142
137 264 392343
108 81 262904
33 252 486679
276 125 627136
17 172 169566
99 95 417732
121 47 465560
83 82 472224
77 191 794547
261 183 658147
44 186 362463
45 51 381905
93 17 964945
11 48 213574
65 258 107310
202 139 314264
93 159 258096
27 161 371626
85 192 739307
132 60 806945
260 145 902711
82 167 828739
59 58 196101
17 142 95545
12 94 57750
157 262 674823
198 111 865749
165 111 726166
56 154 202037
155 234 86205
236 122 788555
253 155 207653
16 231 294351
155 110 606989
128 170 473172
205 16 186525
2 7 83556
55 258 615065
270 94 684354
208 168 905969
72 97 541326
11 65 254776
22 266 297541
268 225 789721
272 135 504436
124 106 960507
255 98 425475
212 277 52629
276 268 509465
26 73 985739
140 28 368567
141 151 203152
201 184 849275
228 15 98965
162 254 286448
75 200 680746
128 264 193765
30 77 777332
85 28 594139
183 223 338604
117 202 858323
86 258 713761
7 229 784811
109 129 215683
269 262 651248
233 116 621985
224 42 789605
97 225 123527
56 193 673644
145 207 324481
116 201 415938
216 66 442315
157 1 883320
121 273 536475
131 222 891622
15 161 213468
94 133 112932
258 27 193970
167 103 670871
145 91 437617
98 70 416420
220 91 504397
243 172 628282
19 5 201681
179 132 853400
261 4 270434
173 188 433396
84 59 574784
38 15 912529
151 127 832523
152 234 450849
9 136 786019
125 53 758949
10 223 262379
0 2 99194
202 80 880767
15 159 568563
232 189 374035
88 60 48641
50 221 696993
177 178 462830
49 171 8494
73 226 403843
62 65 274623
4 197 34510
204 50 635387
207 254 820592
269 127 421758
254 171 13678
97 170 734720
94 204 708284
123 115 19436
176 90 583782
52 55 95590
277 175 62315
80 8 64255
143 129 454394
25 158 943497
139 86 38054
143 245 947595
88 276 763932
82 36 470521
124 101 291713
127 121 655285
93 213 419437
248 142 61027
163 127 155747
118 202 280515
186 52 620083
207 74 645520
195 188 637596
37 150 635580
220 14 636282
139 177 412657
222 252 953218
211 219 282816
231 161 809130
115 40 359849
38 198 290744
203 69 185544
210 218 892604
76 235 985018
172 2 862489
57 51 18228
272 195 821246
237 260 858757
238 63 517937
84 199 438359
197 49 573681
229 246 693541
111 114 2359
84 275 411802
62 187 729365
203 156 215927
193 6 287538
207 52 294821
235 87 366729
195 242 753619
11 187 926638
41 186 126358
118 77 764202
258 227 972516
164 224 437965
132 55 578058
107 254 772242
211 40 706643
80 258 588770
262 55 895384
172 267 755020
38 27 577153
224 149 752972
223 243 889343
118 238 475221
73 223 638379
4 45 645206
106 30 200087
250 39 608853
152 256 486046
47 61 300049
150 145 463119
135 20 162089
20 115 648825
207 126 460287
137 210 210127
200 187 495148
142 87 428952
37 74 927743
256 145 347654
165 90 343321
150 120 379397
180 107 691270
169 152 751891
237 184 246823
232 91 339591
110 222 677113
131 220 662870
181 97 522157
20 170 166865
120 148 261105
39 204 274008
57 137 914851
262 213 260154
92 118 752894
143 141 834040
77 253 169572
171 106 605069
168 103 851263
148 95 820834
269 81 184162
272 86 955702
56 270 945409
201 74 203985
117 192 582571
209 269 506045
140 208 717611
20 246 31358
266 273 355538
124 83 566778
159 255 942377
239 67 939080
210 17 944677
142 263 846166
265 52 203668
114 184 677710
135 112 167422
206 152 795035
95 129 33717
246 147 356404
145 101 915258
252 195 745963
60 168 429634
205 184 377177
57 145 490657
168 226 895211
121 238 701404
14 124 273083
117 217 73579
245 239 407867
12 89 672839
0 28 111323
207 151 878733
235 62 842343
146 183 325282
52 258 924264
156 142 131246
164 209 720875
18 99 370404
122 85 360313
118 229 691544
23 174 920337
144 15 104147
262 209 782695
52 251 693690
268 223 248602
40 164 281836
144 54 170672
117 145 70026
10 77 645989
243 225 917858
201 206 581276
133 218 465023
184 195 68026
40 8 991929
176 106 869887
208 72 106769
276 155 657773
115 44 634181
199 168 180007
171 48 410210
187 166 309172
197 236 147296
253 1 500252
269 217 407592
114 133 842996
162 121 809021
272 69 350725
184 133 547737
46 95 615525
165 133 929449
13 263 570101
201 143 77595
20 93 340387
47 154 610364
198 9 497046
200 4 881078
184 225 28882
71 256 622109
84 222 273443
149 226 745145
118 257 607596
231 9 186431
28 56 193619
23 16 124151
196 81 721785
151 50 606618
90 258 945901
156 3 753387
27 12 428923
70 57 107796
216 184 83014
53 250 960497
241 157 207801
21 144 254802
240 140 788223
266 259 817063
113 112 69051
82 219 825951
115 160 559902
158 216 183866
17 272 103191
226 155 254085
88 37 258897
171 217 258641
177 154 323902
155 45 166048
130 0 324368
19 262 327237
193 215 422601
34 168 486322
224 53 526316
188 189 395773
191 150 500528
147 55 924268
21 185 458233
95 102 554960
19 38 942547
198 15 495124
142 218 68394
89 240 767733
42 248 396628
54 95 684304
0 152 141676
243 157 854466
232 131 342483
168 212 569827
228 164 864051
1 67 423935
108 259 221317
263 184 344973
260 275 113350
260 61 164384
252 179 707059
0 36 863333
67 16 689756
40 148 795541
122 18 500848
116 80 938160
157 163 279193
53 268 796296
95 103 490419
86 121 157989
93 180 280924
92 275 18460
37 49 566117
46 47 659201
203 141 255061
160 168 916996
117 241 808262
245 59 40172
166 164 888648
86 7 358812
66 114 650041
71 160 477737
95 52 76247
22 55 425710
171 92 684893
16 148 893371
29 2 195541
176 180 3274
57 261 714621
247 105 160854
227 161 33868
231 44 757273
135 82 449367
70 211 905023
214 8 368050
34 262 468498
160 106 849556
232 137 396682
261 23 145440
31 206 997942
193 277 103378
82 51 579288
39 76 400316
95 187 988811
45 124 144526
109 32 492791
136 67 679214
277 180 678890
208 15 943896
186 43 754193
150 28 335612
136 64 748396
56 100 239300
225 128 687518
71 207 527164
214 189 24073
106 118 293540
5 266 182808
11 63 198246
201 190 411560
61 185 907849
10 191 20789
123 140 555527
2 26 256817
156 120 259063
152 219 520531
19 69 167305
8 64 716734
5 246 905835
230 26 477303
251 134 941060
140 210 648449
42 170 137789
170 161 303465
160 143 699592
269 152 92939
93 244 381285
247 148 41161
106 206 81463
260 143 382163
37 81 180160
117 266 9202
132 95 812952
68 9 568157
259 8 272232
277 44 169449
246 156 69484
14 272 851207
124 31 96147
15 190 96239
242 238 259475
52 183 89840
208 122 989259
234 244 38304
3 202 820170
197 0 780935
87 0 881945
132 243 725357
233 235 446723
255 263 136644
164 81 888417
275 191 915992
166 1 635401
200 192 122900
199 215 71886
8 109 558852
168 273 40453
106 47 320066
206 136 180381
52 164 27689
79 52 947983
241 78 511829
238 225 384810
2 106 280828
56 109 49312
70 261 355056
124 150 512863
99 69 911744
159 132 704809
134 86 195485
223 197 407466
7 218 341834
269 95 421027
172 136 521579
139 138 668485
61 210 433216
174 67 717371
139 161 691590
57 213 191871
147 105 459192
45 11 821239
125 52 604758
158 219 699955
33 235 988764
274 116 188195
185 248 793869
19 181 907164
148 114 776982
120 213 712418
261 115 647828
263 45 633814
130 240 461771
154 169 586441
146 126 574863
83 249 958129
168 143 122272
138 135 681290
179 211 297405
172 198 85347
16 12 585972
192 164 157142
169 20 440057
232 88 771089
24 257 390898
268 68 53593
70 77 826418
211 264 412834
28 260 817239
89 143 345752
132 38 743096
173 253 974670
182 58 443376
216 243 260720
100 193 387916
102 58 552804
36 227 572014
223 8 694646
28 55 994889
19 29 186578
245 253 931530
72 200 953019
211 19 300955
173 2 142730
144 248 31267
17 9 580770
19 247 431407
190 249 87834
103 93 51875
95 24 719142
266 241 340903
111 0 204203
98 114 414491
6 242 304006
105 22 128012
90 275 714509
198 78 513243
248 64 150146
237 11 941047
252 230 788997
180 264 799818
54 17 535535
10 4 259813
0 125 550580
115 74 880672
260 36 805728
149 172 581575
271 39 214454
80 270 81159
47 197 700695
234 268 567934
48 117 933871
68 86 753823
36 93 128091
21 180 849879
175 31 975612
207 268 706933
126 80 497984
174 259 950323
135 43 707910
247 63 215166
158 265 292315
9 104 587147
62 209 674576
78 271 923007
256 188 196698
10 232 653712
43 217 19329
204 54 250963
114 55 241008
250 233 864048
6 5 347674
131 11 146815
261 165 438842
19 95 565543
250 60 136609
70 136 150849
106 21 278734
116 100 794334
141 123 539618
237 15 919630
9 45 845721
163 125 622196
76 186 990884
28 64 720111
224 136 676958
183 12 417157
227 245 258717
239 202 483780
182 108 543526
22 184 654370
245 188 365528
212 137 737135
20 196 949865
209 0 783535
18 56 233813
242 50 754386
232 135 769065
48 12 17402
116 184 158924
99 83 581408
80 155 297892
122 183 923951
267 2 94285
254 272 962738
163 258 588909
188 175 772557
110 243 152263
132 197 747021
250 185 17184
228 177 158514
213 17 323574
43 174 513253
181 61 387980
256 62 724425
265 127 935817
29 217 542697
11 269 754676
9 30 530284
251 207 221665
257 192 859269
217 246 324445
10 54 96730
211 165 456178
174 68 433785
4 254 55684
208 164 2182
123 242 143028
246 137 437150
39 104 654778
245 32 753787
99 232 849048
137 29 926251
161 109 149312
242 58 934150
203 173 983557
40 189 233963
155 127 251770
1 187 670916
162 237 671144
141 229 282458
98 80 342683
155 112 367040
213 49 374339
121 14 517569
47 167 526818
67 219 608880
267 139 808520
128 42 547232
206 76 491208
169 162 609549
206 193 945156
254 25 628284
22 68 42086
47 26 44211
204 145 666305
126 94 151904
42 32 68542
177 166 111839
253 230 399689
57 97 110042
271 236 395767
66 36 448031
61 102 133145
269 30 262903
187 136 846600
32 52 665307
85 168 224243
97 133 364015
261 92 797397
40 132 19211
116 232 492180
44 243 342476
220 82 19132
207 263 147360
226 263 828667
247 255 796537
137 257 540132
47 73 271928
37 134 11443
206 222 925234
123 119 394376
184 131 801829
214 87 848582
34 135 897979
260 14 793293
223 194 982063
262 150 4076
218 263 54274
162 141 772021
156 123 472048
243 100 756897
193 50 824438
52 16 313800
86 218 941312
73 188 430575
168 155 965202
4 125 840705
190 186 610241
157 142 905450
59 119 441858
92 114 665463
154 251 895855
225 252 123085
117 186 802496
84 266 737845
71 246 170714
11 12 945187
130 271 201445
30 20 128337
16 267 328959
96 160 165288
147 190 606249
152 129 147733
97 184 188728
261 42 975099
40 38 940822
81 15 410745
271 223 96261
253 216 409384
116 73 971941
188 116 51464
184 56 132193
256 129 173218
123 53 251269
15 179 663237
210 90 456789
233 251 200359
168 259 708416
17 200 476508
183 14 180039
113 170 761951
11 134 274085
109 130 50459
241 277 566899
98 95 316989
96 274 880160
20 7 448759
15 191 726979
177 209 365766
237 33 608725
140 277 491712
193 204 132104
63 127 545929
247 65 719517
160 212 214456
16 107 272137
163 46 902156
72 144 2693
29 70 2092
138 130 388292
247 32 169841
241 257 455611
266 233 517372
94 60 132210
209 126 631037
110 274 931193
132 267 969386
59 97 308244
272 126 188284
256 143 148751
38 67 705598
97 82 560240
75 183 744840
244 250 819890
98 200 513742
268 218 407563
71 41 333559
48 101 512152
5 244 304784
164 72 947916
228 51 149649
161 128 754176
217 19 473433
90 64 916983
176 85 549341
14 218 334405
259 228 432230
13 34 47567
241 48 790008
217 46 992007
226 249 405743
38 123 932362
117 273 443589
120 229 848895
259 122 779273
47 32 870348
104 70 160037
191 100 512001
267 50 455494
263 223 485964
80 125 889721
164 159 879918
104 122 342647
273 158 592284
51 91 769895
162 231 281314
10 78 208045
16 250 12771
176 22 345963
234 92 687404
234 124 237103
25 126 357144
151 190 15808
269 79 360716
86 268 100947
107 66 572866
138 114 595301
46 143 160685
211 261 857803
84 140 847192
225 155 531540
82 214 970395
15 137 524956
34 176 530942
260 250 913232
171 260 389887
32 116 754448
118 127 387266
262 28 708489
176 198 170938
264 263 953385
273 254 866407
204 184 186069
240 74 649282
129 42 238807
110 247 277352
173 12 83192
44 13 479469
218 117 690456
261 71 841011
159 24 978283
61 18 984413
189 3 732167
247 2 476563
246 195 801375
75 210 510631
145 131 928572
121 149 735128
152 30 91967
18 123 903736
276 250 158210
170 116 390741
240 251 371700
174 246 824197
97 62 614567
50 195 322272
80 141 993287
15 74 123908
27 179 258523
260 88 710678
171 32 80228
141 174 572398
26 82 95956
70 268 335436
152 210 342876
170 205 3207
185 77 778743
136 66 825168
70 133 548180
70 200 743858
120 257 207726
99 107 712163
144 43 177194
191 118 962513
103 175 719607
67 224 732106
240 106 912790
197 185 460029
51 8 563609
215 138 755647
55 131 872811
171 114 462416
81 88 735048
255 120 17891
120 165 710455
197 42 813893
187 35 747147
73 41 456295
191 270 614472
92 19 466375
223 201 887169
235 250 901513
233 195 150068
37 129 827576
122 51 389001
222 261 460634
225 213 72610
118 6 962435
65 219 629734
143 190 954853
5 32 138223
1 29 936252
120 225 484082
213 150 991446
248 232 323033
238 200 680868
34 79 815998
26 103 744123
249 197 389755
49 186 399759
51 92 473665
177 7 109234
265 7 552596
147 203 636617
220 66 613979
170 140 723917
63 268 34822
139 25 332093
158 133 377393
207 228 679029
165 91 265866
259 134 317150
81 179 956975
107 181 85276
106 247 305230
43 77 841508
175 127 904731
49 142 77885
122 125 71497
52 156 169817
90 37 109046
213 44 517383
231 75 244744
69 37 429937
86 196 695976
274 70 769841
179 172 711446
132 97 998451
67 47 856992
121 134 732793
268 178 228084
258 224 952453
203 12 377967
245 8 91852
118 98 426974
80 225 85155
216 16 250921
259 264 479947
206 63 257128
162 92 216422
226 7 84580
68 89 511585
27 81 350788
235 75 496491
52 157 222542
82 160 625139
275 132 236464
215 118 768968
157 180 114303
224 108 648340
152 200 653900
78 56 842691
185 205 911968
194 104 924747
93 40 260380
108 251 895673
227 24 722551
207 38 251698
146 224 944859
25 201 480312
238 22 644174
218 205 86860
174 17 316040
116 106 954173
11 29 187417
108 147 759589
191 155 626852
171 117 458302
241 4 594392
96 4 881330
183 128 74744
90 171 822854
129 230 121018
244 149 745303
85 83 285318
210 229 357679
250 24 21714
83 72 838627
256 91 726353
162 224 868005
20 60 7694
134 127 122664
95 161 716859
179 56 678561
100 51 166566
14 68 346740
246 98 685513
65 24 744277
111 59 766001
276 4 287513
147 268 985046
207 147 899181
130 224 753485
39 66 378325
111 176 737492
212 139 895789
231 77 746897
255 5 866173
40 122 293589
230 95 596335
123 56 870960
211 60 194335
124 18 995052
19 246 946506
262 223 244433
18 69 855260
41 130 875929
213 68 354013
171 221 377213
156 14 598432
196 262 18877
209 58 563072
33 2 239512
205 53 798345
277 127 799453
32 96 309192
69 164 884064
30 45 50192
170 133 26092
73 237 373871
49 234 31794
210 189 855914
33 95 380667
37 4 54540
2 141 892728
149 239 769995
266 182 320956
120 44 205647
110 134 203030
191 5 789438
251 45 7611
226 219 422093
263 230 737523
28 181 127339
231 82 378463
45 66 397376
118 126 803771
165 73 960808
151 256 466138
78 228 296350
268 108 166361
149 208 770069
254 236 291003
217 104 835219
274 262 933523
126 57 982326
217 132 695679
66 132 596326
262 273 291258
195 191 648695
217 119 210718
22 138 222441
116 131 586968
275 196 835041
167 201 188460
213 5 733466
37 6 358335
58 38 78311
148 13 586301
3 240 928875
152 135 355778
129 34 482035
173 66 100463
187 249 677555
204 98 606845
22 198 491605
201 123 182643
128 30 309801
135 6 257592
202 258 777112
264 158 229695
115 169 832903
188 138 311967
200 246 52659
209 92 188229
268 10 452573
237 205 255498
204 230 84868
134 176 903156
41 107 434006
100 27 668190
129 222 52480
48 4 512949
17 1 406478
138 33 947678
138 253 651895
238 156 33427
222 220 733364
27 6 819904
222 123 535990
159 123 611876
122 179 622073
111 158 193550
174 6 973604
65 51 988364
274 266 128311
269 80 594794
51 101 735223
149 211 291070
257 254 476838
2 124 723914
105 85 111655
196 97 479789
235 177 645985
165 275 376337
45 85 956675
255 144 945884
254 212 120555
38 212 607082
234 158 635911
114 239 846656
144 182 992052
107 242 552950
209 185 517226
144 8 57638
272 114 274569
223 226 291202
163 28 960360
204 137 829099
102 196 434146
15 268 129989
97 31 986907
9 144 817971
64 118 608331
29 102 262439
129 226 193183
96 187 127789
188 26 875173
261 30 50230
33 219 875395
219 121 528064
172 271 825702
86 266 924259
161 58 466174
193 38 535890
115 272 767876
187 222 553286
95 36 251950
16 202 534641
30 112 323014
175 75 31975
59 124 287623
214 25 790843
38 179 682991
78 122 854952
70 191 498182
173 174 392948
94 128 542270
51 107 356801
144 112 531895
153 97 742653
168 63 469997
61 194 715874
107 131 961347
61 109 919083
93 54 371580
61 48 368003
149 256 487320
137 229 76855
158 215 172037
80 164 531
60 141 425146
198 2 303390
269 18 401863
191 50 81045
96 34 622401
271 272 792978
193 145 19598
158 201 757700
232 163 484823
77 184 171846
184 120 638419
22 44 649781
176 155 69374
268 181 338726
120 111 757203
74 249 302462
23 277 682356
274 66 419600
37 241 383723
200 77 380045
157 185 694269
255 103 824568
230 212 764891
104 34 2071
189 55 739516
42 198 396818
206 94 50211
225 154 410584
277 191 278549
96 90 690195
132 13 124102
243 256 481240
0 174 121942
79 33 427725
49 57 343456
209 56 774455
187 197 40338
267 226 719423
198 140 43646
222 102 674583
179 264 703809
211 204 892010
108 136 378702
137 248 448788
232 85 929693
68 161 292146
251 274 292282
102 246 575573
247 211 455353
100 179 502977
217 177 68924
147 165 459071
31 155 609543
85 89 434347
169 188 667016
63 39 81812
59 53 781530
253 267 102556
27 141 740135
38 8 805316
118 30 896112
47 166 864298
50 153 784765
73 217 256515
155 187 55324
73 56 882820
34 144 515077
273 120 42799
265 150 58766
215 107 573179
101 109 285576
103 86 906006
118 211 661392
59 267 706469
249 84 367429
112 9 557956
199 255 527195
44 103 315537
149 187 875373
138 237 952601
135 240 799444
244 269 977398
212 90 591316
74 266 946784
37 58 914413
111 261 186201
211 257 260584
185 64 748147
167 2 845222
220 249 816858
201 20 230433
263 32 558788
65 69 846459
197 29 47062
159 63 907791
72 22 500438
14 9 158972
154 179 394932
79 121 794126
268 136 661624
57 200 531441
116 129 971268
101 82 266035
78 229 221075
189 168 891369
256 110 711910
238 222 818613
110 163 241989
114 35 160527
222 80 259064
277 124 131930
12 46 872825
152 203 781465
210 203 531768
237 220 691660
99 231 285926
60 167 983631
8 155 62164
17 187 369905
222 153 704141
119 231 804799
165 6 838245
9 99 767706
40 175 562134
207 148 145682
222 139 670524
252 84 25886
41 145 278854
187 41 686580
152 137 784126
252 197 95999
78 127 932150
63 35 564942
268 158 148794
204 36 244950
45 179 203914
172 122 558283
145 275 487952
194 178 838596
38 64 892229
228 40 280262
250 243 582405
117 4 946081
33 177 342226
124 131 26603
169 69 587617
82 234 25021
274 72 785152
150 133 922695
124 129 742328
88 148 302335
57 53 94327
27 0 715033
123 86 671597
257 52 477746
18 181 794616
35 160 936885
73 5 48377
193 232 2635
116 12 765969
195 267 93261
235 65 887990
151 158 456767
60 84 536087
83 129 840892
195 229 875294
84 133 32944
255 115 77969
124 52 185855
248 216 856749
239 49 842205
33 86 414504
110 97 701980
39 149 915818
148 132 636352
236 145 847204
243 232 73548
1 200 813048
24 19 871358
180 26 475848
25 121 103457
82 79 181987
90 80 88905
86 186 63131
135 275 867835
124 239 338585
169 50 555547
239 221 117741
223 13 549740
272 171 304942
253 27 457923
191 94 967536
173 34 310499
25 144 331808
36 2 518283
238 48 596952
263 111 630788
28 259 178465
243 81 193564
220 221 853645
51 234 522346
257 228 965227
16 60 552918
57 246 606628
163 211 798707
176 217 211732
56 246 528376
236 25 184599
239 180 54328
16 237 149104
274 126 539051
266 12 795195
186 108 772262
134 87 594324
70 38 835869
141 6 975775
246 63 60122
50 223 565036
47 263 110581
134 32 312186
211 195 433216
160 234 853878
72 21 822963
38 118 510424
89 45 88155
149 269 69779
250 242 780956
88 192 39327
75 268 728869
246 52 908171
80 251 904880
187 128 616646
205 0 137259
271 76 321663
250 122 660371
200 145 380264
186 170 28661
121 196 765056
149 230 666597
37 261 989493
25 78 288770
172 66 935071
178 167 502526
201 266 14591
269 248 309254
161 261 597094
58 214 805512
68 116 439356
199 48 672827
240 33 296403
151 57 861946
120 172 261253
125 222 783305
93 35 710325
242 128 488060
6 259 166250
254 21 361405
19 199 653474
8 228 809141
196 43 444458
234 207 5665
120 245 924191
176 15 150572
247 210 249262
5 193 754849
177 90 304269
247 103 542862
186 267 232462
169 171 594464
252 165 566375
265 159 776999
250 32 988833
91 118 391360
173 56 287179
45 126 754227
233 196 871837
244 123 960027
161 33 288665
107 128 856264
179 63 797310
147 123 286309
120 39 680779
150 109 628551
105 218 301770
242 176 981572
243 215 656329
263 277 58557
73 86 690451
68 144 427450
65 214 382344
208 182 282980
1 43 537811
193 12 654153
106 266 122207
174 21 114774
117 130 992953
161 252 199740
69 12 956418
1 15 425884
78 27 224125
197 191 873415
249 106 272070
32 236 701840
102 17 141258
115 209 215306
267 58 685883
148 190 141785
20 127 86746
100 205 46106
35 209 229413
268 229 985480
223 161 136610
198 52 2093
18 54 160077
63 21 486243
152 69 757844
81 178 720488
174 82 833386
195 2 80370
90 169 145675
14 254 997787
32 217 738839
16 123 181365
170 34 734805
155 157 689689
222 85 121213
103 235 537080
207 250 972128
202 104 377409
202 195 774262
124 41 639915
207 215 990248
252 79 210480
10 67 757072
22 203 822982
10 57 355443
255 131 907848
207 262 965221
47 153 997672
128 158 533418
255 198 711168
12 55 127039
164 66 678932
74 257 650853
220 11 929980
152 19 653975
118 57 463713
182 18 351880
132 72 977945
137 104 402729
184 175 903159
226 180 204883
13 68 504589
219 247 375678
235 64 556790
162 245 234228
154 8 62737
152 111 903570
120 116 687887
42 202 290651
9 232 723568
169 221 74933
225 19 133351
117 122 922056
228 152 772180
121 165 623005
56 260 663972
100 181 52146
86 104 54548
42 59 401798
276 5 496732
109 245 367867
21 140 779163
218 132 875689
12 23 582584
119 13 665786
192 90 560653
212 92 300796
144 12 680264
57 133 12576
3 262 610050
43 73 50001
87 246 834945
215 147 711979
110 166 725951
223 116 936886
74 87 407763
50 27 918369
137 144 33238
98 23 775291
185 259 440952
194 240 423555
89 215 495197
234 2 431812
160 141 226535
143 175 120889
233 245 135905
189 264 437652
205 68 223451
7 106 310275
104 29 123275
203 191 240819
239 138 416885
24 111 771895
178 202 449664
258 79 110236
49 147 499728
99 244 391729
170 43 275923
22 251 178798
213 30 246069
197 61 490289
43 70 708132
78 120 625156
99 136 543314
196 122 968983
93 196 665921
205 24 507040
91 137 502485
270 66 833724
114 2 892622
143 15 731857
194 233 563399
220 197 670344
178 49 982007
22 66 322443
244 107 848392
88 26 636006
31 28 498209
7 154 408388
114 211 999465
48 62 225957
252 31 557615
67 35 136030
75 90 103206
250 127 396759
152 68 21194
172 90 708063
88 113 639157
199 224 151415
221 244 850315
47 89 435035
233 52 899596
176 42 812000
262 144 843982
112 15 257098
6 236 779581
56 188 427008
176 14 793137
219 108 898389
111 167 200382
142 190 703152
42 230 578843
252 69 807166
242 22 328348
255 91 635952
16 15 74446
276 19 175149
168 90 535227
155 3 105179
124 171 909035
135 52 491986
258 205 601904
22 118 411632
146 208 159351
4 111 137047
239 41 769383
85 180 570384
0 126 384266
18 59 584682
101 42 887228
210 267 42471
61 263 570587
117 114 731029
35 257 406155
201 176 659438
186 272 38887
68 58 865980
238 99 986392
152 57 470358
145 228 271155
100 104 598384
76 75 739811
98 186 131668
113 136 973419
124 231 899261
113 28 266216
227 173 924022
215 136 85824
134 14 363813
235 124 197861
134 135 639467
241 55 572675
243 277 382708
242 127 427215
70 173 554678
176 45 943287
166 16 967431
198 145 664786
25 92 572991
44 204 208745
125 145 66545
206 143 853051
225 189 403868
69 172 274669
9 35 534194
132 200 846398
217 125 136656
56 174 95378
48 18 369815
11 255 705857
89 9 831894
76 212 661116
254 195 890137
243 251 110467
153 106 279770
209 249 88749
3 222 736100
209 251 275636
86 237 640995
132 104 858342
59 232 19986
150 254 957187
221 102 777099
146 244 955079
24 20 900459
112 124 840384
124 56 937573
205 102 244102
271 209 138932
175 154 429195
220 10 901354
113 197 974231
188 177 964329
126 265 345587
62 197 978750
100 89 861899
206 115 363950
120 239 476845
240 253 534081
146 95 518121
35 135 695071
205 5 912918
52 242 617104
73 23 686671
175 112 819302
114 142 251166
149 228 683319
18 96 755873
141 78 159835
174 75 138198
116 48 288255
35 208 10867
87 180 563647
64 41 6020
16 3 907647
177 259 694774
235 258 997895
84 51 206099
190 241 201558
46 248 922155
75 67 986860
173 206 430646
49 172 489443
235 97 544706
277 187 444020
0 133 102807
43 134 29218
168 102 52917
53 206 394386
263 71 332358
55 2 677265
203 195 195272
109 27 931720
256 73 698404
118 90 552816
148 85 587040
84 86 73184
55 104 384222
74 159 613573
247 132 384070
7 135 553870
266 118 643249
103 268 693247
91 71 543265
123 25 342135
93 85 976525
43 199 689255
1 78 689790
176 246 276869
170 75 754022
269 26 327404
191 66 522588
158 70 64721
224 10 432078
219 208 135916
0 158 34309
19 0 526555
87 29 619082
231 259 963193
123 121 139893
206 141 315135
145 176 808316
100 49 295435
204 242 405883
11 277 357702
272 242 803320
272 144 218347
266 152 160291
147 225 297920
189 130 605309
248 4 949315
264 255 300379
257 274 558278
178 204 13383
168 121 812380
231 12 548882
22 228 522503
115 233 564135
198 191 81405
97 134 29654
29 96 459575
144 243 774560
132 158 10408
47 276 613872
22 192 864243
194 253 761834
115 38 190173
235 244 434918
224 201 757981
173 171 675467
171 142 874166
64 215 283755
77 157 395331
51 62 505813
235 136 873328
215 58 936836
194 277 208064
106 230 401085
197 1 824030
151 49 724998
114 100 777338
190 173 862763
139 46 594947
271 217 559398
108 67 217140
40 6 417224
2 41 601335
39 205 469263
215 232 39631
169 73 174016
259 238 189181
7 93 359977
29 63 627325
100 37 432575
258 68 67507
9 42 225955
59 7 674042
205 55 483382
205 165 220
154 137 945258
272 227 945643
184 130 254967
129 78 627985
99 120 951124
104 242 842769
174 168 758164
0 212 261085
162 206 621773
205 183 384072
193 194 904687
15 46 96177
158 236 813909
76 158 839381
117 174 786733
241 269 442551
0 49 268233
94 26 44259
171 96 596526
232 177 692415
21 183 226827
7 214 320202
259 225 154275
25 181 834061
245 57 161991
224 35 115296
97 34 163405
71 84 501042
207 246 499354
5 46 684883
96 48 729752
81 11 391293
195 173 731236
17 255 406798
42 227 796531
5 173 57798
220 104 637204
184 14 333255
18 184 492713
76 19 244317
139 65 401680
200 71 534955
95 270 877900
213 162 370267
124 130 337900
130 136 258679
169 194 358610
168 94 293069
266 237 747960
146 78 596151
78 230 550066
5 120 726139
21 149 834664
268 132 513618
192 37 869442
48 97 786149
233 90 31330
248 210 180400
70 226 914966
131 118 214362
49 119 959372
134 7 538479
157 29 633958
81 59 97795
140 113 308669
35 71 238036
207 86 946386
134 41 546378
261 188 726325
85 10 869436
168 253 369370
171 193 659819
65 159 588883
223 186 345469
252 226 940933
265 140 231828
39 196 779992
68 6 536046
237 39 273422
42 77 836683
111 142 133504
13 269 114155
4 163 100635
74 26 342569
166 181 290597
213 62 601894
118 129 542283
150 201 20316
14 150 9808
128 51 431993
227 237 375731
29 228 428623
252 45 482601
117 8 595308
241 73 273397
16 113 592207
98 28 542228
105 134 918296
219 79 453179
13 58 458993
105 97 754226
103 216 920106
263 164 549060
205 161 461179
221 76 796946
29 236 113876
262 222 769525
90 201 890020
230 4 193316
26 0 868878
180 273 36283
4 195 330255
60 234 186176
109 155 857454
92 54 896329
214 177 312663
210 129 535224
68 102 650612
113 20 757058
227 202 300092
88 131 582421
50 43 998721
152 221 383513
54 77 311891
52 74 916636
129 202 503111
98 172 693641
28 30 980370
226 196 975231
254 157 260878
60 229 167170
138 261 416554
224 72 657253
97 84 667704
64 86 855729
44 197 187534
2 135 334673
229 168 689898
265 16 535191
7 43 244177
31 44 819425
113 152 712769
245 35 749764
53 21 450095
205 164 577517
239 151 871415
145 56 254164
181 184 729847
190 198 774374
124 66 785731
186 212 576252
170 251 859453
48 144 664316
182 156 460256
90 104 914140
175 221 666748
169 123 772330
8 129 560115
275 64 836207
206 265 331423
191 35 477610
76 103 519549
54 193 286347
201 175 448076
203 253 790564
220 116 724704
87 10 962918
98 21 716567
178 133 225935
207 203 68631
213 46 743811
75 219 16733
180 117 219346
15 234 178940
114 123 973102
186 57 654734
168 135 91867
162 61 820960
271 17 144428
261 232 788328
68 90 119750
95 149 22983
238 169 988845
258 166 857744
80 59 763094
178 220 625487
256 255 801472
73 222 989169
51 54 346599
260 230 779082
144 146 798220
27 127 146060
265 264 331279
142 250 654529
203 232 629175
99 50 431180
26 213 498829
232 152 766335
176 166 726196
90 244 192488
226 0 367805
225 217 312563
153 232 691131
169 149 206362
166 204 684805
47 143 573418
104 47 597448
234 75 277670
58 216 111822
127 193 409302
44 40 384580
60 49 442810
168 217 301413
76 145 483985
235 261 379393
7 145 154818
14 163 644949
31 8 815227
199 138 342221
66 233 691414
118 243 832799
42 225 11233
156 90 41964
34 259 409485
127 0 10848
131 103 83509
47 162 419422
108 253 706528
89 277 664932
236 78 748013
63 189 278790
211 170 21080
98 202 860934
186 230 608150
155 53 172364
203 138 723988
130 69 905253
2 39 925839
189 241 503467
116 88 354864
129 271 654134
267 227 821959
93 127 530924
267 181 794729
211 81 886190
209 39 907539
56 44 106654
147 114 523921
45 242 965106
115 245 66058
55 54 438883
26 4 807876
100 34 914408
186 179 290024
155 271 635186
158 67 891971
165 143 767277
74 197 378784
145 234 507348
233 226 276971
75 16 746755
132 3 411127
246 192 788301
234 250 633060
29 275 744081
80 130 426442
276 127 251669
195 10 271587
264 161 810224
255 83 734353
231 67 86285
253 99 289079
204 199 470616
105 19 534162
196 2 351556
223 60 990562
26 97 298656
157 260 372938
261 143 952627
129 38 703810
210 163 584355
111 47 210073
26 45 666529
266 174 575108
48 84 447006
250 149 602715
43 11 738989
233 252 183149
25 216 428628
184 218 625489
259 275 56724
243 45 962756
33 260 938587
10 47 328665
130 173 681653
24 56 977409
276 97 859779
158 227 156055
35 49 435097
2 228 512109
191 146 657231
134 46 881035
40 241 929031
56 76 325713
54 23 208234
205 111 179154
86 210 365682
74 177 520883
241 91 615940
40 168 118404
45 6 52829
244 256 299030
152 45 433993
12 128 283057
49 244 103128
28 268 743534
178 230 546816
55 34 657752
89 134 197062
170 151 680651
185 71 891056
9 58 545770
88 2 341735
47 145 688545
5 209 516404
84 66 360131
82 188 233441
31 81 561720
57 96 979582
190 212 22450
225 156 237772
197 225 600051
125 205 376518
61 83 171060
95 212 237844
213 246 572914
206 124 123406
239 27 782628
269 33 518866
40 181 170233
238 26 500147
100 204 878465
11 231 699066
76 250 331008
269 88 410806
59 276 214887
50 72 710324
70 259 473511
118 167 631886
0 206 47054
48 88 786343
56 212 713630
178 103 528846
222 156 246363
43 40 453694
196 80 474697
94 192 655159
34 128 455813
273 172 667373
154 197 521923
99 89 280377
247 76 923198
261 208 483082
256 187 626980
21 130 455979
257 100 494955
261 276 750609
25 21 898962
195 92 891112
234 216 392415
131 44 372739
63 156 1512
28 221 970039
238 261 354150
226 100 28353
188 152 340621
12 115 960917
82 68 884689
227 53 776459
7 34 221378
103 148 304219
262 104 698048
248 120 157207
20 76 142746
8 258 741066
216 15 65786
231 212 40560
86 198 261624
79 217 417596
20 244 903591
204 104 162737
38 267 308909
67 161 967928
130 32 925020
192 104 596304
83 42 763448
142 213 301153
81 233 863312
199 202 902519
120 271 599351
186 175 668801
197 11 772841
95 267 575207
80 124 991870
20 198 646750
219 97 821877
55 11 990982
203 104 998047
119 137 220235
224 0 53262
202 256 793588
127 60 470221
77 174 630937
155 7 573979
50 62 507749
145 254 23092
197 130 975008
103 212 559160
29 186 850418
253 227 139004
128 164 628583
52 170 9012
101 257 386992
49 210 997554
111 186 145267
216 53 667919
262 246 328087
227 248 243229
124 218 32268
163 53 363320
237 82 154984
267 277 762310
26 208 705268
59 144 312767
9 240 292204
39 130 110447
89 10 772640
13 140 256092
192 44 687094
93 68 220571
250 174 132217
40 49 65898
164 135 180907
120 272 522224
42 140 524700
133 208 439240
153 72 174360
268 200 813454
34 88 216478
243 178 294522
224 173 708230
189 175 933580
103 187 771265
245 225 988381
89 211 112199
133 262 626477
109 237 81155
272 269 291307
260 52 507997
169 172 893206
77 88 228790
125 248 478002
20 128 513549
247 45 471855
50 5 493797
179 127 294283
157 160 842507
79 27 47290
61 108 692883
43 200 289132
201 59 172190
56 63 358843
248 148 159917
158 120 248143
143 132 958097
199 71 210083
59 149 751311
276 96 948344
83 260 918716
264 241 242218
247 72 994231
28 70 779582
23 87 780285
249 138 749604
270 30 173990
57 139 73128
106 58 208901
145 170 114294
241 213 432192
169 35 339158
149 152 309445
87 262 726894
125 164 930817
44 55 351920
122 111 655183
169 182 520865
91 136 769699
41 28 376459
197 124 147812
147 35 158332
125 257 781301
0 25 943150
149 168 809644
238 39 961647
17 193 21251
205 62 108273
241 9 6781
184 153 819025
39 35 623435
94 127 433685
173 80 606232
261 104 427392
271 128 516536
18 148 15314
158 34 944405
80 54 167986
37 197 334875
120 76 570936
57 147 655325
265 163 877039
181 34 46553
185 62 257050
229 170 687889
267 183 789675
74 14 331380
213 54 56111
110 131 573815
54 270 154214
158 13 907206
78 121 585689
180 65 797329
147 204 844015
158 143 167763
42 251 204051
10 255 684798
147 245 648169
50 92 636921
252 245 305347
136 208 833113
218 4 745284
245 274 579116
11 90 44711
141 259 403805
46 115 868754
26 53 401380
4 151 149849
40 263 441681
205 233 215821
48 82 907113
227 201 879492
272 241 99434
43 179 430437
110 41 837190
207 92 911401
109 241 846004
252 208 664447
184 106 127448
98 10 22520
154 46 431332
235 270 468552
257 177 897308
60 209 777006
143 234 883087
181 59 514660
208 217 972515
73 144 843360
119 183 608561
166 23 703725
71 182 440697
84 142 208822
100 110 552254
113 145 508055
46 231 269631
199 120 889394
3 188 811306
125 11 290888
90 158 940647
185 262 46624
246 116 189648
161 197 100815
20 16 370407
39 81 858167
78 182 521273
271 250 360360
43 116 899540
110 7 66127
33 142 173593
247 48 403361
86 246 525520
119 152 917534
119 117 774708
114 274 465991
227 13 948312
20 48 463240
214 241 453871
48 56 839079
59 38 240662
85 38 48843
15 69 996220
16 78 122449
26 262 50368
251 189 547148
8 0 489090
193 44 19313
222 186 745248
183 65 380149
162 133 280861
146 169 63060
176 24 588960
274 154 697606
158 29 454057
88 190 752420
17 85 259003
1 76 380481
170 209 108301
156 34 498756
55 175 992637
103 82 957894
214 105 586518
45 140 498186
239 55 317018
163 267 465756
206 176 743464
219 2 143335
34 87 627266
83 119 847248
177 215 852250
219 236 427480
267 219 11210
167 74 377415
262 230 292584
150 114 479314
115 149 707011
174 27 244358
192 243 175218
225 59 356467
227 182 81097
227 10 129511
21 93 752122
219 215 464481
267 264 730955
16 177 554891
101 72 621963
195 31 911347
113 257 630820
87 46 246551
144 76 417400
19 70 466391
174 16 974233
183 155 198426
263 107 666161
189 156 721432
145 215 272546
75 92 84248
147 237 820714
214 187 711065
30 126 669664
15 266 856106
164 102 74467
79 127 733904
96 224 450417
241 63 771000
58 199 352509
162 124 173066
200 5 816264
96 97 720435
138 118 562368
84 273 975480
88 99 952277
38 228 171172
205 182 880824
11 18 718941
59 230 554671
20 102 143485
123 196 859632
273 213 168986
199 195 831458
70 72 119419
24 91 862235
227 211 164120
73 97 228971
33 105 554799
273 99 350707
275 167 335322
54 30 716936
74 150 983974
121 71 612903
38 136 513838
260 185 469098
257 42 968987
63 227 236452
145 173 942110
153 152 795276
140 36 532557
78 268 442440
13 42 470732
130 10 666633
154 257 300862
50 55 669782
264 196 686847
95 163 795700
38 213 389580
105 132 260764
119 213 796056
82 233 284904
161 40 595200
50 273 124915
113 169 743630
128 247 240305
199 111 85832
148 111 298859
168 239 927661
23 143 968021
135 226 609034
42 157 908622
123 228 322266
237 119 534159
8 145 301633
125 30 843584
11 189 604566
230 180 572998
147 175 565334
18 136 287429
155 39 698595
190 127 728897
203 75 282511
0 200 80849
43 92 543805
273 71 469741
88 117 756979
32 6 184929
202 120 851765
217 101 999956
92 251 906957
190 180 520304
191 178 834554
197 275 741252
250 217 322232
62 181 100084
93 266 907863
203 140 758256
121 214 911357
222 276 15481
182 22 632252
111 179 679001
17 76 892094
145 141 19964
52 210 355217
211 214 168723
125 244 850817
126 90 6905
183 142 50838
182 201 636306
11 222 218138
188 15 307891
100 192 165848
251 46 856543
138 4 806474
187 33 614808
195 243 493395
107 270 726286
73 203 547488
65 26 722226
199 213 931759
11 250 302352
241 173 498332
213 172 676399
146 42 369186
125 113 959442
163 65 974671
44 275 76592
99 208 226764
193 65 831479
200 41 172064
5 77 929403
72 40 7935
49 21 742334
149 249 42463
46 210 174841
182 61 339384
28 82 945245
239 189 569197
42 188 708256
260 120 417692
238 254 339447
77 183 835700
152 8 798921
126 263 515381
44 198 508725
131 177 327707
197 155 301771
12 217 666140
107 119 506268
86 15 602901
104 113 885722
256 67 218080
8 37 629165
181 246 68497
62 14 545772
60 198 548977
136 150 176404
100 151 242375
29 97 129940
24 9 525377
116 180 621732
253 11 233353
196 101 777710
132 168 694024
163 245 229410
20 156 772788
54 157 401685
260 167 957620
180 181 829175
16 139 992694
132 99 595416
113 181 94769
254 87 995832
275 180 124317
104 156 256456
110 150 482690
164 13 864887
49 75 778455
155 269 681118
216 244 140634
224 142 577707
197 271 991345
203 255 694487
8 103 222208
199 161 254749
208 52 676321
143 94 337553
77 89 571903
148 163 60895
145 121 571131
213 41 615099
112 67 622459
126 264 423586
103 227 695618
70 2 261289
274 158 719673
165 206 390638
248 121 123859
96 133 945427
134 108 789890
233 10 395400
262 172 903594
6 186 573646
238 139 496625
118 151 892051
3 215 300281
39 266 811588
149 223 61222
113
155 86458191
189 55164491
192 22609335
81 2462083
257 52242908
42 66079157
237 84490485
54 21664631
165 22075192
271 28575014
72 92434971
200 58956407
250 36930908
95 27492875
40 49111501
56 93091137
204 37380678
128 81995706
147 95953967
263 16768216
28 39750130
250 51822196
103 10225954
61 48602351
193 87552063
16 75645807
44 7248195
277 76601357
58 99151665
109 67020320
200 24102250
82 95754559
254 53417070
149 41718073
25 77309330
28 16413317
232 19093617
144 38221028
250 78232842
19 16434336
159 39760326
108 66791912
141 32726077
260 5477503
75 71568118
3 36011680
213 64685607
134 26682173
91 76780904
94 14744061
123 77065665
200 48869486
52 8627124
137 86980394
12 88380122
277 16326018
117 61385804
232 99713267
54 67262917
277 66132367
125 97457231
68 39278167
160 24899857
270 6505132
150 37788988
42 34791726
266 44632747
13 65385965
136 16206111
100 98809385
3 40649619
213 87680178
200 13091788
144 8112479
51 99524707
267 29206132
196 76132222
98 70115
266 25312128
218 29541215
205 66019649
94 39041381
73 26684664
158 48304288
42 80175523
153 76956789
136 39233939
273 27708901
47 43245714
216 4283616
274 92774947
44 84175142
125 29584138
81 76209717
104 97370225
184 90286347
172 23863820
4 4758193
240 38814133
181 56886586
220 48752665
57 75610675
62 6413319
220 43329831
224 13653312
262 3561425
119 76402821
44 21077671
127 91424029
270 17622660
6 70933233
160 20382705
194 69238852
