182 681
81 108
113 7
115 1
153 120
154 57
62 66
62 45
94 48
122 65
25 63
23 39
65 41
159 129
5 172
168 106
43 20
176 53
140 51
36 71
74 69
111 2
124 175
92 116
147 79
35 73
43 41
98 20
97 70
129 120
119 65
164 99
9 16
84 97
49 125
155 81
134 158
11 169
142 55
150 54
167 139
24 129
134 181
5 85
136 119
71 80
33 78
50 167
136 36
176 69
134 146
182 88
19 39
95 52
71 95
59 157
14 144
21 106
132 42
54 177
61 5
32 130
124 102
146 141
156 34
43 177
3 94
95 28
69 25
74 125
41 177
3 69
68 78
60 72
178 58
9 116
52 54
83 52
61 3
146 102
115 92
29 80
142 105
123 15
50 116
13 10
137 121
43 182
96 4
109 100
55 41
134 103
105 121
41 30
72 52
167 84
3 85
55 112
36 158
112 56
13 1
115 127
51 122
37 24
34 114
176 72
166 152
95 172
94 164
138 23
65 39
29 9
107 98
131 66
124 173
124 154
182 130
80 66
67 19
2 82
42 82
74 110
59 84
31 117
176 90
3 143
14 54
18 104
29 119
83 8
76 97
137 111
143 133
123 148
61 87
56 164
160 155
59 161
166 165
132 20
153 133
59 25
97 44
176 168
41 148
9 76
77 54
7 53
147 175
163 146
111 165
107 128
142 182
50 111
157 49
162 73
66 34
30 4
166 102
58 122
150 69
10 121
75 77
67 149
115 84
60 174
139 161
32 98
89 40
142 19
11 150
166 157
134 136
132 129
55 16
11 28
147 4
112 139
37 162
94 34
95 38
12 132
43 38
34 69
153 119
168 155
137 122
103 101
166 73
182 6
31 49
113 91
87 168
29 140
3 144
14 102
15 48
56 132
113 35
6 133
103 139
126 81
80 40
163 30
11 70
64 53
180 155
176 14
7 130
134 79
45 35
78 4
14 27
8 133
162 22
27 130
140 98
62 87
90 81
144 69
92 22
72 66
61 40
71 69
137 93
31 67
175 133
19 102
96 87
116 169
122 9
58 148
101 130
144 173
115 49
135 73
96 29
61 4
32 171
64 25
93 168
75 33
170 30
163 129
83 2
172 19
178 3
11 81
59 159
79 71
119 108
80 177
33 139
40 167
182 82
47 160
62 33
161 2
16 8
167 104
147 41
74 179
117 97
142 139
174 144
96 85
74 25
93 113
41 104
110 26
116 82
4 38
47 3
11 8
71 120
86 102
60 35
115 17
83 156
62 177
126 2
77 28
71 49
105 52
111 73
92 121
95 9
21 50
182 70
3 175
125 133
126 122
92 165
163 94
99 44
179 133
3 82
40 106
111 98
45 40
84 54
5 76
46 22
140 104
157 124
17 119
156 86
3 156
119 76
174 100
13 65
123 22
7 26
145 22
59 101
18 100
179 172
5 98
150 42
156 48
2 91
20 146
74 130
56 177
103 63
61 118
24 77
107 125
153 29
173 22
139 23
89 87
86 2
153 156
113 88
146 69
179 57
106 69
46 88
182 30
157 174
29 120
152 16
139 8
87 150
36 180
170 155
50 9
51 86
174 164
75 104
124 114
145 132
174 117
162 128
178 138
46 11
121 70
158 53
59 61
98 19
11 94
181 87
27 150
50 30
123 125
37 97
49 25
123 11
47 173
107 100
31 9
103 81
179 97
30 121
128 97
36 49
89 120
79 101
80 6
153 13
168 48
21 95
110 177
71 52
13 30
36 2
4 73
47 116
31 50
4 6
29 45
118 150
146 25
37 4
179 120
103 75
15 150
154 33
140 169
113 95
35 121
75 99
9 161
45 149
123 6
40 161
49 129
46 95
138 168
89 161
24 67
111 77
20 133
5 41
31 112
103 171
163 131
137 118
31 154
180 23
117 26
131 68
176 85
112 71
135 146
162 129
126 77
98 16
13 177
78 98
119 121
93 110
166 129
30 76
75 158
112 33
100 92
90 99
113 44
96 165
46 77
60 163
92 26
110 64
68 119
36 116
42 127
21 112
28 73
89 1
60 24
172 52
163 133
89 179
123 143
1 73
77 44
60 106
152 31
113 170
100 81
59 129
118 34
160 100
101 180
29 27
107 139
136 98
10 41
83 38
87 177
46 127
75 9
41 34
94 27
4 106
136 34
22 73
61 74
10 167
41 23
143 148
55 90
107 83
135 20
36 78
90 12
86 49
47 6
5 122
4 120
74 168
131 111
75 102
153 107
163 63
84 161
147 153
59 93
49 39
154 72
172 44
136 15
46 86
80 68
32 177
29 69
140 26
58 161
125 85
88 173
87 103
33 86
67 99
134 58
128 155
36 172
21 32
13 103
3 43
1 26
2 120
38 97
12 39
131 141
154 69
93 163
117 14
94 130
130 39
159 91
86 97
61 10
140 151
45 22
12 6
34 106
24 17
115 5
156 97
58 114
37 48
154 68
80 12
152 52
35 2
24 56
101 18
34 38
7 28
112 9
118 172
173 63
32 100
16 69
176 182
80 35
163 104
160 92
94 4
71 39
132 26
7 39
10 129
106 177
140 138
17 158
45 30
143 171
30 129
152 57
59 4
152 92
179 32
113 121
135 170
37 128
119 11
36 91
150 99
103 170
166 11
122 129
74 117
166 42
81 114
43 22
103 58
13 7
79 149
152 144
86 53
12 121
62 94
13 144
109 114
50 23
140 112
59 34
178 20
23 114
10 116
58 73
117 172
20 8
79 158
31 107
95 56
178 101
142 110
13 69
92 125
104 132
157 167
67 20
140 133
89 31
182 48
122 118
152 136
152 15
93 6
160 177
141 23
60 175
32 66
24 120
51 53
43 1
3 67
111 38
34 73
154 4
109 42
113 16
80 64
130 129
18 144
180 102
61 48
135 167
43 12
146 39
36 63
96 154
11 6
93 90
135 32
157 4
13 42
89 71
65 56
58 67
71 138
92 49
65 6
50 18
5 127
157 81
142 36
89 144
48 52
123 76
27 159
74 11
5 144
154 56
74 72
43 14
117 77
112 171
174 130
163 151
40 76
179 64
89 73
84 106
107 76
165 8
7 35
93 82
