91 850
49 51
74 66
56 87
81 69
72 9
45 50
26 22
28 46
19 44
57 38
46 12
49 9
77 91
55 56
81 68
19 85
73 69
89 59
19 12
1 67
9 87
58 52
32 15
74 47
45 60
24 40
74 83
11 8
64 47
62 4
56 22
20 47
46 87
29 72
37 30
55 80
56 16
3 33
72 85
35 76
34 19
17 8
57 17
78 6
80 54
29 36
30 67
59 85
14 47
60 5
53 55
81 51
17 49
82 46
36 12
26 68
50 47
33 54
34 51
57 39
85 88
27 58
26 88
34 20
12 51
9 38
53 65
35 13
10 78
70 31
38 47
48 36
77 8
55 36
23 87
3 2
7 67
41 91
25 13
77 83
90 16
10 40
34 79
34 62
13 54
30 88
25 58
26 87
57 46
14 83
90 48
9 33
49 38
42 75
82 69
38 65
32 46
85 62
61 66
46 86
28 19
5 69
21 2
50 80
90 8
7 63
59 39
56 80
3 37
49 63
53 61
50 66
74 16
42 10
60 8
14 7
66 4
35 86
36 76
14 11
50 62
89 54
32 21
78 64
25 27
53 21
29 90
75 15
16 6
86 11
17 91
84 1
14 44
27 54
59 60
30 52
74 72
70 6
43 77
30 76
9 1
60 14
25 63
28 67
29 5
38 22
37 58
64 40
75 70
30 68
56 39
45 16
24 7
5 37
32 79
80 6
25 85
90 54
30 80
50 77
90 68
21 63
48 69
72 91
15 8
30 54
77 2
90 21
10 50
72 61
82 63
71 39
63 79
61 2
50 91
80 36
74 19
20 31
69 33
5 67
44 65
41 79
21 22
89 32
32 4
5 6
84 22
31 68
31 15
18 65
9 67
29 80
74 4
17 12
39 43
55 33
17 66
9 37
52 6
7 65
20 4
19 84
29 27
29 61
31 6
70 67
29 1
84 31
39 38
84 2
39 87
67 68
88 18
28 52
39 73
45 75
5 8
30 15
39 21
61 47
5 86
83 12
52 54
43 37
74 81
10 8
25 5
28 31
10 20
71 52
23 2
58 62
74 15
31 18
85 58
88 48
20 12
38 44
89 66
3 87
23 66
64 88
78 28
14 91
32 67
60 26
75 39
9 47
13 62
41 54
42 56
59 11
19 27
34 11
74 73
25 83
33 4
60 43
9 7
58 22
53 35
48 31
7 69
41 77
61 58
84 58
24 58
34 61
55 5
20 54
42 72
86 52
50 26
34 87
45 26
75 84
33 58
53 29
89 70
29 74
48 27
19 69
82 76
49 22
73 4
77 30
85 73
41 44
37 80
84 33
42 74
25 64
25 70
17 82
57 66
9 36
53 83
57 27
20 83
16 2
32 12
83 79
81 54
72 24
18 83
41 66
9 62
42 89
39 5
58 2
19 54
24 84
81 61
80 62
17 33
88 15
7 15
57 54
23 54
53 2
64 7
13 16
9 20
90 73
42 81
27 79
81 85
69 79
55 44
89 75
56 35
41 90
49 69
45 9
88 8
41 59
42 21
20 2
64 33
63 67
49 60
66 68
14 12
71 60
70 33
26 15
46 33
23 86
1 62
59 72
82 73
66 86
81 30
15 22
70 11
20 86
35 16
56 12
42 68
74 60
56 37
23 8
40 52
7 22
19 2
64 28
57 58
76 61
18 86
71 4
33 16
32 28
74 38
40 84
29 48
33 52
7 44
85 36
15 62
63 36
31 16
33 47
45 28
19 91
26 67
59 73
72 18
59 1
60 21
50 34
64 11
90 66
72 38
37 47
45 77
42 44
27 33
37 22
45 85
84 61
57 89
31 13
87 6
72 15
35 4
39 3
73 86
43 76
82 22
70 9
63 68
17 56
81 8
4 6
82 58
63 35
17 4
38 51
81 67
25 31
14 87
28 12
41 56
3 30
24 1
50 46
56 11
17 14
27 52
10 85
23 40
23 88
89 56
18 12
10 31
42 1
83 6
62 22
32 61
90 78
55 83
81 12
20 16
75 19
74 39
73 88
34 22
36 91
26 52
77 37
75 9
49 48
38 61
10 44
82 27
34 13
17 59
27 61
7 27
87 67
41 7
13 51
3 11
49 44
39 67
41 48
32 22
77 38
21 79
65 11
5 76
75 83
9 83
53 67
35 87
19 52
19 70
80 44
40 44
20 69
60 77
33 61
17 31
40 51
35 38
14 68
53 59
57 19
85 63
49 56
28 83
66 65
53 68
56 83
56 76
46 88
56 48
55 13
29 16
60 48
21 20
74 26
72 39
23 4
78 88
75 1
49 68
49 50
84 18
70 22
15 12
74 20
39 69
34 37
50 48
3 15
34 35
21 4
73 36
60 3
21 16
69 76
36 22
81 84
59 48
71 88
74 23
61 6
72 26
67 65
60 79
43 1
80 1
32 56
28 79
90 2
42 82
62 51
35 6
50 18
55 79
77 6
41 52
85 80
89 12
23 28
72 22
42 15
50 69
63 80
29 46
64 48
42 18
56 69
61 4
26 80
48 83
77 52
60 67
81 65
3 65
45 19
67 86
60 91
59 13
75 48
25 44
7 36
32 19
55 12
58 11
5 52
1 2
41 51
29 66
27 31
46 7
89 6
24 86
74 62
24 76
17 78
20 76
69 66
84 36
23 21
71 29
29 41
25 62
42 61
87 13
49 73
53 87
41 38
29 85
24 34
28 81
64 75
76 66
61 15
71 18
14 20
38 2
1 65
60 87
55 43
39 4
56 54
59 62
5 66
25 59
56 13
91 11
5 83
2 91
60 31
63 16
9 5
14 58
82 61
72 68
63 86
12 2
75 34
10 14
24 36
50 20
89 19
74 65
50 65
78 82
73 6
29 67
44 18
34 43
26 5
45 13
49 81
21 27
53 45
64 19
85 13
85 35
3 66
43 79
49 54
82 30
48 91
32 8
57 55
55 15
41 33
55 39
61 11
20 1
75 20
56 79
27 1
56 91
3 18
38 48
53 88
33 31
43 66
43 5
57 67
70 36
71 80
89 35
32 24
60 11
41 21
17 9
64 4
89 16
35 52
10 43
40 12
24 68
32 59
41 62
89 83
76 65
72 16
23 77
49 70
29 58
64 58
53 42
71 87
72 70
77 40
81 48
70 3
43 84
70 47
86 54
72 83
45 46
45 91
34 65
42 60
7 30
70 35
62 68
82 38
71 84
37 51
53 36
77 3
31 66
55 69
70 40
72 21
89 60
49 21
5 18
72 86
38 20
4 22
1 12
81 16
83 47
59 30
53 9
57 34
29 11
64 8
73 18
89 2
23 48
50 30
21 40
42 84
87 62
75 16
19 51
85 52
77 73
53 46
32 81
36 13
82 39
77 44
53 31
75 37
61 79
61 44
69 13
61 1
5 38
49 91
39 84
80 52
66 52
7 47
64 72
78 52
46 16
25 37
60 88
28 2
63 1
20 33
82 67
19 9
51 11
84 4
16 65
84 27
55 86
17 44
55 70
55 23
63 27
32 88
57 15
18 47
44 67
82 62
41 50
54 68
69 67
41 22
5 61
42 83
32 63
32 75
25 17
71 30
74 6
78 47
71 2
60 54
83 22
64 18
66 11
89 90
24 27
21 11
87 18
30 51
45 40
12 79
51 54
26 47
29 45
40 22
41 11
46 4
56 18
34 44
14 22
7 35
77 85
10 86
36 47
49 26
17 11
9 44
45 84
64 46
19 38
57 21
15 79
71 15
38 66
89 84
43 62
67 91
39 76
46 63
28 58
19 46
39 54
53 6
58 86
24 4
23 5
58 4
41 46
56 8
18 91
28 30
63 87
65 12
34 52
56 68
7 66
87 2
