158 154
2 4
127 21
117 15
153 36
117 79
49 73
88 59
48 46
76 44
19 30
61 133
2 118
4 141
57 132
38 25
143 102
18 13
76 14
55 80
67 113
50 138
43 30
150 36
100 37
129 41
92 74
72 134
101 108
3 46
48 86
68 21
63 148
117 98
17 148
103 92
95 98
8 58
120 30
27 63
158 75
18 63
88 113
89 33
47 68
64 106
24 122
20 125
107 105
100 97
50 142
116 100
81 143
43 1
114 134
50 141
61 5
40 78
158 74
84 1
22 14
120 87
76 149
90 75
143 113
51 80
13 80
84 20
18 59
137 146
98 30
129 108
26 113
73 46
18 42
103 31
51 75
47 134
53 108
99 149
11 121
32 75
51 117
94 44
158 147
2 89
107 122
95 121
110 74
153 3
18 124
158 126
43 146
151 77
10 102
96 56
130 131
111 38
49 110
70 148
68 54
72 118
81 99
4 93
16 86
1 104
151 16
40 44
89 154
94 102
17 23
78 144
7 52
145 115
77 133
67 22
24 147
60 82
101 73
70 61
103 144
112 40
1 30
127 125
66 87
115 141
95 132
100 150
32 101
67 45
48 36
24 55
99 20
118 137
51 125
29 146
43 48
79 65
33 77
54 146
62 25
70 43
120 112
47 25
135 30
26 104
24 27
130 90
107 55
153 11
19 11
48 52
72 73
68 86
10 117
