292 354
188 264
203 166
81 114
6 120
2 63
179 50
123 4
43 191
67 228
92 68
240 250
40 169
271 7
69 129
102 20
284 263
74 206
54 153
69 280
291 282
125 29
119 153
2 130
280 48
81 212
184 182
152 5
102 223
55 19
193 140
192 6
210 157
115 171
129 7
159 170
196 140
43 259
19 236
241 113
200 236
36 68
82 250
69 52
75 133
30 56
79 195
26 68
261 130
159 246
237 242
59 53
219 196
124 4
45 73
116 215
4 68
97 63
81 44
95 135
191 25
169 222
203 126
220 78
27 289
229 199
201 195
193 12
30 51
189 113
265 122
40 191
255 26
123 274
19 131
245 179
31 207
224 88
177 290
145 182
78 131
121 47
207 268
38 75
162 12
227 178
26 222
109 71
285 276
86 84
185 78
174 277
82 208
42 82
67 57
83 146
69 182
176 209
75 80
205 233
245 19
38 79
37 82
264 112
230 140
34 29
74 166
145 68
269 167
14 61
72 161
161 178
79 208
83 215
227 30
184 158
40 141
105 116
105 206
33 141
150 94
218 41
224 196
96 12
262 215
125 210
22 58
72 243
30 103
282 187
12 101
42 286
128 182
279 155
210 136
106 98
147 182
265 29
72 275
259 126
262 153
79 2
220 279
204 208
199 91
234 265
177 146
52 157
134 83
169 278
214 223
61 35
105 171
83 12
259 142
96 190
283 265
219 147
181 76
241 12
173 170
75 182
267 207
86 153
273 60
74 48
81 269
100 66
272 115
123 202
134 190
207 282
253 155
55 170
252 99
243 214
3 137
105 261
96 185
190 132
185 246
121 245
81 2
215 216
89 107
217 282
188 110
3 239
234 64
2 112
221 69
172 292
26 212
47 18
144 173
161 65
43 152
31 109
205 41
43 196
115 223
87 153
78 81
94 99
94 216
61 166
243 283
203 80
178 180
17 75
31 246
117 206
268 142
83 19
150 289
36 92
45 170
254 209
207 52
197 63
99 80
69 274
208 137
246 258
103 44
141 49
22 37
207 271
246 158
71 265
114 71
162 146
199 12
89 12
44 288
71 274
14 139
14 210
229 71
159 99
221 52
254 202
125 154
55 180
80 108
245 140
106 250
67 264
103 120
65 9
262 130
210 129
270 160
96 107
146 107
241 142
124 149
16 195
237 243
114 56
32 284
93 28
205 112
40 275
55 210
273 271
255 112
48 276
226 233
171 44
165 216
138 51
55 196
105 153
43 11
259 249
229 208
219 183
98 288
86 165
109 148
186 113
109 146
59 159
109 225
204 76
125 17
121 202
171 80
13 65
209 130
144 62
28 103
72 214
164 122
46 153
128 268
192 104
58 68
223 65
43 274
166 208
23 187
242 149
123 282
255 33
129 70
261 19
128 112
278 107
282 137
113 29
134 191
10 185
188 25
3 282
208 274
180 151
153 142
244 20
138 68
15 130
177 204
115 48
220 96
14 90
69 155
162 155
138 28
185 241
279 81
116 235
3 169
134 245
42 123
95 140
227 94
23 140
85 262
257 62
180 28
176 169
78 219
13 182
227 109
185 145
72 85
69 236
26 169
243 247
49 51
118 187
144 259
14 1
83 25
