27 239
27 18
19 23
16 15
8 1
19 21
17 7
6 22
22 11
24 21
5 23
3 21
18 24
2 17
12 1
11 19
1 17
22 7
21 23
15 9
16 8
1 11
11 26
3 23
16 7
8 24
14 19
8 10
27 11
3 15
27 26
24 7
16 27
18 21
7 20
10 9
8 7
17 15
18 17
3 26
1 21
21 26
5 21
13 23
2 21
24 23
4 11
14 15
10 25
25 26
19 24
27 21
19 20
19 7
5 18
22 20
27 8
11 9
11 20
13 8
13 4
25 20
6 15
5 19
13 17
12 22
27 20
13 11
4 23
16 18
7 26
27 15
5 24
20 9
5 3
8 14
13 3
11 21
6 11
4 22
1 26
12 8
14 7
13 10
27 1
22 26
8 25
13 21
12 23
10 24
26 9
22 15
1 19
3 24
6 8
12 27
1 14
14 24
20 23
2 9
12 2
2 19
6 10
13 6
18 10
10 23
8 21
3 4
2 26
4 1
22 10
14 21
2 24
19 15
18 19
10 20
11 10
24 20
1 25
10 21
11 7
11 14
13 7
18 25
16 12
27 17
18 26
1 10
14 17
5 25
10 15
16 10
2 23
16 22
17 21
16 9
13 27
1 24
4 17
14 9
12 10
27 24
22 2
13 1
24 9
22 23
13 24
19 26
12 18
14 20
13 22
12 25
21 20
6 24
10 26
4 21
27 14
25 7
4 18
25 23
22 17
16 20
5 27
18 14
6 9
13 25
12 17
16 14
12 3
27 3
13 16
13 18
11 24
10 14
16 19
1 2
17 23
4 20
3 11
13 14
3 8
5 12
27 22
4 15
13 19
22 18
16 3
8 9
5 15
11 23
16 24
21 9
5 16
17 20
16 4
15 23
2 18
12 9
11 15
5 11
22 9
27 9
16 26
1 9
6 12
22 25
6 2
12 14
8 2
12 4
3 7
6 25
5 20
15 20
9 23
25 21
22 21
4 10
4 7
4 8
17 9
13 2
25 9
1 7
2 14
27 19
6 19
2 15
18 7
12 26
18 23
5 2
27 10
6 18
13 26
22 24
4 24
16 25
12 11
13 15
