102 392
31 69
74 5
83 40
42 16
9 48
2 28
74 40
83 96
84 95
34 57
24 87
94 46
9 21
51 69
94 98
70 68
94 61
70 102
72 39
23 7
25 30
19 24
2 75
49 87
100 32
71 21
64 40
86 92
20 21
83 29
94 30
21 32
77 91
55 85
79 87
29 32
40 87
10 75
54 66
52 71
49 96
53 82
60 4
77 52
43 4
55 28
8 27
34 28
51 16
5 79
26 15
61 71
49 8
58 43
50 24
71 10
31 102
34 30
91 19
73 84
41 35
23 56
94 71
30 10
5 60
78 58
67 61
55 86
75 16
94 66
64 2
66 102
53 56
93 99
18 56
4 32
79 37
72 11
98 16
86 95
42 58
67 31
63 88
36 92
33 18
5 24
55 48
51 41
91 85
54 75
54 4
44 12
82 32
14 97
49 75
34 97
66 30
44 91
66 56
22 71
46 29
72 60
99 37
79 15
39 71
55 60
84 99
55 21
74 100
77 61
83 37
4 57
19 63
45 79
93 39
96 40
54 8
78 44
42 29
61 32
18 65
51 54
47 16
72 82
100 56
83 63
36 9
21 87
96 15
13 95
74 59
73 88
40 4
39 102
39 43
51 56
81 95
5 57
7 75
86 76
77 51
51 59
72 15
89 49
68 59
58 30
5 53
13 76
14 102
5 30
31 84
89 16
15 80
101 96
63 59
74 24
101 59
40 32
55 47
51 100
36 50
89 27
67 39
47 24
68 11
94 86
27 7
91 81
9 102
100 24
10 57
65 80
77 23
36 25
34 89
24 8
55 79
48 15
68 90
79 40
12 16
33 92
76 10
31 25
66 4
82 75
36 7
101 52
78 51
46 59
5 8
52 20
79 32
91 68
60 32
55 63
83 67
83 82
14 15
43 68
78 40
67 28
22 57
43 26
37 88
26 37
56 27
71 15
44 63
78 97
79 100
15 95
28 75
100 81
49 23
86 100
81 80
53 71
40 27
50 57
49 37
11 16
62 66
84 20
72 79
92 26
86 35
83 39
22 2
56 37
83 99
66 41
92 4
48 97
46 93
25 90
89 20
42 27
20 90
45 65
54 48
43 102
26 96
17 2
33 76
80 57
25 35
102 59
58 80
55 97
67 53
20 35
33 37
68 16
44 84
30 90
60 85
51 35
9 35
73 80
30 35
100 35
61 59
66 81
19 87
68 20
9 28
30 97
41 37
43 41
19 7
82 71
11 1
5 12
55 32
62 3
9 37
35 57
78 39
89 61
30 56
56 15
9 70
99 16
94 41
46 49
93 65
55 102
77 88
74 21
54 65
61 53
31 58
14 74
89 99
51 74
14 20
49 81
10 28
47 56
101 17
48 22
84 85
18 98
51 11
39 6
1 87
51 7
68 10
42 60
37 87
91 41
58 28
13 52
61 74
64 86
37 75
36 41
82 27
34 88
50 10
49 26
79 92
92 16
22 24
58 87
84 87
100 71
47 81
33 100
42 2
78 45
50 55
89 2
70 95
57 32
46 39
66 24
70 92
96 88
44 74
78 11
31 6
65 97
9 56
56 40
54 86
67 49
58 73
93 100
93 17
9 80
67 23
5 38
85 8
22 68
83 57
77 24
12 1
71 87
82 90
55 8
2 92
78 102
93 48
69 15
12 40
49 63
73 71
53 60
77 30
13 85
55 17
42 54
33 96
54 43
73 26
26 76
29 43
67 68
17 35
64 60
14 40
36 47
13 48
47 35
25 15
69 95
66 15
64 71
18 37
56 7
