88 319
61 43
44 88
53 37
14 71
36 61
33 77
30 4
45 7
22 75
87 16
73 27
58 88
55 29
63 12
57 19
45 48
12 16
58 49
59 16
7 28
79 26
60 51
22 17
63 81
56 42
81 53
83 84
66 78
85 86
70 41
87 4
57 26
52 19
30 59
82 4
33 1
25 78
44 67
79 1
57 20
69 60
51 84
22 10
1 71
51 9
56 6
79 74
51 29
47 19
33 71
78 37
64 20
54 32
12 24
83 36
47 61
76 23
81 59
65 32
64 14
59 32
83 16
70 78
61 29
12 67
3 6
67 78
80 27
2 48
22 1
4 71
7 31
36 21
67 84
24 21
22 71
3 76
43 35
22 34
67 53
8 37
26 6
64 88
3 62
22 37
23 13
44 39
58 61
36 27
50 54
55 35
69 62
62 54
70 1
26 78
17 25
51 53
83 49
56 74
25 31
1 87
24 15
85 1
61 80
30 16
51 57
86 29
1 17
66 7
51 35
35 80
35 78
70 17
42 59
49 65
55 74
17 78
88 17
58 31
50 36
86 39
8 71
27 74
1 20
8 11
42 20
69 68
58 42
47 73
66 26
30 28
49 11
62 87
65 6
30 26
49 34
1 74
59 78
50 22
58 55
79 12
81 38
34 39
17 37
49 73
53 21
42 26
8 1
69 77
66 84
59 80
12 34
73 32
5 67
51 67
46 84
16 10
72 44
79 33
35 4
12 1
18 88
45 49
52 49
42 6
33 17
1 26
60 71
20 16
72 36
73 16
68 70
65 73
41 78
12 33
53 19
50 37
38 74
12 46
23 45
24 43
66 34
82 16
15 11
23 37
34 74
22 11
5 29
64 31
34 17
23 10
47 88
68 76
83 81
50 23
88 48
76 25
18 21
35 25
49 29
75 25
13 87
36 16
52 12
25 39
14 54
81 34
65 28
70 9
43 78
57 46
68 29
49 87
86 21
2 27
63 17
24 28
64 82
75 9
49 67
79 45
35 6
64 18
15 28
56 80
58 11
46 87
50 25
2 15
52 62
63 41
48 84
72 20
43 86
28 71
61 27
24 40
20 80
7 13
52 37
49 13
60 86
56 15
76 49
22 46
68 50
14 84
81 30
67 61
57 77
13 31
85 80
3 15
63 85
71 29
56 10
78 29
34 4
8 77
33 46
18 76
2 24
49 4
88 30
57 25
43 26
38 77
38 37
57 73
62 46
5 7
22 74
61 35
34 78
66 65
85 14
79 11
49 40
64 33
63 40
56 5
12 31
63 71
50 32
63 25
2 51
47 57
52 17
79 57
36 32
56 37
23 53
46 11
44 32
5 77
51 37
4 78
83 42
75 59
57 28
53 28
5 27
60 48
72 2
27 19
51 7
69 21
69 54
87 27
52 6
12 30
51 23
72 84
70 31
33 87
79 30
79 58
58 7
66 50
