148 849
28 5
141 39
118 101
127 121
23 91
103 129
142 109
146 19
89 12
114 124
2 51
62 148
5 12
126 132
49 6
58 68
65 68
138 16
23 116
24 68
124 35
100 32
86 80
63 109
49 7
58 101
134 131
113 50
37 65
45 6
117 20
48 74
96 22
91 116
45 50
15 54
42 22
65 43
78 12
60 115
62 36
71 145
85 109
105 62
2 81
41 57
115 5
122 19
1 52
73 148
61 92
29 87
122 112
26 105
130 146
60 58
13 35
64 124
48 50
65 53
142 35
28 4
63 87
23 31
91 111
101 4
64 130
66 19
127 40
139 95
58 19
15 68
123 88
69 72
95 88
112 12
26 46
69 51
24 124
93 25
24 129
1 17
63 110
64 15
103 33
28 80
88 20
19 35
69 129
117 74
118 128
89 15
60 148
123 119
123 72
70 42
118 85
55 120
107 53
69 25
34 63
84 106
60 25
82 55
100 143
23 142
64 76
62 42
14 116
45 105
67 39
62 127
37 18
130 2
10 13
56 13
80 109
127 143
14 92
125 43
81 54
23 43
136 145
5 46
14 46
125 5
122 139
127 53
65 145
137 102
103 89
73 62
133 43
114 76
123 83
141 95
80 35
145 143
140 85
107 130
93 69
10 56
114 91
77 87
73 25
79 55
78 31
58 132
119 85
14 54
64 21
61 13
58 9
84 97
85 31
48 141
125 49
48 148
18 109
118 124
91 35
101 15
96 86
77 80
138 94
7 80
61 40
75 132
131 68
58 28
132 74
91 96
7 54
18 39
112 89
99 109
8 31
100 47
56 97
59 122
147 38
138 87
132 17
61 20
42 68
112 37
10 25
129 50
5 53
93 67
111 85
134 41
7 124
101 132
27 107
28 115
101 68
8 24
60 85
55 43
64 54
136 131
127 80
103 12
24 140
58 24
143 43
132 25
46 74
84 35
29 143
138 1
80 20
11 5
70 90
104 55
40 128
27 145
105 57
28 102
77 127
147 22
17 57
94 139
73 11
24 14
132 36
12 124
30 141
70 117
123 71
117 126
24 132
112 76
114 72
34 18
11 29
107 103
146 121
103 40
94 99
71 35
16 41
118 89
82 148
55 54
96 88
62 53
104 47
49 143
76 135
67 137
24 126
13 109
1 12
115 146
94 98
136 15
95 50
138 21
37 135
123 90
127 36
82 147
59 46
18 72
48 142
23 146
144 53
136 68
116 13
93 87
112 82
66 109
130 90
63 56
3 49
138 132
10 109
59 98
65 80
84 25
100 80
115 20
118 44
80 13
122 148
28 144
58 125
79 71
99 129
138 117
87 57
14 35
11 126
138 135
105 86
7 72
10 6
135 51
81 50
76 132
130 41
5 147
23 97
73 112
75 135
73 21
133 94
88 72
5 105
54 109
48 65
30 44
28 87
122 33
23 108
140 144
12 71
115 113
107 148
141 89
3 63
147 53
59 51
76 111
103 75
48 81
89 20
118 109
11 82
38 13
82 109
22 35
112 51
11 12
10 19
126 95
34 1
146 29
132 142
23 130
65 40
30 57
1 87
6 108
130 68
100 13
8 61
8 96
103 47
36 80
108 148
32 68
99 97
73 97
54 97
63 39
136 29
6 52
93 95
143 54
24 7
10 33
96 43
19 54
56 32
69 71
63 32
91 144
66 79
112 35
50 97
3 118
143 135
38 40
14 85
146 2
67 7
106 92
76 87
139 43
73 69
136 85
30 97
73 99
146 90
26 147
23 131
123 77
73 86
73 76
103 42
3 33
99 18
125 143
105 85
66 90
103 128
61 135
107 55
1 102
115 126
137 57
103 91
114 68
87 127
123 37
12 69
76 148
136 51
85 142
135 142
32 129
133 34
98 7
122 9
125 36
118 45
87 86
88 41
28 124
14 94
53 17
22 51
11 139
93 56
96 2
138 90
112 83
111 6
29 50
19 44
73 109
10 55
104 133
10 57
117 109
38 12
111 132
64 69
137 7
138 78
26 137
64 50
84 98
75 25
134 140
24 136
11 70
106 32
71 68
105 110
125 72
75 136
55 15
106 85
127 32
73 52
94 120
148 128
148 106
91 29
21 124
49 18
30 1
146 80
70 148
125 83
93 97
32 52
21 15
126 17
93 130
7 50
27 134
48 63
36 109
111 46
121 131
49 14
60 11
58 98
90 128
67 45
101 121
87 35
91 61
78 46
113 53
120 69
108 33
48 116
139 72
141 113
66 37
77 65
112 62
23 93
131 43
14 110
133 24
27 99
3 117
145 50
60 47
146 54
71 100
75 17
117 49
34 84
123 76
19 124
82 31
30 106
42 46
71 54
21 94
60 95
146 111
11 125
87 38
62 65
61 109
58 73
37 121
145 13
28 119
16 81
139 2
134 127
63 19
147 148
118 2
56 31
117 75
67 54
148 57
123 63
29 94
125 65
101 44
48 1
64 62
123 43
78 57
18 20
134 62
48 12
91 92
123 69
73 17
22 17
112 114
91 132
62 41
28 55
49 127
145 57
146 68
64 127
25 20
98 50
5 68
136 110
67 145
106 36
62 96
134 77
143 97
120 42
7 44
116 95
119 86
25 80
77 148
59 17
103 50
148 145
22 131
59 132
16 84
137 50
76 33
18 142
28 57
45 42
123 94
29 55
89 85
25 144
37 61
24 13
19 17
30 5
77 15
143 50
127 69
120 135
28 139
133 80
22 52
25 13
139 69
134 122
89 109
147 39
11 45
58 147
3 20
9 110
6 41
114 117
89 72
145 142
22 39
52 13
58 2
125 48
60 22
133 55
89 90
101 123
48 87
87 88
96 81
75 16
10 87
108 68
93 57
120 22
147 19
81 17
101 52
20 83
34 109
103 4
19 128
42 85
98 128
62 56
24 74
37 136
147 25
107 144
49 52
130 98
77 45
29 126
36 20
104 56
85 54
141 110
52 43
3 100
146 89
34 82
73 34
23 115
5 45
114 96
6 65
118 98
59 4
148 54
29 145
138 29
52 102
126 88
48 88
27 32
77 113
38 54
113 119
100 95
91 131
26 79
58 117
104 5
3 105
30 123
125 109
90 120
112 141
103 37
26 145
93 24
82 18
138 85
94 7
47 54
28 109
37 127
117 42
29 140
104 93
21 55
34 39
14 57
83 128
25 36
96 20
138 145
26 142
134 28
112 117
133 82
148 80
48 99
132 42
141 20
6 51
38 128
96 33
76 143
115 131
133 22
6 109
140 99
34 113
131 110
60 83
65 32
103 139
30 145
116 129
130 63
66 36
89 95
26 25
82 97
65 85
70 28
137 54
147 120
34 99
112 53
125 25
114 147
64 17
133 131
9 81
58 10
58 62
8 7
19 92
133 10
55 47
3 21
34 49
26 33
45 54
59 119
77 44
131 57
66 145
9 98
66 116
46 129
48 9
8 33
104 97
105 81
19 148
91 40
7 13
75 53
42 135
131 17
114 7
59 31
70 112
103 16
68 41
1 119
15 109
100 7
113 52
111 136
116 51
15 7
114 145
125 132
42 83
140 20
4 69
12 119
101 67
75 9
111 14
36 13
116 71
88 68
6 4
23 129
94 4
12 35
122 32
49 113
141 128
1 94
78 74
72 41
99 35
108 131
137 12
26 44
140 42
82 80
70 103
137 71
77 137
29 90
64 109
138 47
136 116
28 49
130 99
26 125
42 19
143 44
14 7
49 19
121 86
64 145
1 82
112 52
91 52
8 10
108 25
36 50
48 106
62 19
26 117
115 37
27 10
23 12
117 47
107 47
103 32
96 83
82 110
69 80
15 72
87 65
133 111
17 142
11 127
104 33
