133 880
58 27
57 23
60 67
125 58
61 84
105 120
8 67
84 47
65 86
22 91
64 115
58 50
65 108
130 84
133 71
56 64
22 4
24 54
122 89
45 92
14 12
73 48
109 56
37 6
99 75
111 44
119 20
89 1
119 68
62 109
4 30
77 95
15 70
41 128
9 56
65 80
104 44
91 64
33 115
51 82
133 78
36 88
95 47
129 44
46 116
8 26
36 82
68 19
30 92
89 97
32 4
90 30
73 22
95 15
66 11
73 70
129 69
77 72
11 123
58 120
102 67
37 68
22 3
13 96
9 62
94 5
119 71
110 60
46 108
100 39
24 115
61 131
91 104
15 89
43 47
20 67
8 102
13 105
39 35
28 72
110 67
126 35
101 117
34 44
7 105
35 44
72 128
96 69
60 34
45 85
113 89
18 97
126 117
35 103
116 53
133 62
99 102
22 115
24 86
118 75
124 86
19 128
77 115
58 12
131 121
86 33
63 21
130 88
57 60
107 44
23 19
68 12
114 130
20 57
47 81
9 17
41 70
62 83
93 102
132 70
95 7
93 42
22 54
77 54
103 60
125 14
18 38
116 98
87 48
133 38
85 64
58 88
121 31
66 126
76 52
13 17
100 63
124 112
131 52
114 79
98 57
65 99
103 78
122 50
77 27
2 10
32 30
8 71
71 120
90 52
96 4
13 113
95 36
96 26
117 86
7 10
48 69
5 67
21 59
18 20
75 53
2 45
73 24
62 113
100 113
11 124
5 123
107 104
31 103
24 70
80 5
28 84
122 114
9 78
131 27
18 56
16 19
93 16
94 111
69 59
114 91
22 21
117 81
16 38
41 86
14 1
24 67
99 48
86 49
74 36
30 78
110 125
28 95
46 85
65 72
110 28
108 71
110 12
108 103
79 19
62 16
80 56
40 91
109 78
100 45
116 33
131 34
72 101
42 75
8 92
65 87
70 44
113 43
96 57
114 35
129 39
28 19
124 127
11 31
37 63
38 23
130 48
54 23
133 33
118 120
11 97
124 55
83 51
9 93
110 118
22 1
125 54
72 103
46 78
17 81
43 106
17 55
98 121
41 105
63 19
5 33
125 11
51 92
32 94
29 112
82 88
109 85
18 106
30 50
46 70
10 87
11 54
76 71
28 109
32 55
130 131
41 58
58 31
133 76
72 106
77 58
122 34
118 36
40 43
32 57
18 92
102 53
133 130
104 12
116 51
73 78
62 92
94 112
129 76
17 47
84 57
25 27
95 27
83 128
15 93
2 109
110 112
74 116
76 50
10 80
73 74
37 108
39 117
104 70
131 115
125 100
120 50
105 103
80 97
80 1
57 38
14 128
122 47
76 124
32 106
61 79
114 11
62 15
65 61
83 103
113 44
102 50
45 19
89 47
119 108
30 128
13 57
25 81
84 31
125 27
89 24
113 59
4 78
68 97
1 49
13 66
113 123
85 50
117 56
91 124
9 70
121 123
72 71
58 97
106 123
109 31
72 57
40 104
83 26
41 31
77 118
13 112
114 53
51 85
118 43
57 59
122 17
71 54
91 89
7 106
124 24
10 106
32 34
30 115
7 92
99 31
90 82
121 1
53 88
57 33
40 128
58 98
75 67
126 50
121 38
62 90
42 33
41 1
87 12
73 84
10 6
94 57
79 44
96 128
15 103
29 1
72 1
51 5
124 36
29 9
113 104
69 12
1 78
32 56
66 1
73 98
4 59
114 93
27 49
2 23
120 23
119 6
41 130
41 123
93 106
122 82
25 45
100 81
18 23
40 56
46 44
95 121
10 47
2 66
15 38
114 111
10 86
91 97
86 111
129 81
80 82
79 51
114 100
2 128
91 31
83 64
51 30
117 82
125 47
79 80
101 92
73 5
29 81
20 50
61 89
89 57
71 53
125 67
26 75
10 66
15 17
25 43
116 97
83 20
32 105
90 59
57 104
61 93
32 133
96 106
2 21
86 88
23 132
95 19
35 92
6 128
127 132
122 3
99 101
84 26
40 123
83 92
13 80
94 36
95 70
20 38
77 37
120 1
99 97
8 127
83 60
114 12
87 42
114 80
123 3
98 111
77 63
114 98
7 12
38 59
100 17
8 78
32 2
29 106
40 103
22 52
85 42
46 6
41 16
68 120
17 39
83 12
90 56
74 44
118 124
98 131
30 75
58 107
16 120
122 59
5 104
94 7
131 86
18 36
83 88
68 45
83 57
76 34
29 119
101 52
125 89
102 31
16 23
126 24
90 53
65 68
9 8
91 120
90 42
22 63
28 117
119 85
11 48
74 67
66 49
65 63
42 78
29 49
17 12
28 4
30 81
73 14
40 42
2 81
104 19
93 121
122 46
133 119
2 52
122 55
5 88
74 66
16 67
101 26
40 127
133 5
89 36
40 115
95 38
43 88
26 34
13 115
107 23
68 132
56 106
119 113
2 113
108 26
97 67
37 25
28 20
95 45
125 7
129 99
76 89
80 121
15 112
113 63
91 19
108 117
101 43
118 116
87 51
18 6
129 56
79 123
99 56
22 75
61 25
55 57
90 71
83 34
98 17
100 123
93 26
28 10
133 44
55 53
118 60
108 123
73 85
112 70
79 98
83 6
73 45
73 26
116 69
40 35
25 120
16 27
100 1
122 85
79 78
88 12
39 49
108 27
72 48
68 71
122 126
28 102
109 81
124 23
116 27
13 60
87 49
73 52
28 53
127 33
122 67
91 6
37 4
28 1
17 67
25 82
122 18
7 18
22 116
111 1
45 107
8 108
25 24
65 49
99 52
7 23
10 51
63 12
17 26
43 6
79 3
119 30
95 91
14 36
118 95
119 115
72 75
15 92
71 70
58 117
37 103
113 4
98 5
77 26
57 128
29 25
2 54
30 123
90 92
114 86
129 93
53 111
25 3
102 48
63 43
41 9
46 25
28 16
121 78
84 97
57 48
65 37
127 78
131 5
99 20
94 67
69 50
22 45
77 121
122 64
9 127
83 105
62 115
40 20
109 75
79 103
130 3
10 82
49 44
4 33
122 78
46 123
14 8
66 21
42 60
37 85
28 43
98 84
37 128
2 127
129 26
90 93
119 3
101 50
51 88
16 35
53 1
21 23
90 60
75 115
45 63
105 132
41 116
37 92
91 103
46 66
28 59
113 97
63 101
118 59
133 42
31 49
72 19
84 105
62 35
61 85
84 117
9 123
57 120
70 50
13 116
41 84
47 111
86 132
37 23
83 84
19 92
18 124
108 44
80 44
90 27
102 24
11 108
1 6
130 89
65 98
32 51
74 51
41 44
74 47
74 53
65 93
94 121
117 107
103 67
36 60
103 6
111 132
41 133
14 103
10 92
14 34
117 120
64 60
65 55
110 90
37 9
39 69
41 68
94 38
57 36
116 31
74 86
123 70
61 75
87 47
57 111
107 38
76 90
99 49
133 31
123 69
29 129
41 94
118 81
125 39
58 49
27 50
119 53
129 67
9 121
72 125
109 30
90 85
86 82
3 92
130 34
32 98
10 126
66 78
87 108
91 11
4 105
129 8
40 26
64 132
32 99
62 20
30 70
114 38
76 45
18 19
21 69
97 127
22 120
81 23
55 38
89 132
102 1
51 120
52 75
79 30
91 128
18 43
101 36
66 43
73 66
9 55
52 70
29 31
99 45
9 48
63 102
82 23
65 15
73 99
13 71
66 53
133 16
73 87
90 131
30 6
131 128
116 75
91 90
109 79
95 43
33 78
7 67
84 124
126 4
114 58
119 69
2 90
94 9
125 68
72 113
75 6
127 115
125 90
61 107
113 70
117 123
85 20
74 64
79 130
130 53
5 3
21 92
46 26
2 59
10 21
94 47
110 66
90 121
99 18
117 57
124 102
43 12
29 42
93 3
31 19
15 42
22 8
131 17
28 97
118 98
91 12
58 21
43 21
116 55
80 105
114 92
125 82
11 75
75 103
41 61
