118 618
21 103
89 45
107 56
116 54
3 63
78 85
3 86
3 78
91 47
112 84
55 40
11 91
94 114
76 47
8 55
12 28
28 99
69 50
31 18
46 105
34 100
60 56
24 116
77 53
47 108
93 21
57 71
49 29
116 112
111 71
73 78
45 118
73 88
104 6
116 96
60 86
25 115
9 68
91 21
112 80
101 70
11 50
58 56
1 51
89 4
8 107
10 83
66 109
12 82
113 39
101 96
73 83
29 81
46 68
24 4
37 25
54 83
41 3
106 2
60 8
70 39
23 117
51 56
4 103
84 93
112 20
90 103
12 26
44 97
77 35
68 117
104 65
66 50
5 25
111 4
73 77
47 21
46 101
98 96
24 108
93 55
54 84
113 85
9 115
44 21
22 36
71 13
19 97
69 74
62 75
64 21
84 32
116 83
49 86
104 115
15 52
102 74
13 59
66 31
98 87
48 45
80 103
89 91
32 17
76 105
68 99
19 85
38 74
73 105
71 86
11 63
77 6
6 114
69 97
3 60
59 108
20 85
60 82
107 50
19 48
39 90
58 118
24 86
115 114
34 92
44 61
99 18
68 97
78 103
9 20
85 35
91 51
12 65
3 118
8 47
10 72
54 108
46 99
29 83
68 78
40 103
110 63
113 59
43 45
64 118
109 103
79 107
10 17
51 33
110 43
8 25
76 42
19 83
5 100
53 40
61 42
8 21
110 28
24 3
70 81
47 74
9 70
64 67
43 59
76 114
56 21
37 35
112 63
63 20
45 51
107 90
91 84
23 105
92 10
15 26
57 14
118 35
82 61
118 81
15 88
49 35
3 1
86 99
66 118
22 117
46 8
81 33
43 2
58 75
88 105
77 72
46 75
78 37
41 98
111 82
44 36
46 60
113 73
30 103
13 87
101 117
92 25
78 92
20 56
61 87
42 86
89 77
26 102
97 14
48 40
62 112
107 97
110 47
44 81
73 87
11 60
65 17
86 33
68 70
67 56
12 38
115 109
44 98
89 103
104 71
65 21
67 37
22 61
1 71
12 6
42 105
5 96
113 8
24 36
41 42
102 17
103 105
48 1
102 29
49 117
4 14
57 17
22 72
5 38
55 17
22 106
48 53
25 56
45 31
22 34
75 86
63 70
42 85
61 40
47 32
67 21
48 78
93 80
104 105
104 80
28 80
49 40
76 7
6 35
110 30
113 95
5 55
16 3
113 52
95 32
67 6
41 101
12 33
35 18
48 95
98 70
48 66
89 117
47 114
112 30
6 117
5 114
19 63
48 15
111 44
112 26
118 103
49 32
70 80
66 78
27 71
106 76
66 37
11 75
62 105
9 107
110 115
22 8
24 25
49 90
9 32
68 32
5 51
12 95
46 59
41 92
11 42
34 95
16 43
48 29
56 118
109 18
71 81
55 2
3 21
43 31
68 31
77 52
12 25
68 63
95 57
84 86
34 7
9 77
15 59
38 29
43 65
93 118
102 14
34 47
58 86
78 10
23 31
79 72
6 59
51 97
75 52
3 53
100 83
9 73
95 96
84 37
89 38
36 77
82 26
34 40
102 33
93 108
63 7
112 45
48 104
47 57
12 10
55 20
63 33
4 33
36 21
34 63
92 117
12 115
47 99
3 4
22 19
68 38
106 13
82 14
69 90
114 18
47 97
3 116
43 42
9 78
100 18
11 9
19 110
100 29
34 50
5 20
3 79
34 53
60 52
73 10
42 25
3 52
94 36
70 115
39 74
36 90
104 50
5 40
92 80
98 38
39 114
66 112
44 18
1 35
91 38
23 95
34 26
77 65
61 95
43 104
89 30
75 4
24 111
98 39
54 95
5 35
9 100
44 29
41 86
9 45
68 29
48 72
28 96
117 97
117 108
90 18
34 108
23 102
78 117
15 49
95 108
78 52
30 87
8 72
76 103
63 97
68 72
72 90
75 97
45 8
23 72
82 7
41 12
36 56
106 53
41 46
17 118
89 104
58 98
60 4
82 92
89 26
39 18
5 17
61 49
89 61
91 52
79 1
114 103
62 8
20 74
20 105
48 65
75 17
48 61
71 97
31 20
96 87
58 83
9 95
34 70
69 7
94 50
58 95
41 80
31 10
11 59
5 64
1 99
12 87
41 51
113 86
102 20
63 96
3 40
116 84
16 84
116 30
11 36
5 76
12 105
3 7
28 32
9 75
16 102
65 114
113 72
89 31
31 74
116 1
47 56
107 29
78 71
38 56
68 96
61 97
22 110
76 50
80 118
5 92
50 90
59 87
53 90
24 105
27 117
62 52
91 107
77 96
98 67
66 72
79 63
107 80
88 6
117 21
9 14
116 94
98 30
32 74
60 55
112 51
46 104
12 90
52 33
34 2
31 87
3 15
36 114
101 76
80 14
55 51
111 26
66 40
22 1
92 109
55 108
94 1
73 5
16 73
111 53
77 71
72 117
68 40
75 47
84 21
24 71
19 79
106 47
19 49
106 103
65 80
58 4
91 26
64 92
11 6
95 102
16 82
23 81
58 102
96 92
113 93
48 27
48 91
46 117
73 82
45 39
19 87
16 31
110 91
80 52
58 67
101 33
63 114
110 97
66 90
113 80
66 38
52 83
101 4
63 25
100 75
46 118
82 95
68 55
3 82
116 88
78 72
65 56
41 11
4 87
41 36
58 31
43 51
58 12
48 43
28 18
111 87
15 100
96 6
91 79
116 68
19 15
86 17
5 61
98 6
107 33
60 10
27 7
48 3
60 42
59 103
89 100
24 23
67 81
96 4
103 18
114 99
