60 339
42 51
52 29
1 47
10 9
31 58
42 22
58 16
1 59
47 11
59 39
13 42
13 58
23 24
41 59
19 25
21 33
59 3
53 13
52 27
17 37
27 35
2 12
7 40
31 51
21 34
23 29
44 32
51 29
50 30
37 39
35 34
32 24
18 47
24 36
48 9
1 51
18 27
27 8
22 6
22 59
45 34
31 21
28 36
52 43
20 16
43 55
2 6
59 25
18 48
2 22
47 54
11 35
33 29
7 5
48 21
52 54
4 56
11 25
20 25
46 16
27 29
17 52
21 29
60 29
17 5
1 16
4 1
54 34
15 6
13 25
39 55
7 9
15 28
60 16
1 37
42 59
53 16
5 36
17 16
54 29
48 46
28 13
38 55
48 51
4 8
24 35
23 30
54 36
9 40
4 52
15 24
31 12
33 25
31 7
52 51
2 35
15 48
60 34
11 58
28 55
47 59
3 55
15 50
23 39
51 36
7 55
41 42
17 54
52 22
37 44
51 49
32 43
7 16
17 51
10 21
49 55
1 49
20 54
54 25
4 19
4 7
30 21
60 36
44 43
3 6
53 22
47 49
51 11
38 14
57 28
10 40
4 40
1 28
38 51
50 7
27 38
26 39
23 6
48 49
19 57
22 36
15 59
50 42
4 28
13 43
52 48
51 3
17 56
57 3
29 34
20 21
17 53
53 39
45 42
1 27
14 24
31 55
52 34
60 32
27 34
40 34
9 21
13 39
26 32
19 3
53 32
51 39
50 10
47 5
32 12
2 52
58 24
20 44
52 59
41 35
41 58
19 38
54 28
9 3
5 33
17 44
5 32
57 46
44 3
43 16
54 12
60 49
21 58
17 14
14 39
26 8
54 7
2 11
42 32
30 8
1 29
26 55
9 55
3 39
14 16
37 14
9 35
51 58
41 28
18 55
37 5
17 23
50 8
17 33
30 37
22 29
59 11
5 28
58 35
23 42
46 55
38 44
56 58
21 35
10 60
15 23
18 59
4 47
4 24
17 11
22 49
23 5
26 1
20 9
41 21
31 36
41 9
2 13
5 40
56 25
44 55
43 49
48 39
15 39
43 34
27 49
38 42
41 13
20 51
31 6
38 33
21 11
2 3
30 49
10 24
41 43
17 40
10 47
15 37
53 42
52 12
30 31
52 7
18 25
30 33
18 45
26 37
57 14
15 51
42 25
58 34
41 29
15 16
52 39
38 11
41 27
30 35
48 58
44 14
10 2
53 59
60 40
17 6
11 16
19 29
50 25
30 57
31 11
45 58
50 14
45 59
30 27
57 35
37 24
23 31
28 9
30 40
2 34
18 11
6 24
22 58
50 39
14 25
4 34
7 49
4 2
20 34
38 45
53 21
26 31
38 22
40 43
23 21
32 35
23 37
22 12
10 59
28 56
41 32
19 40
2 59
37 13
7 45
50 32
8 33
1 38
2 45
18 58
7 3
4 32
20 31
50 6
42 24
14 40
32 25
31 57
1 2
22 40
50 11
23 46
46 44
1 20
41 24
52 45
