46 350
35 42
1 9
32 42
14 20
30 33
16 41
6 45
24 40
46 37
31 10
33 18
27 44
4 9
37 25
29 20
16 39
46 25
31 35
3 10
3 22
41 42
3 26
19 26
4 1
11 5
22 45
21 31
34 40
34 14
31 30
2 25
37 43
24 46
8 32
14 30
39 33
27 46
13 25
19 42
16 28
32 31
43 45
24 31
13 35
39 43
27 6
46 33
27 45
17 45
43 2
24 25
27 4
5 35
14 17
9 7
5 17
4 45
46 22
38 3
43 15
21 42
44 18
24 8
2 40
11 25
21 3
29 19
31 36
2 36
16 9
3 23
34 18
32 39
31 2
16 46
44 6
27 26
39 10
15 22
19 25
10 25
31 6
31 3
32 9
46 45
31 37
20 26
15 36
37 36
4 25
44 29
18 36
29 15
14 29
16 38
43 3
11 15
19 15
38 25
41 5
24 36
4 5
7 20
17 26
14 3
8 10
13 42
30 26
4 23
25 18
40 36
8 39
24 20
45 42
28 7
27 36
8 9
28 12
32 25
14 26
16 17
11 39
37 10
23 36
7 15
30 9
21 38
21 37
7 19
33 25
29 9
44 13
46 29
10 45
31 26
9 25
16 35
30 45
34 9
33 10
12 10
14 13
1 10
31 39
35 26
27 17
16 25
25 26
37 2
11 20
46 14
28 20
11 8
27 12
12 30
46 3
24 4
27 7
12 23
28 9
8 7
34 35
27 35
10 36
16 6
32 26
8 19
16 18
29 35
1 14
46 5
5 42
46 31
19 23
39 19
14 7
13 18
44 3
24 5
46 11
43 10
20 36
20 23
34 17
16 43
11 7
31 33
38 29
4 17
29 40
16 42
39 18
32 23
16 5
29 10
24 41
21 45
44 30
46 10
15 45
31 23
14 12
9 43
7 5
41 40
22 40
46 18
3 17
9 6
1 45
24 11
44 31
41 20
14 37
21 1
29 31
7 42
38 8
6 33
11 9
8 44
24 9
27 40
44 10
21 9
13 30
19 10
37 20
11 42
38 43
46 17
37 19
32 37
28 19
27 20
16 30
43 40
30 5
5 22
37 5
7 10
27 9
41 4
16 19
9 18
34 25
38 34
7 22
32 43
12 36
12 37
11 36
17 23
12 3
4 7
17 40
44 23
1 6
19 36
19 2
13 5
8 22
44 39
41 45
29 45
9 33
44 9
43 25
39 36
37 26
29 22
34 7
32 10
33 26
14 43
12 22
25 45
5 6
39 17
43 18
4 14
38 17
14 10
38 26
3 42
46 28
46 13
41 30
46 9
9 35
25 20
34 15
2 45
32 18
4 8
40 23
28 43
21 40
39 22
27 29
8 12
12 32
3 2
45 23
16 8
44 35
27 22
35 20
7 40
4 42
10 2
8 36
14 35
24 18
34 2
1 26
12 33
18 40
28 37
33 22
31 20
24 12
21 44
17 35
5 18
13 29
4 31
21 2
16 22
22 23
1 25
41 7
11 22
8 28
38 45
16 10
37 23
21 39
5 20
31 17
14 23
41 31
1 13
38 35
14 15
38 12
46 44
38 1
41 37
43 35
