150 741
116 140
92 27
1 98
7 149
64 88
97 93
81 112
110 23
137 12
107 101
54 119
22 52
58 145
142 98
102 137
92 13
30 39
65 104
71 85
145 104
87 149
113 49
1 149
92 12
4 122
13 66
45 35
55 108
146 138
15 80
128 150
124 91
2 133
29 91
139 62
15 130
83 24
32 148
58 50
79 25
11 90
42 63
147 123
61 44
9 70
18 116
59 98
105 122
70 148
128 18
72 17
67 150
63 115
112 80
94 98
150 64
81 41
138 65
95 127
102 73
34 94
86 32
16 13
61 77
50 23
92 104
88 19
21 103
108 38
113 109
5 140
45 98
113 90
8 112
20 78
68 93
20 88
2 12
1 140
62 117
81 8
30 26
30 111
72 68
110 80
32 116
53 103
64 134
14 78
20 141
46 89
127 149
124 14
118 135
77 44
150 135
99 60
120 82
58 147
62 84
80 104
96 10
148 27
79 133
3 73
53 28
20 77
58 130
70 60
86 58
28 68
21 66
113 64
77 27
8 52
53 112
105 5
1 91
47 27
113 140
123 12
34 68
123 24
48 2
79 38
74 7
31 63
99 20
118 98
120 118
102 87
83 109
14 98
34 24
4 100
150 123
97 98
106 23
129 98
118 88
72 13
71 120
139 63
114 73
110 140
81 12
134 80
55 87
1 127
71 102
58 137
57 135
110 119
103 13
84 93
32 126
40 90
77 104
21 133
67 34
79 88
16 3
92 30
144 106
48 13
117 109
66 69
132 33
100 47
93 91
15 58
7 63
99 85
32 3
49 100
137 24
38 145
99 23
37 108
9 67
15 108
132 112
124 94
147 37
97 125
50 64
3 140
105 140
39 122
21 140
96 4
150 43
138 111
74 104
138 10
54 27
120 39
86 72
60 33
96 23
150 134
143 75
83 107
48 75
120 119
7 85
143 83
131 2
59 33
73 54
13 129
134 31
96 75
114 28
79 26
129 35
18 148
114 41
106 68
18 141
113 94
29 54
64 65
99 64
62 106
145 90
119 19
86 69
121 75
138 141
119 145
49 59
40 56
113 23
63 10
37 36
141 19
121 100
145 57
54 26
70 85
118 25
55 7
92 55
132 18
20 14
45 29
5 139
144 127
128 99
117 30
37 93
117 27
136 24
54 57
75 142
37 73
148 68
101 40
113 108
105 54
72 42
132 115
9 150
117 50
88 52
139 99
100 33
81 79
83 33
29 26
124 108
74 84
150 13
34 76
6 89
144 12
77 40
54 36
141 112
143 34
28 14
86 54
87 119
51 129
29 76
120 36
84 26
52 24
22 104
62 101
12 135
28 140
114 2
55 18
81 133
120 122
71 103
55 129
117 29
25 31
4 10
92 49
124 146
60 14
136 5
119 78
128 34
65 85
15 53
30 104
50 140
28 19
60 77
117 14
25 41
53 145
56 39
93 76
56 116
84 109
57 126
113 150
54 91
147 126
66 24
56 69
8 63
72 77
144 69
128 132
71 91
25 85
54 63
95 22
64 19
15 91
36 91
86 147
95 20
66 68
117 8
144 66
127 40
112 33
95 145
114 130
95 142
148 33
96 143
64 76
79 119
67 121
19 140
100 59
113 15
58 123
32 60
51 19
102 149
13 25
16 41
7 8
141 59
105 22
131 85
65 142
51 116
127 56
32 43
58 12
78 27
68 44
131 142
79 140
128 30
102 7
32 22
81 148
106 140
42 20
106 36
86 38
150 28
112 69
137 60
51 64
84 44
48 150
96 107
50 73
16 23
3 138
40 47
12 88
137 40
7 24
45 104
84 33
97 69
45 62
83 65
35 19
124 88
95 78
143 31
83 122
144 91
133 106
48 30
58 54
143 99
73 59
32 52
66 89
109 24
88 77
118 22
86 41
29 57
55 28
102 113
18 137
143 109
113 92
69 130
71 106
106 115
74 115
131 139
61 140
29 63
3 77
6 88
70 133
48 25
129 126
20 54
74 121
107 116
141 78
120 86
79 54
67 25
32 54
62 12
16 149
23 98
72 73
115 76
16 73
127 111
108 77
39 115
120 21
36 57
96 99
99 103
117 106
16 30
7 50
96 90
84 119
81 82
6 65
2 146
2 47
45 20
58 39
86 28
150 34
50 14
21 58
49 40
133 31
92 34
8 119
81 140
124 66
31 30
106 46
11 39
84 148
105 69
110 147
107 47
138 54
61 90
55 150
11 98
36 111
146 78
149 33
138 123
117 129
144 129
37 12
21 141
42 18
83 89
149 142
148 135
21 89
143 2
51 28
133 59
46 126
48 64
45 55
84 24
60 90
82 145
21 2
5 104
110 84
82 90
42 79
124 60
41 57
62 57
11 119
147 109
128 134
11 52
135 115
102 66
4 24
12 40
119 104
123 108
127 31
62 115
36 100
59 23
97 141
113 41
144 17
105 94
136 98
74 12
105 139
65 135
133 4
121 147
124 70
77 41
54 140
15 68
99 121
41 33
74 113
54 68
45 76
62 52
92 8
21 106
85 116
124 63
149 23
28 126
67 108
20 75
125 129
136 35
149 122
143 94
143 47
13 112
114 65
4 17
15 63
83 11
4 78
48 98
7 47
111 33
2 51
81 107
64 30
103 146
58 65
120 121
69 78
42 40
45 115
125 73
125 38
67 98
120 98
87 148
128 55
113 142
68 14
74 130
99 117
69 23
16 52
86 5
47 39
79 41
118 144
149 57
2 117
86 16
54 85
83 12
86 37
3 38
58 77
11 29
103 104
86 135
31 77
73 10
41 47
3 91
131 89
136 131
136 23
45 118
128 142
63 135
136 142
128 78
124 89
141 24
35 90
67 141
15 66
139 145
96 115
31 39
36 82
124 148
54 47
8 44
128 149
22 40
92 60
48 121
70 8
53 88
72 93
144 111
91 126
113 118
109 141
137 80
87 97
62 10
58 24
110 20
113 24
53 116
102 56
75 10
96 26
123 145
87 135
2 130
55 138
134 82
29 115
70 57
124 56
136 44
132 111
22 57
114 51
1 31
134 12
6 107
110 130
113 149
25 126
114 123
91 145
113 30
139 123
81 85
74 87
96 122
96 62
45 42
88 80
134 39
125 17
4 148
74 135
139 115
79 146
66 111
95 4
139 92
102 80
71 43
79 77
42 111
128 8
118 149
127 33
114 54
29 33
117 125
15 64
28 41
13 106
144 19
124 116
123 22
13 104
37 90
123 78
114 56
71 80
85 112
99 35
112 10
51 25
74 123
114 40
92 28
42 60
97 135
132 108
66 38
51 89
71 37
34 56
73 116
134 108
145 126
48 1
21 65
146 49
55 8
65 12
96 121
14 91
96 111
26 126
