248 954
98 179
221 57
153 134
23 84
5 96
189 174
199 49
128 176
57 137
180 230
123 54
138 21
55 174
96 120
65 86
180 157
55 236
120 132
16 209
158 90
170 102
60 134
125 179
84 148
248 176
42 86
58 102
24 2
40 81
219 89
48 189
6 147
134 105
16 225
160 189
161 68
52 137
191 231
31 215
26 4
12 9
77 179
169 70
170 84
168 41
86 102
152 124
210 202
50 126
65 50
17 78
192 206
36 127
8 105
154 76
235 33
182 119
196 122
118 25
11 134
95 85
239 141
169 41
81 134
119 206
88 171
140 77
42 199
12 136
97 112
97 197
94 21
55 34
64 156
243 223
35 83
195 99
76 130
120 154
32 248
31 85
140 204
133 234
219 29
123 184
3 20
64 144
24 219
131 182
37 228
58 1
164 248
11 127
11 168
3 131
219 75
88 70
91 98
119 19
211 168
177 233
239 170
89 167
41 137
11 197
248 76
183 174
72 44
210 154
223 61
99 165
119 114
180 175
45 246
101 62
191 49
38 152
36 191
162 212
164 155
18 71
90 62
228 159
173 89
86 28
140 147
111 137
206 175
8 220
240 171
243 74
219 137
206 109
45 75
207 161
165 90
40 71
118 140
13 197
93 189
26 206
205 222
39 113
80 174
180 50
207 153
248 86
112 27
164 104
93 182
51 95
180 193
87 93
133 126
15 84
55 112
32 132
161 149
5 75
36 167
20 98
150 133
192 203
53 3
149 167
221 44
35 236
11 203
164 91
242 224
11 129
48 126
97 126
83 130
92 200
196 194
51 170
196 41
161 1
120 105
63 39
214 92
157 109
150 35
61 167
107 9
12 170
139 62
177 193
10 32
12 120
52 230
35 159
43 109
64 159
217 101
109 15
48 119
188 163
120 149
242 111
216 109
158 205
63 27
213 229
247 232
138 203
40 153
64 113
201 1
125 154
124 76
10 79
99 101
163 196
70 157
60 184
119 202
120 227
151 102
35 34
243 141
207 154
241 27
178 114
180 84
125 170
231 137
163 157
155 86
54 234
93 162
198 96
144 170
160 114
169 2
178 175
43 138
181 103
193 183
120 209
115 44
125 78
115 117
49 127
207 205
216 176
198 33
32 66
102 124
213 114
152 132
10 172
11 128
63 70
237 136
128 245
48 124
169 125
218 54
177 149
237 73
10 125
25 48
155 245
91 206
17 165
219 109
208 236
63 175
218 62
58 86
121 240
88 129
224 28
6 11
163 162
53 214
241 190
30 219
60 21
104 129
148 1
16 91
223 147
233 184
34 98
218 220
159 75
247 132
25 51
88 62
133 207
97 195
140 40
68 105
53 187
72 132
236 83
153 41
63 232
129 222
3 231
198 131
123 222
52 190
243 59
106 184
140 60
171 167
198 111
160 56
178 117
55 152
243 241
53 210
199 245
135 74
21 108
18 212
77 225
151 183
72 114
227 217
127 96
112 231
155 142
172 152
127 90
87 9
198 40
164 245
145 159
147 110
179 117
215 185
219 104
86 69
17 228
67 76
70 20
3 104
194 156
80 60
164 151
73 174
12 121
186 189
36 178
233 41
100 206
58 181
214 106
11 106
71 203
228 226
4 114
25 159
86 116
47 162
219 245
155 12
65 80
232 139
59 233
156 130
33 246
19 175
162 148
168 231
199 190
223 156
64 145
150 13
86 92
66 226
104 175
229 101
232 231
197 80
146 209
147 187
224 205
112 173
206 245
29 130
237 37
49 230
199 138
7 75
216 248
82 220
191 79
198 189
91 214
70 15
166 89
122 14
218 143
243 194
11 137
82 76
47 208
94 75
242 74
93 227
229 240
198 115
220 167
213 60
82 8
123 39
3 126
198 187
237 22
72 152
247 102
125 62
178 83
215 153
133 135
198 124
91 70
34 135
8 247
203 176
107 149
49 62
188 177
140 127
218 24
207 1
191 244
10 5
47 4
3 115
107 15
188 214
130 101
195 153
16 59
198 191
48 161
7 165
125 83
155 69
91 35
204 227
105 75
128 209
42 163
65 174
100 167
119 244
193 175
224 62
136 220
134 132
23 104
115 89
207 2
206 159
125 89
13 246
223 141
135 226
40 170
213 12
161 69
99 231
238 95
235 75
93 158
164 196
129 84
47 137
119 175
128 162
138 109
223 220
64 203
107 139
156 202
24 161
160 182
124 179
60 114
159 90
99 15
153 137
128 98
92 208
59 23
45 157
17 128
211 196
238 158
224 99
187 41
31 173
169 59
12 41
237 13
104 168
180 46
91 215
143 203
51 132
9 90
48 137
103 149
224 46
36 185
140 41
71 215
78 60
71 128
150 22
63 81
213 202
50 147
31 146
70 161
129 217
10 157
158 206
45 141
106 207
24 231
118 8
36 48
25 201
187 189
5 168
147 142
122 190
7 103
192 109
17 227
197 96
162 240
3 159
198 58
141 27
181 83
114 75
80 215
36 107
107 189
22 113
219 176
30 209
67 44
219 207
38 171
145 153
12 239
194 69
48 2
198 130
173 104
157 234
206 190
192 116
49 233
73 190
198 235
159 137
91 85
43 131
157 205
248 183
197 139
13 106
26 238
198 84
186 138
12 227
210 5
43 239
158 165
145 20
116 126
32 69
233 187
173 132
30 60
73 22
53 116
97 68
42 23
67 130
133 224
133 222
58 215
66 244
8 241
36 93
58 109
187 154
122 171
26 207
88 153
197 202
105 101
71 62
97 220
143 190
70 76
25 129
228 241
170 205
218 99
223 19
55 32
6 33
23 95
86 60
237 225
2 75
194 95
197 75
33 90
226 62
169 236
124 244
11 103
3 195
228 60
131 40
63 229
30 102
78 136
50 236
162 15
224 208
110 116
58 226
197 219
193 11
138 1
120 44
64 114
142 21
11 149
211 45
6 109
36 201
51 62
98 90
100 77
28 205
207 126
194 167
53 81
73 123
48 200
213 40
38 110
32 225
78 206
73 50
193 136
153 95
36 192
26 224
184 148
146 106
140 98
155 75
42 167
164 22
131 152
36 186
181 244
219 206
207 159
197 174
192 75
220 245
197 204
30 175
211 69
78 94
155 166
239 197
26 138
199 227
235 37
58 122
218 203
123 227
38 54
3 73
207 68
145 184
123 171
181 27
45 227
29 189
96 122
103 80
121 9
153 90
224 212
86 85
124 156
23 120
115 109
6 108
194 161
237 226
238 89
32 210
177 86
42 145
61 200
237 166
155 29
248 151
77 79
7 37
210 79
181 216
162 133
161 152
31 41
82 151
52 122
63 213
149 90
67 25
107 69
33 231
155 28
25 122
82 56
163 124
164 182
216 95
55 12
217 44
112 214
128 227
203 137
230 217
93 71
56 200
146 222
34 182
214 221
139 222
155 21
46 132
38 114
51 226
42 91
109 148
140 176
172 8
182 205
198 143
208 171
187 69
41 62
199 134
67 69
209 101
86 72
228 127
103 76
59 51
52 184
237 62
164 186
32 139
235 69
93 235
6 102
95 158
204 134
21 68
50 228
220 202
221 28
157 195
194 209
213 30
12 190
196 148
95 28
40 156
153 241
100 85
172 143
47 241
152 117
162 205
95 168
218 163
20 29
169 200
88 168
82 197
97 200
196 230
55 222
131 101
94 138
187 132
18 138
56 113
207 129
195 167
170 187
133 124
211 219
18 88
10 76
55 114
60 212
210 2
25 154
10 19
208 130
242 177
146 23
177 33
53 238
139 116
147 208
218 152
11 130
156 29
210 41
133 158
204 189
31 168
155 195
59 182
239 124
227 148
86 113
214 138
198 149
218 207
242 26
66 44
172 209
171 190
224 9
197 19
57 149
33 148
33 85
224 154
163 110
128 246
193 98
70 201
177 180
195 9
157 96
55 147
26 176
57 21
242 33
125 204
212 2
12 1
192 72
197 207
136 139
165 234
47 225
196 241
99 179
7 21
91 28
143 112
16 46
63 57
64 52
103 171
64 226
14 245
227 75
103 162
150 33
93 225
66 234
33 34
53 5
99 62
95 68
176 209
127 149
99 234
135 189
199 122
167 209
34 184
164 152
77 49
43 171
109 41
118 120
139 175
112 217
166 74
42 247
63 141
91 195
83 149
40 115
12 246
198 7
118 205
118 157
176 217
243 87
92 57
103 111
136 39
91 227
169 114
78 4
91 120
211 160
156 227
153 117
88 236
31 158
218 117
42 204
142 179
242 68
11 16
15 41
118 52
188 77
212 209
205 168
187 148
69 101
146 171
169 108
93 80
145 241
43 27
83 176
32 1
169 66
104 154
