69 616
55 9
64 61
69 32
6 53
31 3
11 34
62 3
49 20
32 55
13 47
15 48
8 15
6 52
8 62
26 30
29 49
31 46
6 19
29 20
55 19
62 52
23 33
23 15
25 20
44 32
32 35
44 59
66 1
12 15
52 34
38 6
5 46
25 53
45 10
5 37
7 34
53 5
49 8
52 58
68 37
63 50
49 10
56 23
26 62
6 35
2 26
13 44
41 55
30 1
33 22
30 24
39 17
27 11
27 19
18 22
3 48
38 10
17 53
64 7
44 20
55 3
47 24
56 35
34 28
40 45
61 19
8 36
31 61
21 37
20 35
19 5
57 48
34 33
47 59
38 54
23 52
60 28
39 28
7 33
26 61
25 26
61 41
66 16
26 64
47 44
46 22
55 37
1 54
63 33
20 22
66 28
62 34
7 10
30 52
38 12
67 55
56 6
57 61
18 48
4 55
15 59
40 35
67 3
4 34
66 42
56 42
8 48
41 1
30 20
62 9
45 12
51 57
23 62
49 3
62 16
4 23
6 27
14 32
27 34
25 50
25 44
62 22
49 12
21 55
19 33
63 59
52 48
26 20
17 50
18 42
39 18
69 24
29 17
44 34
3 9
11 22
65 53
38 19
14 69
26 33
49 14
26 65
25 29
36 50
6 5
39 3
64 22
62 45
14 42
60 8
68 7
26 8
32 15
22 42
17 19
40 27
47 58
55 35
60 37
13 30
63 48
45 3
56 22
40 59
26 29
56 24
52 18
38 66
45 9
44 50
51 53
44 28
65 58
39 41
51 64
4 38
23 44
40 55
52 36
25 18
1 5
39 44
43 15
36 22
14 45
60 7
31 38
15 9
65 39
29 16
20 46
57 20
68 19
57 38
61 45
65 5
49 62
8 30
49 15
47 45
38 67
4 35
35 54
6 58
64 67
1 9
1 37
30 5
38 5
57 11
63 30
60 59
5 58
57 58
44 67
41 33
19 58
43 23
69 67
44 15
17 55
6 59
45 54
68 13
68 3
30 37
25 35
32 18
56 47
1 59
6 16
49 58
43 33
62 35
65 3
69 59
48 28
4 30
44 24
39 34
33 10
50 42
13 45
24 58
47 62
34 3
69 18
45 37
29 15
8 9
61 6
2 8
24 28
51 12
14 59
63 3
62 50
52 7
31 64
23 5
52 53
47 27
69 7
57 34
2 38
43 40
60 41
43 24
27 20
13 1
51 44
47 7
51 32
43 32
31 58
68 63
4 39
57 62
1 33
12 28
51 3
35 1
1 16
48 22
14 27
52 22
25 41
16 58
29 37
64 5
63 16
25 21
67 42
49 61
19 3
51 52
34 58
65 50
25 59
29 34
40 32
6 3
6 7
49 40
41 62
7 42
24 45
29 10
33 28
17 67
63 45
2 35
39 10
17 52
41 48
4 51
25 46
14 63
38 35
26 63
11 59
8 16
67 12
2 28
14 9
29 5
29 64
53 33
25 32
44 27
19 22
6 10
55 58
29 50
43 6
38 63
63 1
5 10
37 11
62 58
41 18
43 16
63 46
67 37
1 28
20 33
63 34
49 5
57 21
2 27
29 45
36 19
49 54
26 49
18 54
24 21
45 34
68 17
27 12
61 23
6 36
17 23
43 39
8 5
4 21
1 11
6 15
25 11
11 9
30 34
68 34
27 42
23 37
4 44
36 21
40 21
63 56
13 37
4 11
38 21
44 7
64 48
51 6
67 15
55 59
14 8
23 66
45 27
49 59
32 20
69 35
11 10
39 13
27 1
68 55
64 69
57 44
61 67
62 54
68 64
36 3
45 20
61 58
41 37
26 31
30 15
14 19
31 50
23 50
12 59
56 53
23 34
65 56
7 59
6 46
28 22
53 66
3 42
13 20
51 10
21 50
68 50
19 1
56 16
62 53
64 66
2 16
43 34
30 42
24 37
65 19
40 47
4 56
63 15
31 55
35 3
66 33
43 50
27 5
13 67
49 63
66 10
24 20
52 20
13 66
43 54
61 30
43 10
65 46
67 9
13 16
31 60
44 66
30 33
67 52
66 22
63 8
2 53
65 21
26 15
53 27
49 17
19 18
54 16
44 19
56 20
39 15
43 18
68 24
65 7
12 58
15 50
61 54
33 16
63 54
31 7
61 39
7 46
64 33
63 6
51 13
47 12
29 39
61 18
57 59
38 56
19 42
43 65
29 68
64 37
41 44
44 53
4 66
5 42
23 67
65 18
8 44
56 19
15 22
62 33
68 9
38 42
31 68
63 39
45 55
67 50
8 32
19 37
3 33
33 54
63 55
62 7
51 38
26 60
20 3
23 59
33 42
61 47
8 66
2 4
4 9
14 22
38 9
69 57
56 13
16 10
20 7
8 67
31 47
29 41
37 16
23 3
40 34
30 22
34 54
57 42
26 16
68 38
63 11
43 17
67 45
31 32
30 18
31 33
11 15
26 44
69 22
31 9
56 48
35 5
69 12
47 3
63 18
5 15
40 15
38 52
24 36
47 34
56 54
4 52
52 33
8 24
29 24
12 42
60 22
40 39
38 55
17 3
47 16
39 6
47 32
60 18
69 33
55 18
64 53
14 1
53 59
7 48
52 54
23 46
40 53
27 58
38 17
39 48
23 6
6 20
55 34
51 45
8 58
51 31
49 47
32 46
4 31
53 11
62 12
39 62
13 46
57 27
28 9
13 59
68 40
60 57
44 1
24 22
2 43
40 44
6 34
62 28
2 1
26 56
69 20
31 5
43 30
8 11
56 32
31 56
