296 831
184 139
199 180
124 61
122 164
184 71
145 30
88 109
101 55
119 68
224 50
11 216
192 166
240 274
202 75
92 39
203 243
191 190
122 173
170 277
266 195
170 72
100 113
119 235
213 197
184 109
2 256
183 165
283 51
153 208
22 289
252 285
265 256
83 254
108 57
280 71
194 232
214 209
163 176
197 254
229 27
107 139
226 2
111 69
159 168
55 105
186 232
132 137
48 10
135 252
25 47
99 220
42 231
146 144
267 173
294 155
122 207
187 41
271 4
82 29
113 115
16 136
103 259
266 254
147 45
21 208
144 56
255 227
16 52
296 274
98 195
95 37
269 47
224 129
148 69
164 118
213 218
49 56
287 71
66 141
143 254
89 188
244 207
202 130
31 84
3 222
110 52
286 195
147 83
252 214
158 31
127 273
122 287
97 49
168 137
95 79
114 93
62 242
94 218
121 258
264 66
197 122
126 136
246 78
248 118
184 77
213 196
110 35
193 6
250 183
79 284
200 77
187 178
270 52
199 206
287 289
259 244
220 274
58 227
133 138
107 269
241 166
169 167
110 83
14 143
286 29
161 23
252 83
111 157
250 140
119 163
288 86
21 102
263 187
85 233
170 142
12 126
131 206
234 32
291 209
237 243
59 10
190 130
49 186
247 105
122 151
122 214
124 198
169 85
274 236
102 195
131 105
59 15
283 181
234 7
217 163
47 176
260 132
183 195
294 208
122 121
296 133
79 245
156 41
59 206
136 70
288 161
224 193
275 112
277 48
102 285
294 52
90 204
99 126
25 136
133 28
276 123
112 284
153 56
191 86
214 257
282 269
252 96
222 43
91 23
159 49
241 169
26 176
72 79
149 27
10 51
240 13
260 181
62 58
241 244
82 143
294 61
44 67
221 290
198 91
258 223
158 289
5 172
250 269
140 232
275 4
157 167
60 223
244 211
258 137
64 225
111 14
27 273
219 231
145 295
204 209
160 39
11 86
190 45
186 212
246 207
29 36
101 112
49 47
8 119
25 215
74 256
115 69
255 90
278 142
39 45
257 86
113 65
127 112
225 83
220 55
160 247
272 91
269 28
265 105
226 40
107 91
248 206
21 253
255 164
198 145
9 176
17 21
120 84
286 114
119 33
34 254
141 210
224 104
69 188
39 138
126 141
268 287
229 195
2 147
277 57
142 139
203 132
182 115
69 230
68 189
74 35
94 293
234 13
152 52
124 291
50 146
190 211
261 207
166 173
263 264
286 9
192 188
280 206
286 50
88 75
296 152
222 6
274 3
216 188
277 38
272 182
265 77
90 79
130 181
30 71
199 189
216 9
290 256
125 291
10 233
125 295
177 57
199 120
222 139
63 102
260 54
251 227
98 287
27 140
101 52
283 174
85 185
16 55
132 28
216 267
251 151
280 142
89 227
3 43
107 150
55 206
50 9
90 202
169 91
125 1
109 212
279 141
264 97
200 75
89 67
33 71
238 60
117 47
22 236
135 58
172 243
184 204
114 89
127 97
281 249
137 91
125 242
14 239
288 252
190 174
107 77
79 76
277 245
294 175
125 131
60 185
264 189
158 33
275 249
116 219
251 77
104 154
155 118
86 153
160 27
110 273
154 285
295 43
141 196
2 293
64 292
22 166
173 256
199 45
126 106
271 261
225 169
272 186
38 118
111 206
288 182
280 46
160 180
20 168
99 69
109 151
107 81
90 97
6 231
198 174
63 219
101 153
100 203
86 79
3 4
271 161
116 192
35 91
216 141
57 23
272 268
252 233
45 178
214 212
192 211
126 31
253 151
156 245
15 56
49 52
63 223
179 153
64 4
55 70
166 78
15 230
122 19
157 13
235 287
113 60
107 155
133 267
116 248
138 131
41 83
110 142
218 209
8 64
119 24
224 70
34 293
229 289
99 260
276 22
273 208
156 116
117 52
78 54
271 108
160 253
267 254
44 96
14 274
156 251
156 122
79 1
159 232
193 211
172 32
16 30
110 85
9 165
121 199
221 28
196 209
110 34
25 107
223 181
94 163
57 233
86 115
131 144
239 183
158 96
203 52
166 115
226 149
271 174
236 203
283 210
107 70
205 184
98 172
260 79
187 109
95 290
46 51
198 53
238 183
148 26
277 47
210 196
26 209
16 49
198 154
154 51
98 26
246 258
280 248
3 270
193 33
201 248
247 7
24 13
264 144
259 74
197 71
160 9
108 7
295 18
272 171
90 219
11 159
88 18
112 281
27 136
104 283
226 13
258 112
50 31
90 67
14 132
140 45
190 87
255 228
96 78
132 70
149 15
184 198
228 217
139 212
272 250
119 268
95 141
277 290
177 95
33 85
296 76
92 77
62 66
282 28
127 100
152 145
194 175
107 68
126 263
288 13
280 139
156 82
8 56
180 19
114 273
161 151
87 19
80 90
288 274
106 19
191 73
215 167
132 284
148 96
68 129
172 47
266 66
92 280
140 180
229 176
162 253
156 69
220 212
63 41
159 146
276 128
279 70
149 176
270 169
27 269
239 144
95 211
116 244
135 218
116 1
110 99
102 7
246 225
125 128
171 248
145 31
12 163
113 24
152 172
84 137
240 270
197 58
104 202
14 208
259 35
56 47
22 32
35 290
11 77
112 88
267 180
276 130
248 185
199 86
27 32
57 293
194 267
2 247
197 98
68 164
93 1
158 211
159 187
241 266
100 70
221 138
15 228
228 47
144 79
160 60
246 46
15 125
203 35
41 67
98 35
239 86
86 22
288 108
266 260
255 44
159 192
228 289
104 4
15 163
187 51
292 13
251 187
272 96
291 262
44 165
170 48
287 79
171 233
17 37
296 57
234 151
262 215
81 185
182 32
140 190
152 81
15 202
179 31
48 185
187 146
150 51
45 69
224 176
179 183
77 245
225 194
122 189
232 109
177 189
175 230
272 170
15 20
80 79
102 212
58 181
58 44
228 66
82 283
38 76
104 89
119 218
257 24
16 25
27 256
236 281
8 165
100 71
294 176
235 109
31 139
170 37
68 52
213 204
52 47
199 84
278 169
240 66
90 3
82 146
171 186
179 49
105 209
28 1
51 231
3 182
108 82
113 22
165 208
255 48
277 36
291 144
68 84
135 89
162 247
294 203
12 192
14 21
285 53
160 244
292 23
288 241
214 71
62 174
76 256
25 292
89 79
168 102
214 54
108 56
193 261
216 79
128 28
12 77
184 165
279 130
5 254
96 32
159 86
259 40
216 139
103 57
148 28
221 187
294 247
228 171
149 151
273 115
91 188
109 61
120 155
78 180
193 173
127 268
92 239
77 287
82 77
272 277
135 237
59 200
216 256
80 41
226 113
179 113
296 78
24 206
249 227
82 278
63 207
92 50
121 86
64 131
255 102
160 235
187 253
268 181
103 230
133 85
288 277
125 262
216 235
191 236
142 223
237 87
184 23
130 163
14 78
101 74
214 127
141 79
6 43
14 18
124 236
34 294
288 290
281 54
127 185
86 151
97 245
222 242
80 13
251 120
5 278
291 65
80 292
168 293
271 263
187 219
133 293
46 52
92 281
82 130
119 113
64 93
270 77
191 198
240 118
104 267
95 71
52 137
149 221
271 256
48 165
93 277
55 189
160 64
253 223
73 181
31 154
121 212
28 233
66 7
138 102
279 245
179 196
92 29
214 79
157 249
100 69
221 37
274 208
86 23
291 189
126 193
34 241
110 165
125 237
167 210
5 235
112 87
220 206
124 173
27 231
229 196
236 4
