83 322
56 83
32 28
51 82
57 65
70 28
11 46
33 50
16 46
4 28
29 23
10 24
73 1
55 81
49 23
80 43
80 74
33 7
69 67
75 32
16 51
19 24
80 66
7 34
80 26
33 45
3 36
14 79
48 50
62 82
48 31
1 78
35 71
6 76
75 31
53 82
17 13
66 46
12 71
55 23
40 71
41 49
67 71
25 76
50 46
9 15
68 31
14 38
2 33
80 21
33 28
48 42
2 63
43 45
36 8
42 82
71 82
75 52
12 82
55 82
40 78
40 15
18 74
35 47
8 44
6 69
65 45
59 1
26 72
55 22
73 67
9 73
12 38
75 38
6 71
58 46
64 1
1 31
47 34
74 45
66 37
14 35
6 17
11 12
3 41
39 12
53 34
77 60
51 13
16 10
68 15
72 36
26 65
25 23
77 27
15 13
54 58
9 22
52 8
1 20
18 42
61 40
22 1
13 8
18 62
57 37
53 58
52 71
2 59
58 82
16 73
40 60
17 22
12 58
8 60
43 29
11 60
28 27
7 73
56 23
22 5
18 19
72 17
80 64
43 40
47 42
14 17
25 41
22 78
11 70
59 13
75 60
22 31
16 35
43 37
55 27
33 76
17 29
1 45
51 12
68 72
4 60
18 4
50 21
74 49
75 48
15 78
14 16
42 46
14 23
39 60
6 15
2 48
40 67
48 47
36 67
17 24
68 19
34 24
66 10
18 26
34 42
10 58
19 21
15 44
1 60
33 13
48 81
2 60
3 21
43 36
69 37
9 57
39 42
75 13
32 29
73 70
52 47
80 63
68 12
14 41
82 30
2 69
1 28
41 1
9 47
56 13
79 35
52 23
43 28
74 31
1 29
19 13
72 74
80 76
57 34
59 67
18 58
53 49
74 1
39 26
41 73
83 8
70 1
79 23
49 8
29 5
42 78
63 56
7 66
2 53
18 2
75 63
79 46
64 69
34 58
6 51
35 77
80 1
33 17
44 78
57 30
19 74
25 15
22 54
11 82
52 27
32 50
16 58
61 23
71 30
71 5
40 56
62 69
48 4
51 20
49 5
56 29
13 58
75 11
64 81
62 28
35 28
63 29
3 31
20 82
59 8
41 21
72 41
72 15
19 20
39 6
5 82
56 66
61 52
61 64
14 47
52 49
2 75
29 60
75 74
7 56
58 30
57 45
80 61
48 67
49 65
83 60
11 29
2 28
2 10
32 8
80 81
6 31
70 37
47 28
48 10
19 67
22 30
51 15
47 21
2 29
51 52
58 29
80 25
74 15
68 41
64 45
62 67
76 65
3 34
11 73
15 27
18 82
80 50
61 83
80 8
14 26
57 60
18 24
24 46
41 20
38 28
62 53
32 4
19 83
42 60
48 46
66 1
16 81
12 36
66 45
74 58
80 32
51 70
63 16
41 29
68 27
75 49
41 30
7 46
62 78
73 13
