284 705
228 99
260 276
32 31
135 80
219 277
82 35
120 78
126 284
56 186
224 264
120 232
67 119
109 155
143 193
93 3
278 230
153 1
100 135
33 250
127 66
70 114
121 183
156 212
192 76
128 51
3 95
203 79
87 162
128 284
50 231
70 21
266 156
122 261
38 28
93 118
36 266
175 229
129 57
102 183
153 12
30 218
240 151
44 277
185 192
64 124
3 191
63 84
281 143
22 12
270 165
175 100
279 241
153 194
273 138
67 178
130 282
148 175
174 102
126 251
214 131
257 118
123 226
139 2
74 167
92 250
86 217
150 35
47 12
25 78
129 190
235 192
260 35
44 104
27 179
52 87
129 2
204 79
161 207
279 42
68 41
150 116
225 216
49 283
125 66
105 238
255 233
74 26
115 158
125 214
142 51
179 18
63 212
132 284
51 244
55 237
29 155
216 166
194 49
145 276
97 78
275 24
19 129
40 116
47 82
19 39
123 205
86 250
29 138
91 164
267 110
235 261
60 197
38 15
125 82
178 97
86 8
57 183
156 11
148 104
196 166
199 45
175 240
254 196
280 166
263 78
60 272
26 170
64 132
105 9
113 218
99 253
163 48
19 143
27 229
13 271
272 207
202 208
91 81
17 142
275 76
254 252
133 110
263 1
68 211
152 131
32 174
59 4
43 87
237 223
199 211
223 1
136 177
273 61
118 67
86 44
269 135
219 201
270 203
168 236
280 140
119 80
26 122
108 76
122 143
145 170
238 97
214 112
277 16
86 154
275 151
176 282
107 43
108 172
228 137
55 57
252 114
168 188
184 154
238 137
84 24
182 236
234 178
108 75
85 72
121 111
12 276
29 1
17 117
269 35
47 278
284 283
168 101
37 233
284 178
184 81
6 196
145 112
234 139
22 263
272 124
14 135
93 159
234 267
66 35
205 170
281 108
22 30
89 251
221 177
138 102
153 72
270 116
65 152
56 66
136 263
260 204
145 138
20 157
6 244
165 87
242 183
234 56
218 252
196 252
106 100
58 39
55 214
86 11
64 2
34 190
26 82
236 212
70 81
276 162
270 59
64 101
260 40
6 237
184 89
148 263
264 193
88 46
9 204
185 193
150 190
34 242
25 123
203 39
70 205
100 163
215 141
266 18
58 278
209 267
9 56
177 135
263 196
274 215
207 166
92 241
99 63
275 214
127 37
123 178
224 124
180 262
197 2
142 111
40 1
31 169
269 195
120 170
185 144
99 128
20 24
167 138
279 146
99 271
152 271
101 80
123 171
266 133
245 194
177 166
148 207
128 171
242 18
229 166
42 1
71 187
101 83
228 96
238 269
37 207
63 38
92 201
9 60
262 76
223 109
148 273
169 210
93 94
274 171
116 8
264 237
127 80
266 231
216 144
243 83
194 111
128 44
163 164
161 265
275 33
100 200
209 35
130 66
41 5
265 83
32 152
12 243
131 183
182 259
197 192
84 132
110 183
25 45
120 196
85 180
142 179
193 155
85 93
145 233
58 284
132 222
4 282
91 172
254 42
22 39
219 10
282 192
145 41
2 87
6 71
74 233
121 162
164 191
160 80
5 222
68 170
61 1
19 1
208 165
175 49
274 277
45 75
219 143
165 169
253 268
189 206
97 166
85 57
139 165
242 181
246 253
89 192
148 126
260 69
245 118
259 283
47 245
176 257
68 143
56 238
250 195
228 219
225 179
262 11
202 160
141 277
263 216
55 87
184 94
146 191
81 11
245 167
106 84
243 18
93 269
4 109
216 196
262 235
89 219
66 75
54 43
248 262
161 189
265 135
65 113
21 126
228 240
247 72
58 196
171 51
69 247
199 220
125 177
124 42
3 48
103 124
44 75
159 217
218 244
247 140
175 273
150 15
248 158
12 247
271 242
68 172
246 58
65 281
242 3
57 52
221 84
85 205
71 86
273 162
194 18
228 16
61 193
253 184
260 111
129 95
159 46
40 276
132 262
61 222
58 131
81 135
281 171
206 192
23 87
106 284
9 113
134 92
241 243
200 80
153 138
45 166
160 41
55 83
105 118
118 31
39 35
202 280
72 252
244 80
146 93
22 149
160 257
169 114
115 165
204 189
50 264
174 179
265 277
62 219
31 124
180 267
113 151
121 28
16 87
158 77
121 167
25 58
160 167
187 112
250 169
60 214
32 82
62 52
161 30
178 80
202 41
139 7
215 227
135 254
228 227
105 198
79 43
58 84
95 35
270 254
4 104
175 271
156 52
134 46
234 258
55 24
39 75
39 199
227 57
153 222
26 230
278 215
263 124
278 120
19 95
89 215
160 217
41 192
128 116
23 31
91 42
180 250
135 207
9 235
139 82
96 80
242 189
71 278
105 280
32 5
128 52
108 250
205 96
245 265
206 111
255 217
59 46
282 5
214 149
271 219
122 188
225 212
125 80
255 276
146 193
130 217
148 217
73 3
259 72
73 127
22 259
130 33
204 200
282 193
84 252
123 100
47 230
181 109
239 118
132 213
84 173
8 18
49 138
126 76
156 101
34 66
221 104
121 249
271 24
70 89
139 203
92 55
176 61
208 252
99 60
24 151
115 131
139 154
215 170
17 34
61 15
47 265
141 211
62 107
128 226
29 116
10 45
128 122
34 124
242 15
274 187
225 120
236 211
145 46
17 208
219 199
173 177
74 205
108 72
239 113
173 183
151 144
281 188
25 230
269 230
70 142
231 198
6 170
74 184
97 96
131 159
65 272
154 229
115 264
23 235
230 96
253 271
275 83
93 193
107 155
21 157
21 114
9 193
9 207
109 233
239 259
135 235
62 125
98 4
65 28
98 162
190 211
47 181
36 115
99 173
225 170
213 172
133 131
13 158
71 135
123 94
225 255
7 226
88 172
267 262
105 262
267 206
105 160
70 269
180 269
202 2
32 71
77 214
28 137
179 111
202 158
60 189
153 257
80 172
199 198
203 113
13 56
171 8
71 30
171 77
264 2
20 199
146 183
231 205
99 231
89 216
49 72
61 7
124 3
99 26
27 283
70 97
27 133
246 172
25 132
250 78
260 70
124 162
163 159
137 42
266 251
56 140
105 28
209 87
246 163
169 76
123 118
278 127
145 1
105 237
248 54
145 45
12 135
29 248
190 5
53 61
154 165
33 90
27 209
219 257
25 125
30 166
164 157
171 45
150 104
238 188
