75 982
18 39
57 14
9 69
31 73
73 26
8 10
7 42
7 37
55 61
46 40
7 26
33 14
64 63
14 42
28 14
27 73
51 23
66 15
69 29
25 63
43 63
46 1
54 70
28 42
12 51
30 56
46 42
16 72
64 46
15 32
58 1
4 16
1 15
74 45
25 51
55 26
48 71
58 56
27 39
24 73
75 40
20 65
51 47
29 57
16 21
22 26
73 23
12 37
22 61
48 23
51 52
44 46
1 70
6 73
67 43
67 50
61 71
18 9
35 32
45 1
41 42
38 1
55 5
25 52
19 40
36 37
57 11
19 12
8 20
65 50
23 5
64 35
64 58
72 41
21 32
13 50
10 34
19 73
6 60
31 41
10 67
38 51
69 3
18 56
74 63
64 3
27 25
36 43
10 15
49 75
44 49
30 21
40 26
44 34
46 65
19 66
66 67
9 13
54 48
74 48
57 41
69 72
14 3
1 72
41 71
70 29
30 29
36 72
69 70
31 55
58 25
65 2
59 61
28 56
7 52
62 17
10 63
39 73
18 72
66 54
24 3
11 43
16 71
19 31
9 37
46 55
44 3
57 73
15 56
29 71
48 3
31 35
39 71
24 28
27 71
53 22
25 68
49 43
12 63
36 59
13 52
6 41
13 47
75 14
20 60
15 5
1 49
62 54
15 40
55 52
58 15
49 51
27 48
8 72
24 55
56 41
35 26
25 3
24 43
8 48
59 71
73 52
6 14
72 33
1 71
2 51
10 65
67 21
62 56
33 63
57 52
53 68
6 72
44 75
27 28
58 35
6 51
9 50
46 32
65 33
11 3
7 3
43 71
10 33
69 61
74 57
7 16
53 62
6 33
70 47
55 71
31 2
67 14
9 60
52 41
62 15
35 73
74 50
15 51
4 30
30 35
18 62
58 36
18 61
54 61
54 1
1 61
20 15
9 23
64 11
17 56
6 48
15 41
35 57
11 41
49 24
9 10
4 17
45 72
53 48
30 13
19 60
48 57
53 54
69 65
54 52
4 10
55 32
10 37
74 55
28 2
52 32
60 71
8 46
16 62
75 21
30 23
6 70
18 51
8 2
16 24
30 6
31 26
17 59
40 32
66 47
39 23
8 73
2 14
8 42
30 67
8 70
60 56
12 56
72 3
44 28
70 21
8 63
65 56
58 75
27 57
31 39
58 2
29 23
16 2
25 56
74 44
30 24
42 23
64 62
74 7
9 70
17 5
7 29
73 21
12 33
74 56
25 67
60 12
62 61
53 5
70 13
55 43
60 34
19 33
59 55
26 41
4 35
4 63
46 54
39 68
49 52
6 52
64 67
6 22
45 23
2 25
38 28
6 59
4 71
34 33
36 16
15 13
72 55
31 32
44 12
4 70
66 68
22 63
48 22
7 67
35 13
20 53
65 71
6 65
56 26
9 41
60 27
64 2
28 12
37 63
10 26
45 58
9 51
35 67
52 63
69 14
4 33
53 36
18 55
49 47
12 5
31 75
36 51
4 39
57 61
62 42
30 28
6 36
35 47
21 5
19 67
14 61
46 23
63 23
67 73
58 72
45 26
61 32
66 11
28 25
60 49
58 57
10 22
67 41
36 3
31 3
25 26
59 14
2 5
44 48
3 5
65 22
62 55
18 40
38 52
43 56
8 29
6 5
30 55
53 59
38 26
46 70
58 28
62 65
73 14
72 75
45 50
43 68
18 36
37 61
45 31
7 44
18 41
74 64
28 21
7 47
1 48
45 61
59 26
48 50
8 5
19 15
7 41
39 59
7 73
73 32
25 14
4 55
58 6
6 26
64 56
22 67
39 75
38 50
52 68
19 23
30 72
10 24
17 35
39 57
45 44
74 27
57 47
2 40
8 7
34 12
60 24
9 14
44 50
74 24
24 5
7 69
37 56
60 41
18 19
39 5
59 50
9 36
40 56
53 14
54 40
36 41
20 54
58 52
67 56
44 63
54 22
9 15
12 3
13 71
20 67
72 22
15 43
69 55
52 5
28 67
31 61
56 47
16 67
8 14
6 56
8 40
69 59
7 25
64 23
64 15
35 71
62 49
19 46
9 5
4 32
58 24
58 17
14 63
17 51
17 23
74 1
10 21
51 68
27 52
30 42
16 44
13 42
19 36
59 47
20 59
44 38
18 34
17 32
66 42
9 53
31 5
28 59
4 23
53 38
8 25
43 5
10 27
46 57
74 66
11 73
58 46
38 69
30 38
28 40
58 3
64 33
46 61
4 45
7 43
49 55
65 67
16 1
60 32
27 75
55 42
9 38
1 51
15 42
30 3
48 59
43 50
4 40
12 67
31 60
64 47
68 32
62 28
74 30
11 21
60 23
64 59
7 51
19 30
30 36
38 63
46 5
8 56
53 21
27 55
8 67
1 14
74 23
75 71
16 40
58 61
36 13
68 21
21 23
7 40
46 71
16 29
49 35
53 10
35 37
17 42
48 56
28 5
8 43
31 54
72 12
64 43
60 26
69 1
7 35
13 3
45 57
38 11
8 55
42 71
64 6
17 67
48 32
58 5
64 49
36 44
10 13
53 12
6 37
64 53
31 62
57 51
6 55
46 22
4 22
66 25
60 3
8 31
29 12
2 56
45 11
52 14
49 40
45 37
46 39
25 11
20 17
74 5
34 3
54 71
16 28
4 21
67 5
64 48
34 23
9 68
75 2
42 32
38 23
9 55
46 24
60 57
25 40
64 17
69 46
49 21
62 32
49 2
16 38
72 34
27 11
29 43
29 5
54 37
35 63
49 72
45 62
62 38
29 35
45 73
39 34
45 69
73 42
65 72
19 39
64 37
69 66
58 68
73 55
60 25
58 49
75 26
65 14
29 47
33 52
18 30
45 35
7 9
22 14
20 1
34 73
62 66
75 15
38 15
66 5
16 23
72 42
53 31
62 40
56 5
43 41
49 37
9 67
20 12
44 59
22 71
63 71
36 47
55 50
20 55
30 2
54 56
70 33
4 41
30 70
19 48
69 12
60 13
15 61
70 41
62 5
33 32
31 52
65 55
44 42
75 34
68 26
12 47
18 27
75 57
41 61
60 42
31 66
63 41
38 17
7 2
10 43
28 26
4 20
65 41
20 62
1 60
9 2
65 61
20 46
19 5
24 34
11 32
18 47
64 38
75 61
34 57
65 5
56 42
18 12
2 33
19 38
62 67
47 68
27 50
53 56
39 37
64 29
74 54
54 41
64 71
16 59
66 33
45 51
12 41
45 21
1 33
8 52
39 48
31 1
9 72
64 39
29 68
74 42
29 52
4 51
31 11
53 47
12 59
3 32
53 71
69 54
19 52
16 73
16 63
8 49
8 22
69 5
37 13
75 35
16 3
11 50
27 51
19 6
25 61
72 56
8 33
44 37
69 42
66 71
24 51
30 43
7 14
46 21
54 75
59 32
16 11
62 57
4 72
60 61
22 42
75 3
8 71
15 47
46 15
45 41
36 65
53 44
41 23
22 23
28 17
75 5
36 32
6 68
46 67
36 27
18 60
56 50
7 55
33 59
24 15
6 32
58 50
58 44
64 24
19 37
7 23
64 45
7 62
40 47
69 39
20 6
22 32
51 40
48 63
28 33
73 61
14 32
19 3
54 43
10 69
28 29
2 52
72 68
26 23
73 68
35 51
58 32
46 28
46 25
39 72
75 11
18 37
29 50
51 63
27 72
52 61
29 72
34 71
20 38
21 61
67 57
48 41
65 34
26 42
70 25
22 43
30 57
69 73
45 6
62 41
2 55
34 41
58 48
75 43
8 58
36 75
4 53
7 63
18 42
47 23
57 21
4 13
29 63
16 48
52 47
4 69
65 26
57 32
39 33
38 60
8 13
9 32
64 36
45 29
10 68
38 70
28 48
7 57
4 36
18 71
8 27
19 75
19 44
1 63
18 23
10 70
25 57
62 35
37 3
65 13
31 24
18 14
35 55
25 47
36 34
45 38
10 39
38 72
36 42
58 70
8 75
28 43
28 22
34 68
13 55
73 51
67 32
62 23
1 25
53 41
30 59
60 73
48 47
7 36
49 59
74 62
64 12
66 61
8 34
70 34
53 16
18 58
20 57
74 34
60 5
66 72
31 48
4 11
30 1
66 28
62 71
31 23
6 12
65 12
22 51
58 21
30 49
38 47
26 21
10 51
37 50
45 34
46 47
34 61
53 32
50 26
64 1
8 6
4 24
1 52
15 52
67 55
31 10
30 26
74 75
58 9
9 61
33 56
58 42
66 43
19 68
16 52
47 41
64 5
7 30
68 71
72 5
70 56
38 46
37 5
3 23
45 52
6 3
27 12
62 44
60 59
17 40
31 21
31 42
17 68
19 43
74 20
10 41
64 32
57 43
58 29
10 38
46 73
9 26
32 23
69 63
20 66
10 66
12 40
8 24
